_ws.col.cls_time,frame.time_relative,tcp.time_relative,frame.number,frame.len,ip.src,tcp.srcport,ip.dst,tcp.dstport,tcp.len,tcp.seq,tcp.ack
,"0.000000000","0.000000000","1","60","10.0.0.2","58408","192.168.10.22","8081","0","0","0"
,"0.004841000","0.004841000","2","60","192.168.10.22","8081","10.0.0.2","58408","0","0","1"
,"0.085066000",,"3","76",,,,,,,
,"0.085095000",,"4","48",,,,,,,
,"0.088008000",,"5","76",,,,,,,
,"0.312219000","0.312219000","6","52","10.0.0.2","58408","192.168.10.22","8081","0","1","1"
,"0.312246000","0.312246000","7","89","10.0.0.2","58408","192.168.10.22","8081","37","1","1"
,"0.313505000","0.313505000","8","52","192.168.10.22","8081","10.0.0.2","58408","0","1","38"
,"0.313540000","0.313540000","9","52","192.168.10.22","8081","10.0.0.2","58408","0","1","38"
,"0.313765000","0.313765000","10","53","192.168.10.22","8081","10.0.0.2","58408","1","1","38"
,"0.533524000",,"11","76",,,,,,,
,"0.533546000",,"12","48",,,,,,,
,"0.536113000",,"13","76",,,,,,,
,"0.624867000","0.624867000","14","52","10.0.0.2","58408","192.168.10.22","8081","0","38","2"
,"0.624936000","0.624936000","15","56","10.0.0.2","58408","192.168.10.22","8081","4","38","2"
,"0.624954000","0.624954000","16","100","10.0.0.2","58408","192.168.10.22","8081","48","42","2"
,"0.624968000","0.624968000","17","100","10.0.0.2","58408","192.168.10.22","8081","48","90","2"
,"0.624982000","0.624982000","18","100","10.0.0.2","58408","192.168.10.22","8081","48","138","2"
,"0.626060000","0.626060000","19","52","192.168.10.22","8081","10.0.0.2","58408","0","2","186"
,"0.789020000",,"20","76",,,,,,,
,"0.937391000","0.937391000","21","54","10.0.0.2","58408","192.168.10.22","8081","2","186","2"
,"0.938835000","0.938835000","22","53","192.168.10.22","8081","10.0.0.2","58408","1","2","188"
,"0.981005000",,"23","76",,,,,,,
,"1.108966000",,"24","76",,,,,,,
,"1.250020000","0.000000000","25","60","10.0.0.2","46884","192.168.10.22","8081","0","0","0"
,"1.250053000","1.250053000","26","52","10.0.0.2","58408","192.168.10.22","8081","0","188","3"
,"1.251222000","0.001202000","27","60","192.168.10.22","8081","10.0.0.2","46884","0","0","1"
,"1.557160000",,"28","76",,,,,,,
,"1.562492000","0.312472000","29","52","10.0.0.2","46884","192.168.10.22","8081","0","1","1"
,"1.562520000","0.312500000","30","89","10.0.0.2","46884","192.168.10.22","8081","37","1","1"
,"1.563860000","0.313840000","31","52","192.168.10.22","8081","10.0.0.2","46884","0","1","38"
,"1.563918000","0.313898000","32","52","192.168.10.22","8081","10.0.0.2","46884","0","1","38"
,"1.576063000","1.576063000","33","53","192.168.10.22","8081","10.0.0.2","58408","1","3","188"
,"1.576074000","1.576074000","34","53","192.168.10.22","8081","10.0.0.2","58408","1","4","188"
,"1.576696000","0.326676000","35","140","192.168.10.22","8081","10.0.0.2","46884","88","1","38"
,"1.576707000","0.326687000","36","140","192.168.10.22","8081","10.0.0.2","46884","88","89","38"
,"1.576720000","0.326700000","37","140","192.168.10.22","8081","10.0.0.2","46884","88","177","38"
,"1.576723000","0.326703000","38","140","192.168.10.22","8081","10.0.0.2","46884","88","265","38"
,"1.576734000","0.326714000","39","140","192.168.10.22","8081","10.0.0.2","46884","88","353","38"
,"1.576737000","0.326717000","40","140","192.168.10.22","8081","10.0.0.2","46884","88","441","38"
,"1.576748000","0.326728000","41","140","192.168.10.22","8081","10.0.0.2","46884","88","529","38"
,"1.576751000","0.326731000","42","140","192.168.10.22","8081","10.0.0.2","46884","88","617","38"
,"1.576761000","0.326741000","43","140","192.168.10.22","8081","10.0.0.2","46884","88","705","38"
,"1.576764000","0.326744000","44","140","192.168.10.22","8081","10.0.0.2","46884","88","793","38"
,"1.874283000","1.874283000","45","52","10.0.0.2","58408","192.168.10.22","8081","0","188","4"
,"1.874296000","1.874296000","46","52","10.0.0.2","58408","192.168.10.22","8081","0","188","5"
,"1.874304000","0.624284000","47","52","10.0.0.2","46884","192.168.10.22","8081","0","38","89"
,"1.874310000","0.624290000","48","52","10.0.0.2","46884","192.168.10.22","8081","0","38","177"
,"1.874317000","0.624297000","49","52","10.0.0.2","46884","192.168.10.22","8081","0","38","265"
,"1.874325000","0.624305000","50","52","10.0.0.2","46884","192.168.10.22","8081","0","38","353"
,"1.874333000","0.624313000","51","52","10.0.0.2","46884","192.168.10.22","8081","0","38","441"
,"1.874339000","0.624319000","52","52","10.0.0.2","46884","192.168.10.22","8081","0","38","529"
,"1.874345000","0.624325000","53","52","10.0.0.2","46884","192.168.10.22","8081","0","38","617"
,"1.874353000","0.624333000","54","52","10.0.0.2","46884","192.168.10.22","8081","0","38","705"
,"1.875168000","0.625148000","55","140","192.168.10.22","8081","10.0.0.2","46884","88","881","38"
,"1.875222000","0.625202000","56","140","192.168.10.22","8081","10.0.0.2","46884","88","969","38"
,"1.875253000","0.625233000","57","140","192.168.10.22","8081","10.0.0.2","46884","88","1057","38"
,"1.875287000","0.625267000","58","140","192.168.10.22","8081","10.0.0.2","46884","88","1145","38"
,"1.875310000","0.625290000","59","140","192.168.10.22","8081","10.0.0.2","46884","88","1233","38"
,"1.875316000","0.625296000","60","140","192.168.10.22","8081","10.0.0.2","46884","88","1321","38"
,"1.875360000","0.625340000","61","140","192.168.10.22","8081","10.0.0.2","46884","88","1409","38"
,"1.875366000","0.625346000","62","140","192.168.10.22","8081","10.0.0.2","46884","88","1497","38"
,"1.875387000","0.625367000","63","140","192.168.10.22","8081","10.0.0.2","46884","88","1585","38"
,"1.875393000","0.625373000","64","140","192.168.10.22","8081","10.0.0.2","46884","88","1673","38"
,"1.875413000","0.625393000","65","140","192.168.10.22","8081","10.0.0.2","46884","88","1761","38"
,"1.875418000","0.625398000","66","140","192.168.10.22","8081","10.0.0.2","46884","88","1849","38"
,"1.875439000","0.625419000","67","140","192.168.10.22","8081","10.0.0.2","46884","88","1937","38"
,"1.875444000","0.625424000","68","140","192.168.10.22","8081","10.0.0.2","46884","88","2025","38"
,"1.875464000","0.625444000","69","140","192.168.10.22","8081","10.0.0.2","46884","88","2113","38"
,"1.875470000","0.625450000","70","140","192.168.10.22","8081","10.0.0.2","46884","88","2201","38"
,"1.937513000","0.687493000","71","52","10.0.0.2","46884","192.168.10.22","8081","0","38","793"
,"1.937523000","0.687503000","72","52","10.0.0.2","46884","192.168.10.22","8081","0","38","881"
,"1.938247000","0.688227000","73","140","192.168.10.22","8081","10.0.0.2","46884","88","2289","38"
,"1.938258000","0.688238000","74","140","192.168.10.22","8081","10.0.0.2","46884","88","2377","38"
,"1.938271000","0.688251000","75","140","192.168.10.22","8081","10.0.0.2","46884","88","2465","38"
,"1.938273000","0.688253000","76","140","192.168.10.22","8081","10.0.0.2","46884","88","2553","38"
,"2.187890000","0.937870000","77","52","10.0.0.2","46884","192.168.10.22","8081","0","38","969"
,"2.187907000","0.937887000","78","52","10.0.0.2","46884","192.168.10.22","8081","0","38","1057"
,"2.187913000","0.937893000","79","52","10.0.0.2","46884","192.168.10.22","8081","0","38","1145"
,"2.187916000","0.937896000","80","52","10.0.0.2","46884","192.168.10.22","8081","0","38","1233"
,"2.187921000","0.937901000","81","52","10.0.0.2","46884","192.168.10.22","8081","0","38","1321"
,"2.187925000","0.937905000","82","52","10.0.0.2","46884","192.168.10.22","8081","0","38","1409"
,"2.187928000","0.937908000","83","52","10.0.0.2","46884","192.168.10.22","8081","0","38","1585"
,"2.187931000","0.937911000","84","52","10.0.0.2","46884","192.168.10.22","8081","0","38","1761"
,"2.188660000","0.938640000","85","140","192.168.10.22","8081","10.0.0.2","46884","88","2641","38"
,"2.188672000","0.938652000","86","140","192.168.10.22","8081","10.0.0.2","46884","88","2729","38"
,"2.188687000","0.938667000","87","140","192.168.10.22","8081","10.0.0.2","46884","88","2817","38"
,"2.188691000","0.938671000","88","140","192.168.10.22","8081","10.0.0.2","46884","88","2905","38"
,"2.188892000","0.938872000","89","140","192.168.10.22","8081","10.0.0.2","46884","88","2993","38"
,"2.188898000","0.938878000","90","140","192.168.10.22","8081","10.0.0.2","46884","88","3081","38"
,"2.188909000","0.938889000","91","140","192.168.10.22","8081","10.0.0.2","46884","88","3169","38"
,"2.188912000","0.938892000","92","140","192.168.10.22","8081","10.0.0.2","46884","88","3257","38"
,"2.188923000","0.938903000","93","140","192.168.10.22","8081","10.0.0.2","46884","88","3345","38"
,"2.188940000","0.938920000","94","140","192.168.10.22","8081","10.0.0.2","46884","88","3433","38"
,"2.188951000","0.938931000","95","140","192.168.10.22","8081","10.0.0.2","46884","88","3521","38"
,"2.188954000","0.938934000","96","140","192.168.10.22","8081","10.0.0.2","46884","88","3609","38"
,"2.188966000","0.938946000","97","140","192.168.10.22","8081","10.0.0.2","46884","88","3697","38"
,"2.188969000","0.938949000","98","140","192.168.10.22","8081","10.0.0.2","46884","88","3785","38"
,"2.188980000","0.938960000","99","140","192.168.10.22","8081","10.0.0.2","46884","88","3873","38"
,"2.188983000","0.938963000","100","140","192.168.10.22","8081","10.0.0.2","46884","88","3961","38"
,"2.188994000","0.938974000","101","140","192.168.10.22","8081","10.0.0.2","46884","88","4049","38"
,"2.188997000","0.938977000","102","140","192.168.10.22","8081","10.0.0.2","46884","88","4137","38"
,"2.189007000","0.938987000","103","140","192.168.10.22","8081","10.0.0.2","46884","88","4225","38"
,"2.189010000","0.938990000","104","140","192.168.10.22","8081","10.0.0.2","46884","88","4313","38"
,"2.249054000","0.999034000","105","52","10.0.0.2","46884","192.168.10.22","8081","0","38","2553"
,"2.249064000","0.999044000","106","52","10.0.0.2","46884","192.168.10.22","8081","0","38","2641"
,"2.249824000","0.999804000","107","140","192.168.10.22","8081","10.0.0.2","46884","88","4401","38"
,"2.249833000","0.999813000","108","140","192.168.10.22","8081","10.0.0.2","46884","88","4489","38"
,"2.249864000","0.999844000","109","140","192.168.10.22","8081","10.0.0.2","46884","88","4577","38"
,"2.249867000","0.999847000","110","140","192.168.10.22","8081","10.0.0.2","46884","88","4665","38"
,"2.249887000","0.999867000","111","140","192.168.10.22","8081","10.0.0.2","46884","88","4753","38"
,"2.249891000","0.999871000","112","140","192.168.10.22","8081","10.0.0.2","46884","88","4841","38"
,"2.249902000","0.999882000","113","140","192.168.10.22","8081","10.0.0.2","46884","88","4929","38"
,"2.249905000","0.999885000","114","140","192.168.10.22","8081","10.0.0.2","46884","88","5017","38"
,"2.249931000","0.999911000","115","140","192.168.10.22","8081","10.0.0.2","46884","88","5105","38"
,"2.249935000","0.999915000","116","140","192.168.10.22","8081","10.0.0.2","46884","88","5193","38"
,"2.249945000","0.999925000","117","140","192.168.10.22","8081","10.0.0.2","46884","88","5281","38"
,"2.249948000","0.999928000","118","140","192.168.10.22","8081","10.0.0.2","46884","88","5369","38"
,"2.249959000","0.999939000","119","140","192.168.10.22","8081","10.0.0.2","46884","88","5457","38"
,"2.249961000","0.999941000","120","140","192.168.10.22","8081","10.0.0.2","46884","88","5545","38"
,"2.249987000","0.999967000","121","140","192.168.10.22","8081","10.0.0.2","46884","88","5633","38"
,"2.249990000","0.999970000","122","140","192.168.10.22","8081","10.0.0.2","46884","88","5721","38"
,"2.250001000","0.999981000","123","140","192.168.10.22","8081","10.0.0.2","46884","88","5809","38"
,"2.250004000","0.999984000","124","140","192.168.10.22","8081","10.0.0.2","46884","88","5897","38"
,"2.250015000","0.999995000","125","140","192.168.10.22","8081","10.0.0.2","46884","88","5985","38"
,"2.250018000","0.999998000","126","140","192.168.10.22","8081","10.0.0.2","46884","88","6073","38"
,"2.499398000","1.249378000","127","52","10.0.0.2","46884","192.168.10.22","8081","0","38","3433"
,"2.499408000","1.249388000","128","52","10.0.0.2","46884","192.168.10.22","8081","0","38","3521"
,"2.500047000","1.250027000","129","140","192.168.10.22","8081","10.0.0.2","46884","88","6161","38"
,"2.500055000","1.250035000","130","140","192.168.10.22","8081","10.0.0.2","46884","88","6249","38"
,"2.500066000","1.250046000","131","140","192.168.10.22","8081","10.0.0.2","46884","88","6337","38"
,"2.500069000","1.250049000","132","140","192.168.10.22","8081","10.0.0.2","46884","88","6425","38"
,"2.500243000","1.250223000","133","140","192.168.10.22","8081","10.0.0.2","46884","88","6513","38"
,"2.500247000","1.250227000","134","140","192.168.10.22","8081","10.0.0.2","46884","88","6601","38"
,"2.500259000","1.250239000","135","140","192.168.10.22","8081","10.0.0.2","46884","88","6689","38"
,"2.500262000","1.250242000","136","140","192.168.10.22","8081","10.0.0.2","46884","88","6777","38"
,"2.500273000","1.250253000","137","140","192.168.10.22","8081","10.0.0.2","46884","88","6865","38"
,"2.500276000","1.250256000","138","140","192.168.10.22","8081","10.0.0.2","46884","88","6953","38"
,"2.500287000","1.250267000","139","140","192.168.10.22","8081","10.0.0.2","46884","88","7041","38"
,"2.500289000","1.250269000","140","140","192.168.10.22","8081","10.0.0.2","46884","88","7129","38"
,"2.500312000","1.250292000","141","140","192.168.10.22","8081","10.0.0.2","46884","88","7217","38"
,"2.500315000","1.250295000","142","140","192.168.10.22","8081","10.0.0.2","46884","88","7305","38"
,"2.500326000","1.250306000","143","140","192.168.10.22","8081","10.0.0.2","46884","88","7393","38"
,"2.500329000","1.250309000","144","140","192.168.10.22","8081","10.0.0.2","46884","88","7481","38"
,"2.500339000","1.250319000","145","140","192.168.10.22","8081","10.0.0.2","46884","88","7569","38"
,"2.500342000","1.250322000","146","140","192.168.10.22","8081","10.0.0.2","46884","88","7657","38"
,"2.500352000","1.250332000","147","140","192.168.10.22","8081","10.0.0.2","46884","88","7745","38"
,"2.500355000","1.250335000","148","140","192.168.10.22","8081","10.0.0.2","46884","88","7833","38"
,"2.562518000","1.312498000","149","52","10.0.0.2","46884","192.168.10.22","8081","0","38","4401"
,"2.563711000","1.313691000","150","140","192.168.10.22","8081","10.0.0.2","46884","88","7921","38"
,"2.563742000","1.313722000","151","140","192.168.10.22","8081","10.0.0.2","46884","88","8009","38"
,"2.563805000","1.313785000","152","140","192.168.10.22","8081","10.0.0.2","46884","88","8097","38"
,"2.563821000","1.313801000","153","140","192.168.10.22","8081","10.0.0.2","46884","88","8185","38"
,"2.563903000","1.313883000","154","140","192.168.10.22","8081","10.0.0.2","46884","88","8273","38"
,"2.563922000","1.313902000","155","140","192.168.10.22","8081","10.0.0.2","46884","88","8361","38"
,"2.563969000","1.313949000","156","140","192.168.10.22","8081","10.0.0.2","46884","88","8449","38"
,"2.563981000","1.313961000","157","140","192.168.10.22","8081","10.0.0.2","46884","88","8537","38"
,"2.564025000","1.314005000","158","140","192.168.10.22","8081","10.0.0.2","46884","88","8625","38"
,"2.564038000","1.314018000","159","140","192.168.10.22","8081","10.0.0.2","46884","88","8713","38"
,"2.564083000","1.314063000","160","140","192.168.10.22","8081","10.0.0.2","46884","88","8801","38"
,"2.564097000","1.314077000","161","140","192.168.10.22","8081","10.0.0.2","46884","88","8889","38"
,"2.564142000","1.314122000","162","140","192.168.10.22","8081","10.0.0.2","46884","88","8977","38"
,"2.564156000","1.314136000","163","140","192.168.10.22","8081","10.0.0.2","46884","88","9065","38"
,"2.564200000","1.314180000","164","140","192.168.10.22","8081","10.0.0.2","46884","88","9153","38"
,"2.564213000","1.314193000","165","140","192.168.10.22","8081","10.0.0.2","46884","88","9241","38"
,"2.564257000","1.314237000","166","140","192.168.10.22","8081","10.0.0.2","46884","88","9329","38"
,"2.564270000","1.314250000","167","140","192.168.10.22","8081","10.0.0.2","46884","88","9417","38"
,"2.564313000","1.314293000","168","140","192.168.10.22","8081","10.0.0.2","46884","88","9505","38"
,"2.564326000","1.314306000","169","140","192.168.10.22","8081","10.0.0.2","46884","88","9593","38"
,"2.624183000","1.374163000","170","52","10.0.0.2","46884","192.168.10.22","8081","0","38","5369"
,"2.624924000","1.374904000","171","140","192.168.10.22","8081","10.0.0.2","46884","88","9681","38"
,"2.624934000","1.374914000","172","140","192.168.10.22","8081","10.0.0.2","46884","88","9769","38"
,"2.624967000","1.374947000","173","140","192.168.10.22","8081","10.0.0.2","46884","88","9857","38"
,"2.624970000","1.374950000","174","140","192.168.10.22","8081","10.0.0.2","46884","88","9945","38"
,"2.624982000","1.374962000","175","140","192.168.10.22","8081","10.0.0.2","46884","88","10033","38"
,"2.624985000","1.374965000","176","140","192.168.10.22","8081","10.0.0.2","46884","88","10121","38"
,"2.624996000","1.374976000","177","140","192.168.10.22","8081","10.0.0.2","46884","88","10209","38"
,"2.625002000","1.374982000","178","140","192.168.10.22","8081","10.0.0.2","46884","88","10297","38"
,"2.625027000","1.375007000","179","140","192.168.10.22","8081","10.0.0.2","46884","88","10385","38"
,"2.625030000","1.375010000","180","140","192.168.10.22","8081","10.0.0.2","46884","88","10473","38"
,"2.625040000","1.375020000","181","140","192.168.10.22","8081","10.0.0.2","46884","88","10561","38"
,"2.625043000","1.375023000","182","140","192.168.10.22","8081","10.0.0.2","46884","88","10649","38"
,"2.625054000","1.375034000","183","140","192.168.10.22","8081","10.0.0.2","46884","88","10737","38"
,"2.625057000","1.375037000","184","140","192.168.10.22","8081","10.0.0.2","46884","88","10825","38"
,"2.625067000","1.375047000","185","140","192.168.10.22","8081","10.0.0.2","46884","88","10913","38"
,"2.625070000","1.375050000","186","140","192.168.10.22","8081","10.0.0.2","46884","88","11001","38"
,"2.625125000","1.375105000","187","140","192.168.10.22","8081","10.0.0.2","46884","88","11089","38"
,"2.625130000","1.375110000","188","140","192.168.10.22","8081","10.0.0.2","46884","88","11177","38"
,"2.625140000","1.375120000","189","140","192.168.10.22","8081","10.0.0.2","46884","88","11265","38"
,"2.625143000","1.375123000","190","140","192.168.10.22","8081","10.0.0.2","46884","88","11353","38"
,"2.625178000","1.375158000","191","140","192.168.10.22","8081","10.0.0.2","46884","88","11441","38"
,"2.625182000","1.375162000","192","140","192.168.10.22","8081","10.0.0.2","46884","88","11529","38"
,"2.687372000","1.437352000","193","52","10.0.0.2","46884","192.168.10.22","8081","0","38","5545"
,"2.687381000","1.437361000","194","52","10.0.0.2","46884","192.168.10.22","8081","0","38","6161"
,"2.688510000","1.438490000","195","140","192.168.10.22","8081","10.0.0.2","46884","88","11617","38"
,"2.688539000","1.438519000","196","140","192.168.10.22","8081","10.0.0.2","46884","88","11705","38"
,"2.688603000","1.438583000","197","140","192.168.10.22","8081","10.0.0.2","46884","88","11793","38"
,"2.688620000","1.438600000","198","140","192.168.10.22","8081","10.0.0.2","46884","88","11881","38"
,"2.688674000","1.438654000","199","140","192.168.10.22","8081","10.0.0.2","46884","88","11969","38"
,"2.688690000","1.438670000","200","140","192.168.10.22","8081","10.0.0.2","46884","88","12057","38"
,"2.688737000","1.438717000","201","140","192.168.10.22","8081","10.0.0.2","46884","88","12145","38"
,"2.688749000","1.438729000","202","140","192.168.10.22","8081","10.0.0.2","46884","88","12233","38"
,"2.688793000","1.438773000","203","140","192.168.10.22","8081","10.0.0.2","46884","88","12321","38"
,"2.688807000","1.438787000","204","140","192.168.10.22","8081","10.0.0.2","46884","88","12409","38"
,"2.688851000","1.438831000","205","140","192.168.10.22","8081","10.0.0.2","46884","88","12497","38"
,"2.688865000","1.438845000","206","140","192.168.10.22","8081","10.0.0.2","46884","88","12585","38"
,"2.688938000","1.438918000","207","140","192.168.10.22","8081","10.0.0.2","46884","88","12673","38"
,"2.688955000","1.438935000","208","140","192.168.10.22","8081","10.0.0.2","46884","88","12761","38"
,"2.689000000","1.438980000","209","140","192.168.10.22","8081","10.0.0.2","46884","88","12849","38"
,"2.689011000","1.438991000","210","140","192.168.10.22","8081","10.0.0.2","46884","88","12937","38"
,"2.689055000","1.439035000","211","140","192.168.10.22","8081","10.0.0.2","46884","88","13025","38"
,"2.689068000","1.439048000","212","140","192.168.10.22","8081","10.0.0.2","46884","88","13113","38"
,"2.812540000","1.562520000","213","52","10.0.0.2","46884","192.168.10.22","8081","0","38","7041"
,"2.813435000","1.563415000","214","140","192.168.10.22","8081","10.0.0.2","46884","88","13201","38"
,"2.813457000","1.563437000","215","140","192.168.10.22","8081","10.0.0.2","46884","88","13289","38"
,"2.813507000","1.563487000","216","140","192.168.10.22","8081","10.0.0.2","46884","88","13377","38"
,"2.813518000","1.563498000","217","140","192.168.10.22","8081","10.0.0.2","46884","88","13465","38"
,"2.813563000","1.563543000","218","140","192.168.10.22","8081","10.0.0.2","46884","88","13553","38"
,"2.813574000","1.563554000","219","140","192.168.10.22","8081","10.0.0.2","46884","88","13641","38"
,"2.874615000","1.624595000","220","52","10.0.0.2","46884","192.168.10.22","8081","0","38","7921"
,"2.875478000","1.625458000","221","140","192.168.10.22","8081","10.0.0.2","46884","88","13729","38"
,"2.875499000","1.625479000","222","140","192.168.10.22","8081","10.0.0.2","46884","88","13817","38"
,"2.875547000","1.625527000","223","140","192.168.10.22","8081","10.0.0.2","46884","88","13905","38"
,"2.875559000","1.625539000","224","140","192.168.10.22","8081","10.0.0.2","46884","88","13993","38"
,"2.875603000","1.625583000","225","140","192.168.10.22","8081","10.0.0.2","46884","88","14081","38"
,"2.875614000","1.625594000","226","140","192.168.10.22","8081","10.0.0.2","46884","88","14169","38"
,"2.875659000","1.625639000","227","140","192.168.10.22","8081","10.0.0.2","46884","88","14257","38"
,"2.875671000","1.625651000","228","140","192.168.10.22","8081","10.0.0.2","46884","88","14345","38"
,"2.875716000","1.625696000","229","140","192.168.10.22","8081","10.0.0.2","46884","88","14433","38"
,"2.875730000","1.625710000","230","140","192.168.10.22","8081","10.0.0.2","46884","88","14521","38"
,"2.937989000","1.687969000","231","52","10.0.0.2","46884","192.168.10.22","8081","0","38","8713"
,"2.938015000","1.687995000","232","52","10.0.0.2","46884","192.168.10.22","8081","0","38","8889"
,"2.939108000","1.689088000","233","140","192.168.10.22","8081","10.0.0.2","46884","88","14609","38"
,"2.939138000","1.689118000","234","140","192.168.10.22","8081","10.0.0.2","46884","88","14697","38"
,"2.939200000","1.689180000","235","140","192.168.10.22","8081","10.0.0.2","46884","88","14785","38"
,"2.939216000","1.689196000","236","140","192.168.10.22","8081","10.0.0.2","46884","88","14873","38"
,"2.939269000","1.689249000","237","140","192.168.10.22","8081","10.0.0.2","46884","88","14961","38"
,"2.939286000","1.689266000","238","140","192.168.10.22","8081","10.0.0.2","46884","88","15049","38"
,"2.939335000","1.689315000","239","140","192.168.10.22","8081","10.0.0.2","46884","88","15137","38"
,"2.939347000","1.689327000","240","140","192.168.10.22","8081","10.0.0.2","46884","88","15225","38"
,"2.939392000","1.689372000","241","140","192.168.10.22","8081","10.0.0.2","46884","88","15313","38"
,"2.939407000","1.689387000","242","140","192.168.10.22","8081","10.0.0.2","46884","88","15401","38"
,"2.939463000","1.689443000","243","140","192.168.10.22","8081","10.0.0.2","46884","88","15489","38"
,"2.939477000","1.689457000","244","140","192.168.10.22","8081","10.0.0.2","46884","88","15577","38"
,"2.998980000","1.748960000","245","52","10.0.0.2","46884","192.168.10.22","8081","0","38","9769"
,"3.000017000","1.749997000","246","140","192.168.10.22","8081","10.0.0.2","46884","88","15665","38"
,"3.000041000","1.750021000","247","140","192.168.10.22","8081","10.0.0.2","46884","88","15753","38"
,"3.000091000","1.750071000","248","140","192.168.10.22","8081","10.0.0.2","46884","88","15841","38"
,"3.000103000","1.750083000","249","140","192.168.10.22","8081","10.0.0.2","46884","88","15929","38"
,"3.000147000","1.750127000","250","140","192.168.10.22","8081","10.0.0.2","46884","88","16017","38"
,"3.000158000","1.750138000","251","140","192.168.10.22","8081","10.0.0.2","46884","88","16105","38"
,"3.000202000","1.750182000","252","140","192.168.10.22","8081","10.0.0.2","46884","88","16193","38"
,"3.000214000","1.750194000","253","140","192.168.10.22","8081","10.0.0.2","46884","88","16281","38"
,"3.000258000","1.750238000","254","140","192.168.10.22","8081","10.0.0.2","46884","88","16369","38"
,"3.000271000","1.750251000","255","140","192.168.10.22","8081","10.0.0.2","46884","88","16457","38"
,"3.062081000","1.812061000","256","52","10.0.0.2","46884","192.168.10.22","8081","0","38","10737"
,"3.063045000","1.813025000","257","140","192.168.10.22","8081","10.0.0.2","46884","88","16545","38"
,"3.063069000","1.813049000","258","140","192.168.10.22","8081","10.0.0.2","46884","88","16633","38"
,"3.063118000","1.813098000","259","140","192.168.10.22","8081","10.0.0.2","46884","88","16721","38"
,"3.063130000","1.813110000","260","140","192.168.10.22","8081","10.0.0.2","46884","88","16809","38"
,"3.063174000","1.813154000","261","140","192.168.10.22","8081","10.0.0.2","46884","88","16897","38"
,"3.063185000","1.813165000","262","140","192.168.10.22","8081","10.0.0.2","46884","88","16985","38"
,"3.063228000","1.813208000","263","140","192.168.10.22","8081","10.0.0.2","46884","88","17073","38"
,"3.063239000","1.813219000","264","140","192.168.10.22","8081","10.0.0.2","46884","88","17161","38"
,"3.063284000","1.813264000","265","140","192.168.10.22","8081","10.0.0.2","46884","88","17249","38"
,"3.063302000","1.813282000","266","140","192.168.10.22","8081","10.0.0.2","46884","88","17337","38"
,"3.124125000","1.874105000","267","52","10.0.0.2","46884","192.168.10.22","8081","0","38","11617"
,"3.125057000","1.875037000","268","140","192.168.10.22","8081","10.0.0.2","46884","88","17425","38"
,"3.125081000","1.875061000","269","140","192.168.10.22","8081","10.0.0.2","46884","88","17513","38"
,"3.125129000","1.875109000","270","140","192.168.10.22","8081","10.0.0.2","46884","88","17601","38"
,"3.125141000","1.875121000","271","140","192.168.10.22","8081","10.0.0.2","46884","88","17689","38"
,"3.125186000","1.875166000","272","140","192.168.10.22","8081","10.0.0.2","46884","88","17777","38"
,"3.125197000","1.875177000","273","140","192.168.10.22","8081","10.0.0.2","46884","88","17865","38"
,"3.125241000","1.875221000","274","140","192.168.10.22","8081","10.0.0.2","46884","88","17953","38"
,"3.125252000","1.875232000","275","140","192.168.10.22","8081","10.0.0.2","46884","88","18041","38"
,"3.125297000","1.875277000","276","140","192.168.10.22","8081","10.0.0.2","46884","88","18129","38"
,"3.125311000","1.875291000","277","140","192.168.10.22","8081","10.0.0.2","46884","88","18217","38"
,"3.187712000","1.937692000","278","52","10.0.0.2","46884","192.168.10.22","8081","0","38","12409"
,"3.187719000","1.937699000","279","52","10.0.0.2","46884","192.168.10.22","8081","0","38","12585"
,"3.188788000","1.938768000","280","140","192.168.10.22","8081","10.0.0.2","46884","88","18305","38"
,"3.188818000","1.938798000","281","140","192.168.10.22","8081","10.0.0.2","46884","88","18393","38"
,"3.188917000","1.938897000","282","140","192.168.10.22","8081","10.0.0.2","46884","88","18481","38"
,"3.188939000","1.938919000","283","140","192.168.10.22","8081","10.0.0.2","46884","88","18569","38"
,"3.188995000","1.938975000","284","140","192.168.10.22","8081","10.0.0.2","46884","88","18657","38"
,"3.189008000","1.938988000","285","140","192.168.10.22","8081","10.0.0.2","46884","88","18745","38"
,"3.189055000","1.939035000","286","140","192.168.10.22","8081","10.0.0.2","46884","88","18833","38"
,"3.189078000","1.939058000","287","140","192.168.10.22","8081","10.0.0.2","46884","88","18921","38"
,"3.189122000","1.939102000","288","140","192.168.10.22","8081","10.0.0.2","46884","88","19009","38"
,"3.189137000","1.939117000","289","140","192.168.10.22","8081","10.0.0.2","46884","88","19097","38"
,"3.189181000","1.939161000","290","140","192.168.10.22","8081","10.0.0.2","46884","88","19185","38"
,"3.189193000","1.939173000","291","140","192.168.10.22","8081","10.0.0.2","46884","88","19273","38"
,"3.249575000","1.999555000","292","52","10.0.0.2","46884","192.168.10.22","8081","0","38","13377"
,"3.249601000","1.999581000","293","52","10.0.0.2","46884","192.168.10.22","8081","0","38","13465"
,"3.250663000","2.000643000","294","140","192.168.10.22","8081","10.0.0.2","46884","88","19361","38"
,"3.250694000","2.000674000","295","140","192.168.10.22","8081","10.0.0.2","46884","88","19449","38"
,"3.250755000","2.000735000","296","140","192.168.10.22","8081","10.0.0.2","46884","88","19537","38"
,"3.250771000","2.000751000","297","140","192.168.10.22","8081","10.0.0.2","46884","88","19625","38"
,"3.250826000","2.000806000","298","140","192.168.10.22","8081","10.0.0.2","46884","88","19713","38"
,"3.250841000","2.000821000","299","140","192.168.10.22","8081","10.0.0.2","46884","88","19801","38"
,"3.250915000","2.000895000","300","140","192.168.10.22","8081","10.0.0.2","46884","88","19889","38"
,"3.250929000","2.000909000","301","140","192.168.10.22","8081","10.0.0.2","46884","88","19977","38"
,"3.312813000","2.062793000","302","52","10.0.0.2","46884","192.168.10.22","8081","0","38","14257"
,"3.312822000","2.062802000","303","52","10.0.0.2","46884","192.168.10.22","8081","0","38","14433"
,"3.313947000","2.063927000","304","140","192.168.10.22","8081","10.0.0.2","46884","88","20065","38"
,"3.313977000","2.063957000","305","140","192.168.10.22","8081","10.0.0.2","46884","88","20153","38"
,"3.314042000","2.064022000","306","140","192.168.10.22","8081","10.0.0.2","46884","88","20241","38"
,"3.314058000","2.064038000","307","140","192.168.10.22","8081","10.0.0.2","46884","88","20329","38"
,"3.314111000","2.064091000","308","140","192.168.10.22","8081","10.0.0.2","46884","88","20417","38"
,"3.314123000","2.064103000","309","140","192.168.10.22","8081","10.0.0.2","46884","88","20505","38"
,"3.314169000","2.064149000","310","140","192.168.10.22","8081","10.0.0.2","46884","88","20593","38"
,"3.314180000","2.064160000","311","140","192.168.10.22","8081","10.0.0.2","46884","88","20681","38"
,"3.314226000","2.064206000","312","140","192.168.10.22","8081","10.0.0.2","46884","88","20769","38"
,"3.314239000","2.064219000","313","140","192.168.10.22","8081","10.0.0.2","46884","88","20857","38"
,"3.314283000","2.064263000","314","140","192.168.10.22","8081","10.0.0.2","46884","88","20945","38"
,"3.314296000","2.064276000","315","140","192.168.10.22","8081","10.0.0.2","46884","88","21033","38"
,"3.374973000","2.124953000","316","52","10.0.0.2","46884","192.168.10.22","8081","0","38","15313"
,"3.375849000","2.125829000","317","140","192.168.10.22","8081","10.0.0.2","46884","88","21121","38"
,"3.375865000","2.125845000","318","140","192.168.10.22","8081","10.0.0.2","46884","88","21209","38"
,"3.375886000","2.125866000","319","140","192.168.10.22","8081","10.0.0.2","46884","88","21297","38"
,"3.375889000","2.125869000","320","140","192.168.10.22","8081","10.0.0.2","46884","88","21385","38"
,"3.375900000","2.125880000","321","140","192.168.10.22","8081","10.0.0.2","46884","88","21473","38"
,"3.375903000","2.125883000","322","140","192.168.10.22","8081","10.0.0.2","46884","88","21561","38"
,"3.375914000","2.125894000","323","140","192.168.10.22","8081","10.0.0.2","46884","88","21649","38"
,"3.375917000","2.125897000","324","140","192.168.10.22","8081","10.0.0.2","46884","88","21737","38"
,"3.375928000","2.125908000","325","140","192.168.10.22","8081","10.0.0.2","46884","88","21825","38"
,"3.375931000","2.125911000","326","140","192.168.10.22","8081","10.0.0.2","46884","88","21913","38"
,"3.437321000","2.187301000","327","52","10.0.0.2","46884","192.168.10.22","8081","0","38","16105"
,"3.437350000","2.187330000","328","52","10.0.0.2","46884","192.168.10.22","8081","0","38","16193"
,"3.438389000","2.188369000","329","140","192.168.10.22","8081","10.0.0.2","46884","88","22001","38"
,"3.438419000","2.188399000","330","140","192.168.10.22","8081","10.0.0.2","46884","88","22089","38"
,"3.438481000","2.188461000","331","140","192.168.10.22","8081","10.0.0.2","46884","88","22177","38"
,"3.438495000","2.188475000","332","140","192.168.10.22","8081","10.0.0.2","46884","88","22265","38"
,"3.438549000","2.188529000","333","140","192.168.10.22","8081","10.0.0.2","46884","88","22353","38"
,"3.438564000","2.188544000","334","140","192.168.10.22","8081","10.0.0.2","46884","88","22441","38"
,"3.438616000","2.188596000","335","140","192.168.10.22","8081","10.0.0.2","46884","88","22529","38"
,"3.438628000","2.188608000","336","140","192.168.10.22","8081","10.0.0.2","46884","88","22617","38"
,"3.438673000","2.188653000","337","140","192.168.10.22","8081","10.0.0.2","46884","88","22705","38"
,"3.438687000","2.188667000","338","140","192.168.10.22","8081","10.0.0.2","46884","88","22793","38"
,"3.499196000","2.249176000","339","52","10.0.0.2","46884","192.168.10.22","8081","0","38","16985"
,"3.499221000","2.249201000","340","52","10.0.0.2","46884","192.168.10.22","8081","0","38","17161"
,"3.500248000","2.250228000","341","140","192.168.10.22","8081","10.0.0.2","46884","88","22881","38"
,"3.500276000","2.250256000","342","140","192.168.10.22","8081","10.0.0.2","46884","88","22969","38"
,"3.500325000","2.250305000","343","140","192.168.10.22","8081","10.0.0.2","46884","88","23057","38"
,"3.500337000","2.250317000","344","140","192.168.10.22","8081","10.0.0.2","46884","88","23145","38"
,"3.500381000","2.250361000","345","140","192.168.10.22","8081","10.0.0.2","46884","88","23233","38"
,"3.500393000","2.250373000","346","140","192.168.10.22","8081","10.0.0.2","46884","88","23321","38"
,"3.500437000","2.250417000","347","140","192.168.10.22","8081","10.0.0.2","46884","88","23409","38"
,"3.500448000","2.250428000","348","140","192.168.10.22","8081","10.0.0.2","46884","88","23497","38"
,"3.500492000","2.250472000","349","140","192.168.10.22","8081","10.0.0.2","46884","88","23585","38"
,"3.500504000","2.250484000","350","140","192.168.10.22","8081","10.0.0.2","46884","88","23673","38"
,"3.562577000","2.312557000","351","52","10.0.0.2","46884","192.168.10.22","8081","0","38","18041"
,"3.563635000","2.313615000","352","140","192.168.10.22","8081","10.0.0.2","46884","88","23761","38"
,"3.563665000","2.313645000","353","140","192.168.10.22","8081","10.0.0.2","46884","88","23849","38"
,"3.563725000","2.313705000","354","140","192.168.10.22","8081","10.0.0.2","46884","88","23937","38"
,"3.563741000","2.313721000","355","140","192.168.10.22","8081","10.0.0.2","46884","88","24025","38"
,"3.563796000","2.313776000","356","140","192.168.10.22","8081","10.0.0.2","46884","88","24113","38"
,"3.563811000","2.313791000","357","140","192.168.10.22","8081","10.0.0.2","46884","88","24201","38"
,"3.563861000","2.313841000","358","140","192.168.10.22","8081","10.0.0.2","46884","88","24289","38"
,"3.563899000","2.313879000","359","140","192.168.10.22","8081","10.0.0.2","46884","88","24377","38"
,"3.563956000","2.313936000","360","140","192.168.10.22","8081","10.0.0.2","46884","88","24465","38"
,"3.563970000","2.313950000","361","140","192.168.10.22","8081","10.0.0.2","46884","88","24553","38"
,"3.624150000","2.374130000","362","52","10.0.0.2","46884","192.168.10.22","8081","0","38","18481"
,"3.624159000","2.374139000","363","52","10.0.0.2","46884","192.168.10.22","8081","0","38","19009"
,"3.625130000","2.375110000","364","140","192.168.10.22","8081","10.0.0.2","46884","88","24641","38"
,"3.625151000","2.375131000","365","140","192.168.10.22","8081","10.0.0.2","46884","88","24729","38"
,"3.625201000","2.375181000","366","140","192.168.10.22","8081","10.0.0.2","46884","88","24817","38"
,"3.625213000","2.375193000","367","140","192.168.10.22","8081","10.0.0.2","46884","88","24905","38"
,"3.625259000","2.375239000","368","140","192.168.10.22","8081","10.0.0.2","46884","88","24993","38"
,"3.625270000","2.375250000","369","140","192.168.10.22","8081","10.0.0.2","46884","88","25081","38"
,"3.625315000","2.375295000","370","140","192.168.10.22","8081","10.0.0.2","46884","88","25169","38"
,"3.625327000","2.375307000","371","140","192.168.10.22","8081","10.0.0.2","46884","88","25257","38"
,"3.625371000","2.375351000","372","140","192.168.10.22","8081","10.0.0.2","46884","88","25345","38"
,"3.625385000","2.375365000","373","140","192.168.10.22","8081","10.0.0.2","46884","88","25433","38"
,"3.625429000","2.375409000","374","140","192.168.10.22","8081","10.0.0.2","46884","88","25521","38"
,"3.625452000","2.375432000","375","140","192.168.10.22","8081","10.0.0.2","46884","88","25609","38"
,"3.687775000","2.437755000","376","52","10.0.0.2","46884","192.168.10.22","8081","0","38","19889"
,"3.688822000","2.438802000","377","140","192.168.10.22","8081","10.0.0.2","46884","88","25697","38"
,"3.688853000","2.438833000","378","140","192.168.10.22","8081","10.0.0.2","46884","88","25785","38"
,"3.688958000","2.438938000","379","140","192.168.10.22","8081","10.0.0.2","46884","88","25873","38"
,"3.688978000","2.438958000","380","140","192.168.10.22","8081","10.0.0.2","46884","88","25961","38"
,"3.689031000","2.439011000","381","140","192.168.10.22","8081","10.0.0.2","46884","88","26049","38"
,"3.689043000","2.439023000","382","140","192.168.10.22","8081","10.0.0.2","46884","88","26137","38"
,"3.689087000","2.439067000","383","140","192.168.10.22","8081","10.0.0.2","46884","88","26225","38"
,"3.689101000","2.439081000","384","140","192.168.10.22","8081","10.0.0.2","46884","88","26313","38"
,"3.749293000","2.499273000","385","52","10.0.0.2","46884","192.168.10.22","8081","0","38","20857"
,"3.750359000","2.500339000","386","140","192.168.10.22","8081","10.0.0.2","46884","88","26401","38"
,"3.750389000","2.500369000","387","140","192.168.10.22","8081","10.0.0.2","46884","88","26489","38"
,"3.750450000","2.500430000","388","140","192.168.10.22","8081","10.0.0.2","46884","88","26577","38"
,"3.750466000","2.500446000","389","140","192.168.10.22","8081","10.0.0.2","46884","88","26665","38"
,"3.750520000","2.500500000","390","140","192.168.10.22","8081","10.0.0.2","46884","88","26753","38"
,"3.750535000","2.500515000","391","140","192.168.10.22","8081","10.0.0.2","46884","88","26841","38"
,"3.750586000","2.500566000","392","140","192.168.10.22","8081","10.0.0.2","46884","88","26929","38"
,"3.750599000","2.500579000","393","140","192.168.10.22","8081","10.0.0.2","46884","88","27017","38"
,"3.750643000","2.500623000","394","140","192.168.10.22","8081","10.0.0.2","46884","88","27105","38"
,"3.750657000","2.500637000","395","140","192.168.10.22","8081","10.0.0.2","46884","88","27193","38"
,"3.750702000","2.500682000","396","140","192.168.10.22","8081","10.0.0.2","46884","88","27281","38"
,"3.750715000","2.500695000","397","140","192.168.10.22","8081","10.0.0.2","46884","88","27369","38"
,"3.812116000","2.562096000","398","52","10.0.0.2","46884","192.168.10.22","8081","0","38","21737"
,"3.813114000","2.563094000","399","140","192.168.10.22","8081","10.0.0.2","46884","88","27457","38"
,"3.813155000","2.563135000","400","140","192.168.10.22","8081","10.0.0.2","46884","88","27545","38"
,"3.813204000","2.563184000","401","140","192.168.10.22","8081","10.0.0.2","46884","88","27633","38"
,"3.813219000","2.563199000","402","140","192.168.10.22","8081","10.0.0.2","46884","88","27721","38"
,"3.813264000","2.563244000","403","140","192.168.10.22","8081","10.0.0.2","46884","88","27809","38"
,"3.813278000","2.563258000","404","140","192.168.10.22","8081","10.0.0.2","46884","88","27897","38"
,"3.813323000","2.563303000","405","140","192.168.10.22","8081","10.0.0.2","46884","88","27985","38"
,"3.813336000","2.563316000","406","140","192.168.10.22","8081","10.0.0.2","46884","88","28073","38"
,"3.813381000","2.563361000","407","140","192.168.10.22","8081","10.0.0.2","46884","88","28161","38"
,"3.813394000","2.563374000","408","140","192.168.10.22","8081","10.0.0.2","46884","88","28249","38"
,"3.874762000","2.624742000","409","52","10.0.0.2","46884","192.168.10.22","8081","0","38","22705"
,"3.875469000","2.625449000","410","140","192.168.10.22","8081","10.0.0.2","46884","88","28337","38"
,"3.875490000","2.625470000","411","140","192.168.10.22","8081","10.0.0.2","46884","88","28425","38"
,"3.875540000","2.625520000","412","140","192.168.10.22","8081","10.0.0.2","46884","88","28513","38"
,"3.875552000","2.625532000","413","140","192.168.10.22","8081","10.0.0.2","46884","88","28601","38"
,"3.875596000","2.625576000","414","140","192.168.10.22","8081","10.0.0.2","46884","88","28689","38"
,"3.875607000","2.625587000","415","140","192.168.10.22","8081","10.0.0.2","46884","88","28777","38"
,"3.875651000","2.625631000","416","140","192.168.10.22","8081","10.0.0.2","46884","88","28865","38"
,"3.875664000","2.625644000","417","140","192.168.10.22","8081","10.0.0.2","46884","88","28953","38"
,"3.875709000","2.625689000","418","140","192.168.10.22","8081","10.0.0.2","46884","88","29041","38"
,"3.875729000","2.625709000","419","140","192.168.10.22","8081","10.0.0.2","46884","88","29129","38"
,"3.937379000","2.687359000","420","52","10.0.0.2","46884","192.168.10.22","8081","0","38","23585"
,"3.938392000","2.688372000","421","140","192.168.10.22","8081","10.0.0.2","46884","88","29217","38"
,"3.938415000","2.688395000","422","140","192.168.10.22","8081","10.0.0.2","46884","88","29305","38"
,"3.938463000","2.688443000","423","140","192.168.10.22","8081","10.0.0.2","46884","88","29393","38"
,"3.938474000","2.688454000","424","140","192.168.10.22","8081","10.0.0.2","46884","88","29481","38"
,"3.938519000","2.688499000","425","140","192.168.10.22","8081","10.0.0.2","46884","88","29569","38"
,"3.938531000","2.688511000","426","140","192.168.10.22","8081","10.0.0.2","46884","88","29657","38"
,"3.938574000","2.688554000","427","140","192.168.10.22","8081","10.0.0.2","46884","88","29745","38"
,"3.938585000","2.688565000","428","140","192.168.10.22","8081","10.0.0.2","46884","88","29833","38"
,"3.938629000","2.688609000","429","140","192.168.10.22","8081","10.0.0.2","46884","88","29921","38"
,"3.938649000","2.688629000","430","140","192.168.10.22","8081","10.0.0.2","46884","88","30009","38"
,"3.999960000","2.749940000","431","52","10.0.0.2","46884","192.168.10.22","8081","0","38","24377"
,"3.999987000","2.749967000","432","52","10.0.0.2","46884","192.168.10.22","8081","0","38","24465"
,"4.001064000","2.751044000","433","140","192.168.10.22","8081","10.0.0.2","46884","88","30097","38"
,"4.001094000","2.751074000","434","140","192.168.10.22","8081","10.0.0.2","46884","88","30185","38"
,"4.001157000","2.751137000","435","140","192.168.10.22","8081","10.0.0.2","46884","88","30273","38"
,"4.001173000","2.751153000","436","140","192.168.10.22","8081","10.0.0.2","46884","88","30361","38"
,"4.001225000","2.751205000","437","140","192.168.10.22","8081","10.0.0.2","46884","88","30449","38"
,"4.001238000","2.751218000","438","140","192.168.10.22","8081","10.0.0.2","46884","88","30537","38"
,"4.001284000","2.751264000","439","140","192.168.10.22","8081","10.0.0.2","46884","88","30625","38"
,"4.001295000","2.751275000","440","140","192.168.10.22","8081","10.0.0.2","46884","88","30713","38"
,"4.001339000","2.751319000","441","140","192.168.10.22","8081","10.0.0.2","46884","88","30801","38"
,"4.001359000","2.751339000","442","140","192.168.10.22","8081","10.0.0.2","46884","88","30889","38"
,"4.062511000","2.812491000","443","52","10.0.0.2","46884","192.168.10.22","8081","0","38","25433"
,"4.063581000","2.813561000","444","140","192.168.10.22","8081","10.0.0.2","46884","88","30977","38"
,"4.063611000","2.813591000","445","140","192.168.10.22","8081","10.0.0.2","46884","88","31065","38"
,"4.063673000","2.813653000","446","140","192.168.10.22","8081","10.0.0.2","46884","88","31153","38"
,"4.063690000","2.813670000","447","140","192.168.10.22","8081","10.0.0.2","46884","88","31241","38"
,"4.063747000","2.813727000","448","140","192.168.10.22","8081","10.0.0.2","46884","88","31329","38"
,"4.063763000","2.813743000","449","140","192.168.10.22","8081","10.0.0.2","46884","88","31417","38"
,"4.063810000","2.813790000","450","140","192.168.10.22","8081","10.0.0.2","46884","88","31505","38"
,"4.063822000","2.813802000","451","140","192.168.10.22","8081","10.0.0.2","46884","88","31593","38"
,"4.063866000","2.813846000","452","140","192.168.10.22","8081","10.0.0.2","46884","88","31681","38"
,"4.063916000","2.813896000","453","140","192.168.10.22","8081","10.0.0.2","46884","88","31769","38"
,"4.063964000","2.813944000","454","140","192.168.10.22","8081","10.0.0.2","46884","88","31857","38"
,"4.063977000","2.813957000","455","140","192.168.10.22","8081","10.0.0.2","46884","88","31945","38"
,"4.124457000","2.874437000","456","52","10.0.0.2","46884","192.168.10.22","8081","0","38","25697"
,"4.124488000","2.874468000","457","52","10.0.0.2","46884","192.168.10.22","8081","0","38","26313"
,"4.125489000","2.875469000","458","140","192.168.10.22","8081","10.0.0.2","46884","88","32033","38"
,"4.125520000","2.875500000","459","140","192.168.10.22","8081","10.0.0.2","46884","88","32121","38"
,"4.125581000","2.875561000","460","140","192.168.10.22","8081","10.0.0.2","46884","88","32209","38"
,"4.125597000","2.875577000","461","140","192.168.10.22","8081","10.0.0.2","46884","88","32297","38"
,"4.125654000","2.875634000","462","140","192.168.10.22","8081","10.0.0.2","46884","88","32385","38"
,"4.125670000","2.875650000","463","140","192.168.10.22","8081","10.0.0.2","46884","88","32473","38"
,"4.125718000","2.875698000","464","140","192.168.10.22","8081","10.0.0.2","46884","88","32561","38"
,"4.125730000","2.875710000","465","140","192.168.10.22","8081","10.0.0.2","46884","88","32649","38"
,"4.187295000","2.937275000","466","52","10.0.0.2","46884","192.168.10.22","8081","0","38","27105"
,"4.187319000","2.937299000","467","52","10.0.0.2","46884","192.168.10.22","8081","0","38","27281"
,"4.188378000","2.938358000","468","140","192.168.10.22","8081","10.0.0.2","46884","88","32737","38"
,"4.188403000","2.938383000","469","140","192.168.10.22","8081","10.0.0.2","46884","88","32825","38"
,"4.188453000","2.938433000","470","140","192.168.10.22","8081","10.0.0.2","46884","88","32913","38"
,"4.188464000","2.938444000","471","140","192.168.10.22","8081","10.0.0.2","46884","88","33001","38"
,"4.188509000","2.938489000","472","140","192.168.10.22","8081","10.0.0.2","46884","88","33089","38"
,"4.188520000","2.938500000","473","140","192.168.10.22","8081","10.0.0.2","46884","88","33177","38"
,"4.188565000","2.938545000","474","140","192.168.10.22","8081","10.0.0.2","46884","88","33265","38"
,"4.188577000","2.938557000","475","140","192.168.10.22","8081","10.0.0.2","46884","88","33353","38"
,"4.188621000","2.938601000","476","140","192.168.10.22","8081","10.0.0.2","46884","88","33441","38"
,"4.188634000","2.938614000","477","140","192.168.10.22","8081","10.0.0.2","46884","88","33529","38"
,"4.188679000","2.938659000","478","140","192.168.10.22","8081","10.0.0.2","46884","88","33617","38"
,"4.188691000","2.938671000","479","140","192.168.10.22","8081","10.0.0.2","46884","88","33705","38"
,"4.249744000","2.999724000","480","52","10.0.0.2","46884","192.168.10.22","8081","0","38","28073"
,"4.249770000","2.999750000","481","52","10.0.0.2","46884","192.168.10.22","8081","0","38","28161"
,"4.250858000","3.000838000","482","140","192.168.10.22","8081","10.0.0.2","46884","88","33793","38"
,"4.250923000","3.000903000","483","140","192.168.10.22","8081","10.0.0.2","46884","88","33881","38"
,"4.250992000","3.000972000","484","140","192.168.10.22","8081","10.0.0.2","46884","88","33969","38"
,"4.251008000","3.000988000","485","140","192.168.10.22","8081","10.0.0.2","46884","88","34057","38"
,"4.251064000","3.001044000","486","140","192.168.10.22","8081","10.0.0.2","46884","88","34145","38"
,"4.251077000","3.001057000","487","140","192.168.10.22","8081","10.0.0.2","46884","88","34233","38"
,"4.251123000","3.001103000","488","140","192.168.10.22","8081","10.0.0.2","46884","88","34321","38"
,"4.251137000","3.001117000","489","140","192.168.10.22","8081","10.0.0.2","46884","88","34409","38"
,"4.251182000","3.001162000","490","140","192.168.10.22","8081","10.0.0.2","46884","88","34497","38"
,"4.251195000","3.001175000","491","140","192.168.10.22","8081","10.0.0.2","46884","88","34585","38"
,"4.312278000","3.062258000","492","52","10.0.0.2","46884","192.168.10.22","8081","0","38","28777"
,"4.312287000","3.062267000","493","52","10.0.0.2","46884","192.168.10.22","8081","0","38","29129"
,"4.313297000","3.063277000","494","140","192.168.10.22","8081","10.0.0.2","46884","88","34673","38"
,"4.313327000","3.063307000","495","140","192.168.10.22","8081","10.0.0.2","46884","88","34761","38"
,"4.313390000","3.063370000","496","140","192.168.10.22","8081","10.0.0.2","46884","88","34849","38"
,"4.313407000","3.063387000","497","140","192.168.10.22","8081","10.0.0.2","46884","88","34937","38"
,"4.313461000","3.063441000","498","140","192.168.10.22","8081","10.0.0.2","46884","88","35025","38"
,"4.313477000","3.063457000","499","140","192.168.10.22","8081","10.0.0.2","46884","88","35113","38"
,"4.313526000","3.063506000","500","140","192.168.10.22","8081","10.0.0.2","46884","88","35201","38"
,"4.313538000","3.063518000","501","140","192.168.10.22","8081","10.0.0.2","46884","88","35289","38"
,"4.313584000","3.063564000","502","140","192.168.10.22","8081","10.0.0.2","46884","88","35377","38"
,"4.313598000","3.063578000","503","140","192.168.10.22","8081","10.0.0.2","46884","88","35465","38"
,"4.374310000","3.124290000","504","52","10.0.0.2","46884","192.168.10.22","8081","0","38","30009"
,"4.375241000","3.125221000","505","140","192.168.10.22","8081","10.0.0.2","46884","88","35553","38"
,"4.375263000","3.125243000","506","140","192.168.10.22","8081","10.0.0.2","46884","88","35641","38"
,"4.375312000","3.125292000","507","140","192.168.10.22","8081","10.0.0.2","46884","88","35729","38"
,"4.375325000","3.125305000","508","140","192.168.10.22","8081","10.0.0.2","46884","88","35817","38"
,"4.375369000","3.125349000","509","140","192.168.10.22","8081","10.0.0.2","46884","88","35905","38"
,"4.375380000","3.125360000","510","140","192.168.10.22","8081","10.0.0.2","46884","88","35993","38"
,"4.375424000","3.125404000","511","140","192.168.10.22","8081","10.0.0.2","46884","88","36081","38"
,"4.375435000","3.125415000","512","140","192.168.10.22","8081","10.0.0.2","46884","88","36169","38"
,"4.375478000","3.125458000","513","140","192.168.10.22","8081","10.0.0.2","46884","88","36257","38"
,"4.375498000","3.125478000","514","140","192.168.10.22","8081","10.0.0.2","46884","88","36345","38"
,"4.437578000","3.187558000","515","52","10.0.0.2","46884","192.168.10.22","8081","0","38","30889"
,"4.437602000","3.187582000","516","52","10.0.0.2","46884","192.168.10.22","8081","0","38","30977"
,"4.438673000","3.188653000","517","140","192.168.10.22","8081","10.0.0.2","46884","88","36433","38"
,"4.438700000","3.188680000","518","140","192.168.10.22","8081","10.0.0.2","46884","88","36521","38"
,"4.438760000","3.188740000","519","140","192.168.10.22","8081","10.0.0.2","46884","88","36609","38"
,"4.438776000","3.188756000","520","140","192.168.10.22","8081","10.0.0.2","46884","88","36697","38"
,"4.438829000","3.188809000","521","140","192.168.10.22","8081","10.0.0.2","46884","88","36785","38"
,"4.438846000","3.188826000","522","140","192.168.10.22","8081","10.0.0.2","46884","88","36873","38"
,"4.438930000","3.188910000","523","140","192.168.10.22","8081","10.0.0.2","46884","88","36961","38"
,"4.438944000","3.188924000","524","140","192.168.10.22","8081","10.0.0.2","46884","88","37049","38"
,"4.438989000","3.188969000","525","140","192.168.10.22","8081","10.0.0.2","46884","88","37137","38"
,"4.439003000","3.188983000","526","140","192.168.10.22","8081","10.0.0.2","46884","88","37225","38"
,"4.439047000","3.189027000","527","140","192.168.10.22","8081","10.0.0.2","46884","88","37313","38"
,"4.439059000","3.189039000","528","140","192.168.10.22","8081","10.0.0.2","46884","88","37401","38"
,"4.499116000","3.249096000","529","52","10.0.0.2","46884","192.168.10.22","8081","0","38","31681"
,"4.499143000","3.249123000","530","52","10.0.0.2","46884","192.168.10.22","8081","0","38","31857"
,"4.500198000","3.250178000","531","140","192.168.10.22","8081","10.0.0.2","46884","88","37489","38"
,"4.500228000","3.250208000","532","140","192.168.10.22","8081","10.0.0.2","46884","88","37577","38"
,"4.500289000","3.250269000","533","140","192.168.10.22","8081","10.0.0.2","46884","88","37665","38"
,"4.500304000","3.250284000","534","140","192.168.10.22","8081","10.0.0.2","46884","88","37753","38"
,"4.500360000","3.250340000","535","140","192.168.10.22","8081","10.0.0.2","46884","88","37841","38"
,"4.500376000","3.250356000","536","140","192.168.10.22","8081","10.0.0.2","46884","88","37929","38"
,"4.500426000","3.250406000","537","140","192.168.10.22","8081","10.0.0.2","46884","88","38017","38"
,"4.500438000","3.250418000","538","140","192.168.10.22","8081","10.0.0.2","46884","88","38105","38"
,"4.500482000","3.250462000","539","140","192.168.10.22","8081","10.0.0.2","46884","88","38193","38"
,"4.500496000","3.250476000","540","140","192.168.10.22","8081","10.0.0.2","46884","88","38281","38"
,"4.562252000","3.312232000","541","52","10.0.0.2","46884","192.168.10.22","8081","0","38","32737"
,"4.563212000","3.313192000","542","140","192.168.10.22","8081","10.0.0.2","46884","88","38369","38"
,"4.563235000","3.313215000","543","140","192.168.10.22","8081","10.0.0.2","46884","88","38457","38"
,"4.563286000","3.313266000","544","140","192.168.10.22","8081","10.0.0.2","46884","88","38545","38"
,"4.563298000","3.313278000","545","140","192.168.10.22","8081","10.0.0.2","46884","88","38633","38"
,"4.563342000","3.313322000","546","140","192.168.10.22","8081","10.0.0.2","46884","88","38721","38"
,"4.563353000","3.313333000","547","140","192.168.10.22","8081","10.0.0.2","46884","88","38809","38"
,"4.563397000","3.313377000","548","140","192.168.10.22","8081","10.0.0.2","46884","88","38897","38"
,"4.563409000","3.313389000","549","140","192.168.10.22","8081","10.0.0.2","46884","88","38985","38"
,"4.624484000","3.374464000","550","52","10.0.0.2","46884","192.168.10.22","8081","0","38","33705"
,"4.625546000","3.375526000","551","140","192.168.10.22","8081","10.0.0.2","46884","88","39073","38"
,"4.625576000","3.375556000","552","140","192.168.10.22","8081","10.0.0.2","46884","88","39161","38"
,"4.625639000","3.375619000","553","140","192.168.10.22","8081","10.0.0.2","46884","88","39249","38"
,"4.625656000","3.375636000","554","140","192.168.10.22","8081","10.0.0.2","46884","88","39337","38"
,"4.625711000","3.375691000","555","140","192.168.10.22","8081","10.0.0.2","46884","88","39425","38"
,"4.625726000","3.375706000","556","140","192.168.10.22","8081","10.0.0.2","46884","88","39513","38"
,"4.625775000","3.375755000","557","140","192.168.10.22","8081","10.0.0.2","46884","88","39601","38"
,"4.625787000","3.375767000","558","140","192.168.10.22","8081","10.0.0.2","46884","88","39689","38"
,"4.625831000","3.375811000","559","140","192.168.10.22","8081","10.0.0.2","46884","88","39777","38"
,"4.625844000","3.375824000","560","140","192.168.10.22","8081","10.0.0.2","46884","88","39865","38"
,"4.625920000","3.375900000","561","140","192.168.10.22","8081","10.0.0.2","46884","88","39953","38"
,"4.625936000","3.375916000","562","140","192.168.10.22","8081","10.0.0.2","46884","88","40041","38"
,"4.688033000","3.438013000","563","52","10.0.0.2","46884","192.168.10.22","8081","0","38","34585"
,"4.689081000","3.439061000","564","140","192.168.10.22","8081","10.0.0.2","46884","88","40129","38"
,"4.689112000","3.439092000","565","140","192.168.10.22","8081","10.0.0.2","46884","88","40217","38"
,"4.689171000","3.439151000","566","140","192.168.10.22","8081","10.0.0.2","46884","88","40305","38"
,"4.689187000","3.439167000","567","140","192.168.10.22","8081","10.0.0.2","46884","88","40393","38"
,"4.689240000","3.439220000","568","140","192.168.10.22","8081","10.0.0.2","46884","88","40481","38"
,"4.689256000","3.439236000","569","140","192.168.10.22","8081","10.0.0.2","46884","88","40569","38"
,"4.689307000","3.439287000","570","140","192.168.10.22","8081","10.0.0.2","46884","88","40657","38"
,"4.689320000","3.439300000","571","140","192.168.10.22","8081","10.0.0.2","46884","88","40745","38"
,"4.689364000","3.439344000","572","140","192.168.10.22","8081","10.0.0.2","46884","88","40833","38"
,"4.689385000","3.439365000","573","140","192.168.10.22","8081","10.0.0.2","46884","88","40921","38"
,"4.749985000","3.499965000","574","52","10.0.0.2","46884","192.168.10.22","8081","0","38","35553"
,"4.751024000","3.501004000","575","140","192.168.10.22","8081","10.0.0.2","46884","88","41009","38"
,"4.751054000","3.501034000","576","140","192.168.10.22","8081","10.0.0.2","46884","88","41097","38"
,"4.751116000","3.501096000","577","140","192.168.10.22","8081","10.0.0.2","46884","88","41185","38"
,"4.751131000","3.501111000","578","140","192.168.10.22","8081","10.0.0.2","46884","88","41273","38"
,"4.751187000","3.501167000","579","140","192.168.10.22","8081","10.0.0.2","46884","88","41361","38"
,"4.751202000","3.501182000","580","140","192.168.10.22","8081","10.0.0.2","46884","88","41449","38"
,"4.751253000","3.501233000","581","140","192.168.10.22","8081","10.0.0.2","46884","88","41537","38"
,"4.751265000","3.501245000","582","140","192.168.10.22","8081","10.0.0.2","46884","88","41625","38"
,"4.751310000","3.501290000","583","140","192.168.10.22","8081","10.0.0.2","46884","88","41713","38"
,"4.751324000","3.501304000","584","140","192.168.10.22","8081","10.0.0.2","46884","88","41801","38"
,"4.812599000","3.562579000","585","52","10.0.0.2","46884","192.168.10.22","8081","0","38","36345"
,"4.812606000","3.562586000","586","52","10.0.0.2","46884","192.168.10.22","8081","0","38","36433"
,"4.813636000","3.563616000","587","140","192.168.10.22","8081","10.0.0.2","46884","88","41889","38"
,"4.813665000","3.563645000","588","140","192.168.10.22","8081","10.0.0.2","46884","88","41977","38"
,"4.813726000","3.563706000","589","140","192.168.10.22","8081","10.0.0.2","46884","88","42065","38"
,"4.813741000","3.563721000","590","140","192.168.10.22","8081","10.0.0.2","46884","88","42153","38"
,"4.813795000","3.563775000","591","140","192.168.10.22","8081","10.0.0.2","46884","88","42241","38"
,"4.813810000","3.563790000","592","140","192.168.10.22","8081","10.0.0.2","46884","88","42329","38"
,"4.813860000","3.563840000","593","140","192.168.10.22","8081","10.0.0.2","46884","88","42417","38"
,"4.813873000","3.563853000","594","140","192.168.10.22","8081","10.0.0.2","46884","88","42505","38"
,"4.813956000","3.563936000","595","140","192.168.10.22","8081","10.0.0.2","46884","88","42593","38"
,"4.813972000","3.563952000","596","140","192.168.10.22","8081","10.0.0.2","46884","88","42681","38"
,"4.820973000",,"597","48",,,,,,,
,"4.874253000","3.624233000","598","52","10.0.0.2","46884","192.168.10.22","8081","0","38","36609"
,"4.874278000","3.624258000","599","52","10.0.0.2","46884","192.168.10.22","8081","0","38","36873"
,"4.874293000","3.624273000","600","52","10.0.0.2","46884","192.168.10.22","8081","0","38","37313"
,"4.875323000","3.625303000","601","140","192.168.10.22","8081","10.0.0.2","46884","88","42769","38"
,"4.875349000","3.625329000","602","140","192.168.10.22","8081","10.0.0.2","46884","88","42857","38"
,"4.875410000","3.625390000","603","140","192.168.10.22","8081","10.0.0.2","46884","88","42945","38"
,"4.875426000","3.625406000","604","140","192.168.10.22","8081","10.0.0.2","46884","88","43033","38"
,"4.875480000","3.625460000","605","140","192.168.10.22","8081","10.0.0.2","46884","88","43121","38"
,"4.875496000","3.625476000","606","140","192.168.10.22","8081","10.0.0.2","46884","88","43209","38"
,"4.875544000","3.625524000","607","140","192.168.10.22","8081","10.0.0.2","46884","88","43297","38"
,"4.875556000","3.625536000","608","140","192.168.10.22","8081","10.0.0.2","46884","88","43385","38"
,"4.875600000","3.625580000","609","140","192.168.10.22","8081","10.0.0.2","46884","88","43473","38"
,"4.875614000","3.625594000","610","140","192.168.10.22","8081","10.0.0.2","46884","88","43561","38"
,"4.937614000","3.687594000","611","52","10.0.0.2","46884","192.168.10.22","8081","0","38","38281"
,"4.938701000","3.688681000","612","140","192.168.10.22","8081","10.0.0.2","46884","88","43649","38"
,"4.938732000","3.688712000","613","140","192.168.10.22","8081","10.0.0.2","46884","88","43737","38"
,"4.938793000","3.688773000","614","140","192.168.10.22","8081","10.0.0.2","46884","88","43825","38"
,"4.938809000","3.688789000","615","140","192.168.10.22","8081","10.0.0.2","46884","88","43913","38"
,"4.938865000","3.688845000","616","140","192.168.10.22","8081","10.0.0.2","46884","88","44001","38"
,"4.938926000","3.688906000","617","140","192.168.10.22","8081","10.0.0.2","46884","88","44089","38"
,"4.938978000","3.688958000","618","140","192.168.10.22","8081","10.0.0.2","46884","88","44177","38"
,"4.938992000","3.688972000","619","140","192.168.10.22","8081","10.0.0.2","46884","88","44265","38"
,"4.939037000","3.689017000","620","140","192.168.10.22","8081","10.0.0.2","46884","88","44353","38"
,"4.939049000","3.689029000","621","140","192.168.10.22","8081","10.0.0.2","46884","88","44441","38"
,"4.939094000","3.689074000","622","140","192.168.10.22","8081","10.0.0.2","46884","88","44529","38"
,"4.939108000","3.689088000","623","140","192.168.10.22","8081","10.0.0.2","46884","88","44617","38"
,"4.999410000","3.749390000","624","52","10.0.0.2","46884","192.168.10.22","8081","0","38","38721"
,"4.999417000","3.749397000","625","52","10.0.0.2","46884","192.168.10.22","8081","0","38","39161"
,"5.000440000","3.750420000","626","140","192.168.10.22","8081","10.0.0.2","46884","88","44705","38"
,"5.000467000","3.750447000","627","140","192.168.10.22","8081","10.0.0.2","46884","88","44793","38"
,"5.000527000","3.750507000","628","140","192.168.10.22","8081","10.0.0.2","46884","88","44881","38"
,"5.000543000","3.750523000","629","140","192.168.10.22","8081","10.0.0.2","46884","88","44969","38"
,"5.000610000","3.750590000","630","140","192.168.10.22","8081","10.0.0.2","46884","88","45057","38"
,"5.000625000","3.750605000","631","140","192.168.10.22","8081","10.0.0.2","46884","88","45145","38"
,"5.000671000","3.750651000","632","140","192.168.10.22","8081","10.0.0.2","46884","88","45233","38"
,"5.000683000","3.750663000","633","140","192.168.10.22","8081","10.0.0.2","46884","88","45321","38"
,"5.062216000","3.812196000","634","52","10.0.0.2","46884","192.168.10.22","8081","0","38","40129"
,"5.063261000","3.813241000","635","140","192.168.10.22","8081","10.0.0.2","46884","88","45409","38"
,"5.063286000","3.813266000","636","140","192.168.10.22","8081","10.0.0.2","46884","88","45497","38"
,"5.063334000","3.813314000","637","140","192.168.10.22","8081","10.0.0.2","46884","88","45585","38"
,"5.063346000","3.813326000","638","140","192.168.10.22","8081","10.0.0.2","46884","88","45673","38"
,"5.063391000","3.813371000","639","140","192.168.10.22","8081","10.0.0.2","46884","88","45761","38"
,"5.063402000","3.813382000","640","140","192.168.10.22","8081","10.0.0.2","46884","88","45849","38"
,"5.063447000","3.813427000","641","140","192.168.10.22","8081","10.0.0.2","46884","88","45937","38"
,"5.063459000","3.813439000","642","140","192.168.10.22","8081","10.0.0.2","46884","88","46025","38"
,"5.063502000","3.813482000","643","140","192.168.10.22","8081","10.0.0.2","46884","88","46113","38"
,"5.063516000","3.813496000","644","140","192.168.10.22","8081","10.0.0.2","46884","88","46201","38"
,"5.063561000","3.813541000","645","140","192.168.10.22","8081","10.0.0.2","46884","88","46289","38"
,"5.063574000","3.813554000","646","140","192.168.10.22","8081","10.0.0.2","46884","88","46377","38"
,"5.124490000","3.874470000","647","52","10.0.0.2","46884","192.168.10.22","8081","0","38","40921"
,"5.124499000","3.874479000","648","52","10.0.0.2","46884","192.168.10.22","8081","0","38","41009"
,"5.125489000","3.875469000","649","140","192.168.10.22","8081","10.0.0.2","46884","88","46465","38"
,"5.125510000","3.875490000","650","140","192.168.10.22","8081","10.0.0.2","46884","88","46553","38"
,"5.125559000","3.875539000","651","140","192.168.10.22","8081","10.0.0.2","46884","88","46641","38"
,"5.125571000","3.875551000","652","140","192.168.10.22","8081","10.0.0.2","46884","88","46729","38"
,"5.125615000","3.875595000","653","140","192.168.10.22","8081","10.0.0.2","46884","88","46817","38"
,"5.125626000","3.875606000","654","140","192.168.10.22","8081","10.0.0.2","46884","88","46905","38"
,"5.125671000","3.875651000","655","140","192.168.10.22","8081","10.0.0.2","46884","88","46993","38"
,"5.125682000","3.875662000","656","140","192.168.10.22","8081","10.0.0.2","46884","88","47081","38"
,"5.125726000","3.875706000","657","140","192.168.10.22","8081","10.0.0.2","46884","88","47169","38"
,"5.125740000","3.875720000","658","140","192.168.10.22","8081","10.0.0.2","46884","88","47257","38"
,"5.187305000","3.937285000","659","52","10.0.0.2","46884","192.168.10.22","8081","0","38","41801"
,"5.187314000","3.937294000","660","52","10.0.0.2","46884","192.168.10.22","8081","0","38","41889"
,"5.188308000","3.938288000","661","140","192.168.10.22","8081","10.0.0.2","46884","88","47345","38"
,"5.188332000","3.938312000","662","140","192.168.10.22","8081","10.0.0.2","46884","88","47433","38"
,"5.188380000","3.938360000","663","140","192.168.10.22","8081","10.0.0.2","46884","88","47521","38"
,"5.188392000","3.938372000","664","140","192.168.10.22","8081","10.0.0.2","46884","88","47609","38"
,"5.188436000","3.938416000","665","140","192.168.10.22","8081","10.0.0.2","46884","88","47697","38"
,"5.188448000","3.938428000","666","140","192.168.10.22","8081","10.0.0.2","46884","88","47785","38"
,"5.188491000","3.938471000","667","140","192.168.10.22","8081","10.0.0.2","46884","88","47873","38"
,"5.188502000","3.938482000","668","140","192.168.10.22","8081","10.0.0.2","46884","88","47961","38"
,"5.188547000","3.938527000","669","140","192.168.10.22","8081","10.0.0.2","46884","88","48049","38"
,"5.188561000","3.938541000","670","140","192.168.10.22","8081","10.0.0.2","46884","88","48137","38"
,"5.249233000","3.999213000","671","52","10.0.0.2","46884","192.168.10.22","8081","0","38","42681"
,"5.249258000","3.999238000","672","52","10.0.0.2","46884","192.168.10.22","8081","0","38","42857"
,"5.250249000","4.000229000","673","140","192.168.10.22","8081","10.0.0.2","46884","88","48225","38"
,"5.250274000","4.000254000","674","140","192.168.10.22","8081","10.0.0.2","46884","88","48313","38"
,"5.250324000","4.000304000","675","140","192.168.10.22","8081","10.0.0.2","46884","88","48401","38"
,"5.250336000","4.000316000","676","140","192.168.10.22","8081","10.0.0.2","46884","88","48489","38"
,"5.250380000","4.000360000","677","140","192.168.10.22","8081","10.0.0.2","46884","88","48577","38"
,"5.250391000","4.000371000","678","140","192.168.10.22","8081","10.0.0.2","46884","88","48665","38"
,"5.250435000","4.000415000","679","140","192.168.10.22","8081","10.0.0.2","46884","88","48753","38"
,"5.250447000","4.000427000","680","140","192.168.10.22","8081","10.0.0.2","46884","88","48841","38"
,"5.250490000","4.000470000","681","140","192.168.10.22","8081","10.0.0.2","46884","88","48929","38"
,"5.250504000","4.000484000","682","140","192.168.10.22","8081","10.0.0.2","46884","88","49017","38"
,"5.312193000","4.062173000","683","52","10.0.0.2","46884","192.168.10.22","8081","0","38","43649"
,"5.312202000","4.062182000","684","52","10.0.0.2","46884","192.168.10.22","8081","0","38","43737"
,"5.313198000","4.063178000","685","140","192.168.10.22","8081","10.0.0.2","46884","88","49105","38"
,"5.313236000","4.063216000","686","140","192.168.10.22","8081","10.0.0.2","46884","88","49193","38"
,"5.313287000","4.063267000","687","140","192.168.10.22","8081","10.0.0.2","46884","88","49281","38"
,"5.313298000","4.063278000","688","140","192.168.10.22","8081","10.0.0.2","46884","88","49369","38"
,"5.313344000","4.063324000","689","140","192.168.10.22","8081","10.0.0.2","46884","88","49457","38"
,"5.313355000","4.063335000","690","140","192.168.10.22","8081","10.0.0.2","46884","88","49545","38"
,"5.313399000","4.063379000","691","140","192.168.10.22","8081","10.0.0.2","46884","88","49633","38"
,"5.313410000","4.063390000","692","140","192.168.10.22","8081","10.0.0.2","46884","88","49721","38"
,"5.313454000","4.063434000","693","140","192.168.10.22","8081","10.0.0.2","46884","88","49809","38"
,"5.313468000","4.063448000","694","140","192.168.10.22","8081","10.0.0.2","46884","88","49897","38"
,"5.333158000",,"695","48",,,,,,,
,"5.374547000","4.124527000","696","52","10.0.0.2","46884","192.168.10.22","8081","0","38","44705"
,"5.375613000","4.125593000","697","140","192.168.10.22","8081","10.0.0.2","46884","88","49985","38"
,"5.375642000","4.125622000","698","140","192.168.10.22","8081","10.0.0.2","46884","88","50073","38"
,"5.375704000","4.125684000","699","140","192.168.10.22","8081","10.0.0.2","46884","88","50161","38"
,"5.375720000","4.125700000","700","140","192.168.10.22","8081","10.0.0.2","46884","88","50249","38"
,"5.375774000","4.125754000","701","140","192.168.10.22","8081","10.0.0.2","46884","88","50337","38"
,"5.375789000","4.125769000","702","140","192.168.10.22","8081","10.0.0.2","46884","88","50425","38"
,"5.375838000","4.125818000","703","140","192.168.10.22","8081","10.0.0.2","46884","88","50513","38"
,"5.375851000","4.125831000","704","140","192.168.10.22","8081","10.0.0.2","46884","88","50601","38"
,"5.375928000","4.125908000","705","140","192.168.10.22","8081","10.0.0.2","46884","88","50689","38"
,"5.375944000","4.125924000","706","140","192.168.10.22","8081","10.0.0.2","46884","88","50777","38"
,"5.375990000","4.125970000","707","140","192.168.10.22","8081","10.0.0.2","46884","88","50865","38"
,"5.376003000","4.125983000","708","140","192.168.10.22","8081","10.0.0.2","46884","88","50953","38"
,"5.437956000","4.187936000","709","52","10.0.0.2","46884","192.168.10.22","8081","0","38","45497"
,"5.437987000","4.187967000","710","52","10.0.0.2","46884","192.168.10.22","8081","0","38","45585"
,"5.439040000","4.189020000","711","140","192.168.10.22","8081","10.0.0.2","46884","88","51041","38"
,"5.439067000","4.189047000","712","140","192.168.10.22","8081","10.0.0.2","46884","88","51129","38"
,"5.439128000","4.189108000","713","140","192.168.10.22","8081","10.0.0.2","46884","88","51217","38"
,"5.439143000","4.189123000","714","140","192.168.10.22","8081","10.0.0.2","46884","88","51305","38"
,"5.439199000","4.189179000","715","140","192.168.10.22","8081","10.0.0.2","46884","88","51393","38"
,"5.439213000","4.189193000","716","140","192.168.10.22","8081","10.0.0.2","46884","88","51481","38"
,"5.439257000","4.189237000","717","140","192.168.10.22","8081","10.0.0.2","46884","88","51569","38"
,"5.439269000","4.189249000","718","140","192.168.10.22","8081","10.0.0.2","46884","88","51657","38"
,"5.499962000","4.249942000","719","52","10.0.0.2","46884","192.168.10.22","8081","0","38","46553"
,"5.501012000","4.250992000","720","140","192.168.10.22","8081","10.0.0.2","46884","88","51745","38"
,"5.501042000","4.251022000","721","140","192.168.10.22","8081","10.0.0.2","46884","88","51833","38"
,"5.501101000","4.251081000","722","140","192.168.10.22","8081","10.0.0.2","46884","88","51921","38"
,"5.501116000","4.251096000","723","140","192.168.10.22","8081","10.0.0.2","46884","88","52009","38"
,"5.501170000","4.251150000","724","140","192.168.10.22","8081","10.0.0.2","46884","88","52097","38"
,"5.501186000","4.251166000","725","140","192.168.10.22","8081","10.0.0.2","46884","88","52185","38"
,"5.501236000","4.251216000","726","140","192.168.10.22","8081","10.0.0.2","46884","88","52273","38"
,"5.501249000","4.251229000","727","140","192.168.10.22","8081","10.0.0.2","46884","88","52361","38"
,"5.501294000","4.251274000","728","140","192.168.10.22","8081","10.0.0.2","46884","88","52449","38"
,"5.501309000","4.251289000","729","140","192.168.10.22","8081","10.0.0.2","46884","88","52537","38"
,"5.501353000","4.251333000","730","140","192.168.10.22","8081","10.0.0.2","46884","88","52625","38"
,"5.501367000","4.251347000","731","140","192.168.10.22","8081","10.0.0.2","46884","88","52713","38"
,"5.562429000","4.312409000","732","52","10.0.0.2","46884","192.168.10.22","8081","0","38","47433"
,"5.563491000","4.313471000","733","140","192.168.10.22","8081","10.0.0.2","46884","88","52801","38"
,"5.563522000","4.313502000","734","140","192.168.10.22","8081","10.0.0.2","46884","88","52889","38"
,"5.563581000","4.313561000","735","140","192.168.10.22","8081","10.0.0.2","46884","88","52977","38"
,"5.563596000","4.313576000","736","140","192.168.10.22","8081","10.0.0.2","46884","88","53065","38"
,"5.563650000","4.313630000","737","140","192.168.10.22","8081","10.0.0.2","46884","88","53153","38"
,"5.563666000","4.313646000","738","140","192.168.10.22","8081","10.0.0.2","46884","88","53241","38"
,"5.563716000","4.313696000","739","140","192.168.10.22","8081","10.0.0.2","46884","88","53329","38"
,"5.563728000","4.313708000","740","140","192.168.10.22","8081","10.0.0.2","46884","88","53417","38"
,"5.563772000","4.313752000","741","140","192.168.10.22","8081","10.0.0.2","46884","88","53505","38"
,"5.563785000","4.313765000","742","140","192.168.10.22","8081","10.0.0.2","46884","88","53593","38"
,"5.624750000","4.374730000","743","52","10.0.0.2","46884","192.168.10.22","8081","0","38","48401"
,"5.625793000","4.375773000","744","140","192.168.10.22","8081","10.0.0.2","46884","88","53681","38"
,"5.625822000","4.375802000","745","140","192.168.10.22","8081","10.0.0.2","46884","88","53769","38"
,"5.625922000","4.375902000","746","140","192.168.10.22","8081","10.0.0.2","46884","88","53857","38"
,"5.625944000","4.375924000","747","140","192.168.10.22","8081","10.0.0.2","46884","88","53945","38"
,"5.626001000","4.375981000","748","140","192.168.10.22","8081","10.0.0.2","46884","88","54033","38"
,"5.626015000","4.375995000","749","140","192.168.10.22","8081","10.0.0.2","46884","88","54121","38"
,"5.626060000","4.376040000","750","140","192.168.10.22","8081","10.0.0.2","46884","88","54209","38"
,"5.626081000","4.376061000","751","140","192.168.10.22","8081","10.0.0.2","46884","88","54297","38"
,"5.626126000","4.376106000","752","140","192.168.10.22","8081","10.0.0.2","46884","88","54385","38"
,"5.626139000","4.376119000","753","140","192.168.10.22","8081","10.0.0.2","46884","88","54473","38"
,"5.687098000","4.437078000","754","52","10.0.0.2","46884","192.168.10.22","8081","0","38","49281"
,"5.688058000","4.438038000","755","140","192.168.10.22","8081","10.0.0.2","46884","88","54561","38"
,"5.688081000","4.438061000","756","140","192.168.10.22","8081","10.0.0.2","46884","88","54649","38"
,"5.688128000","4.438108000","757","140","192.168.10.22","8081","10.0.0.2","46884","88","54737","38"
,"5.688140000","4.438120000","758","140","192.168.10.22","8081","10.0.0.2","46884","88","54825","38"
,"5.688185000","4.438165000","759","140","192.168.10.22","8081","10.0.0.2","46884","88","54913","38"
,"5.688196000","4.438176000","760","140","192.168.10.22","8081","10.0.0.2","46884","88","55001","38"
,"5.688241000","4.438221000","761","140","192.168.10.22","8081","10.0.0.2","46884","88","55089","38"
,"5.688252000","4.438232000","762","140","192.168.10.22","8081","10.0.0.2","46884","88","55177","38"
,"5.688296000","4.438276000","763","140","192.168.10.22","8081","10.0.0.2","46884","88","55265","38"
,"5.688319000","4.438299000","764","140","192.168.10.22","8081","10.0.0.2","46884","88","55353","38"
,"5.749372000","4.499352000","765","52","10.0.0.2","46884","192.168.10.22","8081","0","38","49897"
,"5.749399000","4.499379000","766","52","10.0.0.2","46884","192.168.10.22","8081","0","38","50161"
,"5.750459000","4.500439000","767","140","192.168.10.22","8081","10.0.0.2","46884","88","55441","38"
,"5.750489000","4.500469000","768","140","192.168.10.22","8081","10.0.0.2","46884","88","55529","38"
,"5.750553000","4.500533000","769","140","192.168.10.22","8081","10.0.0.2","46884","88","55617","38"
,"5.750569000","4.500549000","770","140","192.168.10.22","8081","10.0.0.2","46884","88","55705","38"
,"5.750621000","4.500601000","771","140","192.168.10.22","8081","10.0.0.2","46884","88","55793","38"
,"5.750637000","4.500617000","772","140","192.168.10.22","8081","10.0.0.2","46884","88","55881","38"
,"5.750687000","4.500667000","773","140","192.168.10.22","8081","10.0.0.2","46884","88","55969","38"
,"5.750701000","4.500681000","774","140","192.168.10.22","8081","10.0.0.2","46884","88","56057","38"
,"5.750744000","4.500724000","775","140","192.168.10.22","8081","10.0.0.2","46884","88","56145","38"
,"5.750758000","4.500738000","776","140","192.168.10.22","8081","10.0.0.2","46884","88","56233","38"
,"5.812750000","4.562730000","777","52","10.0.0.2","46884","192.168.10.22","8081","0","38","50601"
,"5.812758000","4.562738000","778","52","10.0.0.2","46884","192.168.10.22","8081","0","38","51129"
,"5.813789000","4.563769000","779","140","192.168.10.22","8081","10.0.0.2","46884","88","56321","38"
,"5.813813000","4.563793000","780","140","192.168.10.22","8081","10.0.0.2","46884","88","56409","38"
,"5.813904000","4.563884000","781","140","192.168.10.22","8081","10.0.0.2","46884","88","56497","38"
,"5.813926000","4.563906000","782","140","192.168.10.22","8081","10.0.0.2","46884","88","56585","38"
,"5.813985000","4.563965000","783","140","192.168.10.22","8081","10.0.0.2","46884","88","56673","38"
,"5.813998000","4.563978000","784","140","192.168.10.22","8081","10.0.0.2","46884","88","56761","38"
,"5.814043000","4.564023000","785","140","192.168.10.22","8081","10.0.0.2","46884","88","56849","38"
,"5.814055000","4.564035000","786","140","192.168.10.22","8081","10.0.0.2","46884","88","56937","38"
,"5.814099000","4.564079000","787","140","192.168.10.22","8081","10.0.0.2","46884","88","57025","38"
,"5.814112000","4.564092000","788","140","192.168.10.22","8081","10.0.0.2","46884","88","57113","38"
,"5.874749000","4.624729000","789","52","10.0.0.2","46884","192.168.10.22","8081","0","38","52009"
,"5.875808000","4.625788000","790","140","192.168.10.22","8081","10.0.0.2","46884","88","57201","38"
,"5.875838000","4.625818000","791","140","192.168.10.22","8081","10.0.0.2","46884","88","57289","38"
,"5.875935000","4.625915000","792","140","192.168.10.22","8081","10.0.0.2","46884","88","57377","38"
,"5.875955000","4.625935000","793","140","192.168.10.22","8081","10.0.0.2","46884","88","57465","38"
,"5.876011000","4.625991000","794","140","192.168.10.22","8081","10.0.0.2","46884","88","57553","38"
,"5.876025000","4.626005000","795","140","192.168.10.22","8081","10.0.0.2","46884","88","57641","38"
,"5.876070000","4.626050000","796","140","192.168.10.22","8081","10.0.0.2","46884","88","57729","38"
,"5.876084000","4.626064000","797","140","192.168.10.22","8081","10.0.0.2","46884","88","57817","38"
,"5.876128000","4.626108000","798","140","192.168.10.22","8081","10.0.0.2","46884","88","57905","38"
,"5.876142000","4.626122000","799","140","192.168.10.22","8081","10.0.0.2","46884","88","57993","38"
,"5.937599000","4.687579000","800","52","10.0.0.2","46884","192.168.10.22","8081","0","38","52977"
,"5.938661000","4.688641000","801","140","192.168.10.22","8081","10.0.0.2","46884","88","58081","38"
,"5.938691000","4.688671000","802","140","192.168.10.22","8081","10.0.0.2","46884","88","58169","38"
,"5.938753000","4.688733000","803","140","192.168.10.22","8081","10.0.0.2","46884","88","58257","38"
,"5.938768000","4.688748000","804","140","192.168.10.22","8081","10.0.0.2","46884","88","58345","38"
,"5.938822000","4.688802000","805","140","192.168.10.22","8081","10.0.0.2","46884","88","58433","38"
,"5.938837000","4.688817000","806","140","192.168.10.22","8081","10.0.0.2","46884","88","58521","38"
,"5.938933000","4.688913000","807","140","192.168.10.22","8081","10.0.0.2","46884","88","58609","38"
,"5.938952000","4.688932000","808","140","192.168.10.22","8081","10.0.0.2","46884","88","58697","38"
,"5.938998000","4.688978000","809","140","192.168.10.22","8081","10.0.0.2","46884","88","58785","38"
,"5.939010000","4.688990000","810","140","192.168.10.22","8081","10.0.0.2","46884","88","58873","38"
,"5.939053000","4.689033000","811","140","192.168.10.22","8081","10.0.0.2","46884","88","58961","38"
,"5.939067000","4.689047000","812","140","192.168.10.22","8081","10.0.0.2","46884","88","59049","38"
,"5.998990000","4.748970000","813","52","10.0.0.2","46884","192.168.10.22","8081","0","38","53681"
,"5.999000000","4.748980000","814","52","10.0.0.2","46884","192.168.10.22","8081","0","38","53857"
,"5.999996000","4.749976000","815","140","192.168.10.22","8081","10.0.0.2","46884","88","59137","38"
,"6.000018000","4.749998000","816","140","192.168.10.22","8081","10.0.0.2","46884","88","59225","38"
,"6.000067000","4.750047000","817","140","192.168.10.22","8081","10.0.0.2","46884","88","59313","38"
,"6.000079000","4.750059000","818","140","192.168.10.22","8081","10.0.0.2","46884","88","59401","38"
,"6.000123000","4.750103000","819","140","192.168.10.22","8081","10.0.0.2","46884","88","59489","38"
,"6.000135000","4.750115000","820","140","192.168.10.22","8081","10.0.0.2","46884","88","59577","38"
,"6.000179000","4.750159000","821","140","192.168.10.22","8081","10.0.0.2","46884","88","59665","38"
,"6.000191000","4.750171000","822","140","192.168.10.22","8081","10.0.0.2","46884","88","59753","38"
,"6.000235000","4.750215000","823","140","192.168.10.22","8081","10.0.0.2","46884","88","59841","38"
,"6.000248000","4.750228000","824","140","192.168.10.22","8081","10.0.0.2","46884","88","59929","38"
,"6.062546000","4.812526000","825","52","10.0.0.2","46884","192.168.10.22","8081","0","38","54737"
,"6.062573000","4.812553000","826","52","10.0.0.2","46884","192.168.10.22","8081","0","38","54825"
,"6.063622000","4.813602000","827","140","192.168.10.22","8081","10.0.0.2","46884","88","60017","38"
,"6.063652000","4.813632000","828","140","192.168.10.22","8081","10.0.0.2","46884","88","60105","38"
,"6.063714000","4.813694000","829","140","192.168.10.22","8081","10.0.0.2","46884","88","60193","38"
,"6.063730000","4.813710000","830","140","192.168.10.22","8081","10.0.0.2","46884","88","60281","38"
,"6.063785000","4.813765000","831","140","192.168.10.22","8081","10.0.0.2","46884","88","60369","38"
,"6.063801000","4.813781000","832","140","192.168.10.22","8081","10.0.0.2","46884","88","60457","38"
,"6.063852000","4.813832000","833","140","192.168.10.22","8081","10.0.0.2","46884","88","60545","38"
,"6.063864000","4.813844000","834","140","192.168.10.22","8081","10.0.0.2","46884","88","60633","38"
,"6.063941000","4.813921000","835","140","192.168.10.22","8081","10.0.0.2","46884","88","60721","38"
,"6.063959000","4.813939000","836","140","192.168.10.22","8081","10.0.0.2","46884","88","60809","38"
,"6.124781000","4.874761000","837","52","10.0.0.2","46884","192.168.10.22","8081","0","38","55529"
,"6.124790000","4.874770000","838","52","10.0.0.2","46884","192.168.10.22","8081","0","38","55705"
,"6.125844000","4.875824000","839","140","192.168.10.22","8081","10.0.0.2","46884","88","60897","38"
,"6.125870000","4.875850000","840","140","192.168.10.22","8081","10.0.0.2","46884","88","60985","38"
,"6.125965000","4.875945000","841","140","192.168.10.22","8081","10.0.0.2","46884","88","61073","38"
,"6.125984000","4.875964000","842","140","192.168.10.22","8081","10.0.0.2","46884","88","61161","38"
,"6.126039000","4.876019000","843","140","192.168.10.22","8081","10.0.0.2","46884","88","61249","38"
,"6.126051000","4.876031000","844","140","192.168.10.22","8081","10.0.0.2","46884","88","61337","38"
,"6.126095000","4.876075000","845","140","192.168.10.22","8081","10.0.0.2","46884","88","61425","38"
,"6.126108000","4.876088000","846","140","192.168.10.22","8081","10.0.0.2","46884","88","61513","38"
,"6.126152000","4.876132000","847","140","192.168.10.22","8081","10.0.0.2","46884","88","61601","38"
,"6.126166000","4.876146000","848","140","192.168.10.22","8081","10.0.0.2","46884","88","61689","38"
,"6.187858000","4.937838000","849","52","10.0.0.2","46884","192.168.10.22","8081","0","38","56673"
,"6.188920000","4.938900000","850","140","192.168.10.22","8081","10.0.0.2","46884","88","61777","38"
,"6.188956000","4.938936000","851","140","192.168.10.22","8081","10.0.0.2","46884","88","61865","38"
,"6.189024000","4.939004000","852","140","192.168.10.22","8081","10.0.0.2","46884","88","61953","38"
,"6.189041000","4.939021000","853","140","192.168.10.22","8081","10.0.0.2","46884","88","62041","38"
,"6.189094000","4.939074000","854","140","192.168.10.22","8081","10.0.0.2","46884","88","62129","38"
,"6.189106000","4.939086000","855","140","192.168.10.22","8081","10.0.0.2","46884","88","62217","38"
,"6.189150000","4.939130000","856","140","192.168.10.22","8081","10.0.0.2","46884","88","62305","38"
,"6.189162000","4.939142000","857","140","192.168.10.22","8081","10.0.0.2","46884","88","62393","38"
,"6.189206000","4.939186000","858","140","192.168.10.22","8081","10.0.0.2","46884","88","62481","38"
,"6.189219000","4.939199000","859","140","192.168.10.22","8081","10.0.0.2","46884","88","62569","38"
,"6.189264000","4.939244000","860","140","192.168.10.22","8081","10.0.0.2","46884","88","62657","38"
,"6.189278000","4.939258000","861","140","192.168.10.22","8081","10.0.0.2","46884","88","62745","38"
,"6.249633000","4.999613000","862","52","10.0.0.2","46884","192.168.10.22","8081","0","38","57465"
,"6.249658000","4.999638000","863","52","10.0.0.2","46884","192.168.10.22","8081","0","38","57553"
,"6.250683000","5.000663000","864","140","192.168.10.22","8081","10.0.0.2","46884","88","62833","38"
,"6.250711000","5.000691000","865","140","192.168.10.22","8081","10.0.0.2","46884","88","62921","38"
,"6.250773000","5.000753000","866","140","192.168.10.22","8081","10.0.0.2","46884","88","63009","38"
,"6.250788000","5.000768000","867","140","192.168.10.22","8081","10.0.0.2","46884","88","63097","38"
,"6.250843000","5.000823000","868","140","192.168.10.22","8081","10.0.0.2","46884","88","63185","38"
,"6.250859000","5.000839000","869","140","192.168.10.22","8081","10.0.0.2","46884","88","63273","38"
,"6.250937000","5.000917000","870","140","192.168.10.22","8081","10.0.0.2","46884","88","63361","38"
,"6.250951000","5.000931000","871","140","192.168.10.22","8081","10.0.0.2","46884","88","63449","38"
,"6.312590000","5.062570000","872","52","10.0.0.2","46884","192.168.10.22","8081","0","38","58257"
,"6.312600000","5.062580000","873","52","10.0.0.2","46884","192.168.10.22","8081","0","38","58433"
,"6.313630000","5.063610000","874","140","192.168.10.22","8081","10.0.0.2","46884","88","63537","38"
,"6.313661000","5.063641000","875","140","192.168.10.22","8081","10.0.0.2","46884","88","63625","38"
,"6.313723000","5.063703000","876","140","192.168.10.22","8081","10.0.0.2","46884","88","63713","38"
,"6.313738000","5.063718000","877","140","192.168.10.22","8081","10.0.0.2","46884","88","63801","38"
,"6.313793000","5.063773000","878","140","192.168.10.22","8081","10.0.0.2","46884","88","63889","38"
,"6.313809000","5.063789000","879","140","192.168.10.22","8081","10.0.0.2","46884","88","63977","38"
,"6.313858000","5.063838000","880","140","192.168.10.22","8081","10.0.0.2","46884","88","64065","38"
,"6.313870000","5.063850000","881","140","192.168.10.22","8081","10.0.0.2","46884","88","64153","38"
,"6.313945000","5.063925000","882","140","192.168.10.22","8081","10.0.0.2","46884","88","64241","38"
,"6.313961000","5.063941000","883","140","192.168.10.22","8081","10.0.0.2","46884","88","64329","38"
,"6.375007000","5.124987000","884","52","10.0.0.2","46884","192.168.10.22","8081","0","38","59401"
,"6.376065000","5.126045000","885","140","192.168.10.22","8081","10.0.0.2","46884","88","64417","38"
,"6.376095000","5.126075000","886","140","192.168.10.22","8081","10.0.0.2","46884","88","64505","38"
,"6.376156000","5.126136000","887","140","192.168.10.22","8081","10.0.0.2","46884","88","64593","38"
,"6.376170000","5.126150000","888","140","192.168.10.22","8081","10.0.0.2","46884","88","64681","38"
,"6.376223000","5.126203000","889","140","192.168.10.22","8081","10.0.0.2","46884","88","64769","38"
,"6.376237000","5.126217000","890","140","192.168.10.22","8081","10.0.0.2","46884","88","64857","38"
,"6.376289000","5.126269000","891","140","192.168.10.22","8081","10.0.0.2","46884","88","64945","38"
,"6.376301000","5.126281000","892","140","192.168.10.22","8081","10.0.0.2","46884","88","65033","38"
,"6.376345000","5.126325000","893","140","192.168.10.22","8081","10.0.0.2","46884","88","65121","38"
,"6.376366000","5.126346000","894","140","192.168.10.22","8081","10.0.0.2","46884","88","65209","38"
,"6.376410000","5.126390000","895","140","192.168.10.22","8081","10.0.0.2","46884","88","65297","38"
,"6.376423000","5.126403000","896","140","192.168.10.22","8081","10.0.0.2","46884","88","65385","38"
,"6.437421000","5.187401000","897","52","10.0.0.2","46884","192.168.10.22","8081","0","38","60281"
,"6.438391000","5.188371000","898","140","192.168.10.22","8081","10.0.0.2","46884","88","65473","38"
,"6.438413000","5.188393000","899","140","192.168.10.22","8081","10.0.0.2","46884","88","65561","38"
,"6.438461000","5.188441000","900","140","192.168.10.22","8081","10.0.0.2","46884","88","65649","38"
,"6.438472000","5.188452000","901","140","192.168.10.22","8081","10.0.0.2","46884","88","65737","38"
,"6.438517000","5.188497000","902","140","192.168.10.22","8081","10.0.0.2","46884","88","65825","38"
,"6.438528000","5.188508000","903","140","192.168.10.22","8081","10.0.0.2","46884","88","65913","38"
,"6.438572000","5.188552000","904","140","192.168.10.22","8081","10.0.0.2","46884","88","66001","38"
,"6.438584000","5.188564000","905","140","192.168.10.22","8081","10.0.0.2","46884","88","66089","38"
,"6.438627000","5.188607000","906","140","192.168.10.22","8081","10.0.0.2","46884","88","66177","38"
,"6.438641000","5.188621000","907","140","192.168.10.22","8081","10.0.0.2","46884","88","66265","38"
,"6.499815000","5.249795000","908","52","10.0.0.2","46884","192.168.10.22","8081","0","38","60721"
,"6.499844000","5.249824000","909","52","10.0.0.2","46884","192.168.10.22","8081","0","38","61249"
,"6.500952000","5.250932000","910","140","192.168.10.22","8081","10.0.0.2","46884","88","66353","38"
,"6.500984000","5.250964000","911","140","192.168.10.22","8081","10.0.0.2","46884","88","66441","38"
,"6.501047000","5.251027000","912","140","192.168.10.22","8081","10.0.0.2","46884","88","66529","38"
,"6.501063000","5.251043000","913","140","192.168.10.22","8081","10.0.0.2","46884","88","66617","38"
,"6.501117000","5.251097000","914","140","192.168.10.22","8081","10.0.0.2","46884","88","66705","38"
,"6.501130000","5.251110000","915","140","192.168.10.22","8081","10.0.0.2","46884","88","66793","38"
,"6.501174000","5.251154000","916","140","192.168.10.22","8081","10.0.0.2","46884","88","66881","38"
,"6.501185000","5.251165000","917","140","192.168.10.22","8081","10.0.0.2","46884","88","66969","38"
,"6.501230000","5.251210000","918","140","192.168.10.22","8081","10.0.0.2","46884","88","67057","38"
,"6.501245000","5.251225000","919","140","192.168.10.22","8081","10.0.0.2","46884","88","67145","38"
,"6.562751000","5.312731000","920","52","10.0.0.2","46884","192.168.10.22","8081","0","38","62129"
,"6.563816000","5.313796000","921","140","192.168.10.22","8081","10.0.0.2","46884","88","67233","38"
,"6.563846000","5.313826000","922","140","192.168.10.22","8081","10.0.0.2","46884","88","67321","38"
,"6.563938000","5.313918000","923","140","192.168.10.22","8081","10.0.0.2","46884","88","67409","38"
,"6.563958000","5.313938000","924","140","192.168.10.22","8081","10.0.0.2","46884","88","67497","38"
,"6.564014000","5.313994000","925","140","192.168.10.22","8081","10.0.0.2","46884","88","67585","38"
,"6.564027000","5.314007000","926","140","192.168.10.22","8081","10.0.0.2","46884","88","67673","38"
,"6.564071000","5.314051000","927","140","192.168.10.22","8081","10.0.0.2","46884","88","67761","38"
,"6.564082000","5.314062000","928","140","192.168.10.22","8081","10.0.0.2","46884","88","67849","38"
,"6.564126000","5.314106000","929","140","192.168.10.22","8081","10.0.0.2","46884","88","67937","38"
,"6.564140000","5.314120000","930","140","192.168.10.22","8081","10.0.0.2","46884","88","68025","38"
,"6.624277000","5.374257000","931","52","10.0.0.2","46884","192.168.10.22","8081","0","38","63097"
,"6.625320000","5.375300000","932","140","192.168.10.22","8081","10.0.0.2","46884","88","68113","38"
,"6.625351000","5.375331000","933","140","192.168.10.22","8081","10.0.0.2","46884","88","68201","38"
,"6.625413000","5.375393000","934","140","192.168.10.22","8081","10.0.0.2","46884","88","68289","38"
,"6.625429000","5.375409000","935","140","192.168.10.22","8081","10.0.0.2","46884","88","68377","38"
,"6.625485000","5.375465000","936","140","192.168.10.22","8081","10.0.0.2","46884","88","68465","38"
,"6.625501000","5.375481000","937","140","192.168.10.22","8081","10.0.0.2","46884","88","68553","38"
,"6.625553000","5.375533000","938","140","192.168.10.22","8081","10.0.0.2","46884","88","68641","38"
,"6.625565000","5.375545000","939","140","192.168.10.22","8081","10.0.0.2","46884","88","68729","38"
,"6.625609000","5.375589000","940","140","192.168.10.22","8081","10.0.0.2","46884","88","68817","38"
,"6.625622000","5.375602000","941","140","192.168.10.22","8081","10.0.0.2","46884","88","68905","38"
,"6.687944000","5.437924000","942","52","10.0.0.2","46884","192.168.10.22","8081","0","38","63185"
,"6.687977000","5.437957000","943","52","10.0.0.2","46884","192.168.10.22","8081","0","38","63977"
,"6.689043000","5.439023000","944","140","192.168.10.22","8081","10.0.0.2","46884","88","68993","38"
,"6.689074000","5.439054000","945","140","192.168.10.22","8081","10.0.0.2","46884","88","69081","38"
,"6.689135000","5.439115000","946","140","192.168.10.22","8081","10.0.0.2","46884","88","69169","38"
,"6.689151000","5.439131000","947","140","192.168.10.22","8081","10.0.0.2","46884","88","69257","38"
,"6.689206000","5.439186000","948","140","192.168.10.22","8081","10.0.0.2","46884","88","69345","38"
,"6.689220000","5.439200000","949","140","192.168.10.22","8081","10.0.0.2","46884","88","69433","38"
,"6.689264000","5.439244000","950","140","192.168.10.22","8081","10.0.0.2","46884","88","69521","38"
,"6.689275000","5.439255000","951","140","192.168.10.22","8081","10.0.0.2","46884","88","69609","38"
,"6.689319000","5.439299000","952","140","192.168.10.22","8081","10.0.0.2","46884","88","69697","38"
,"6.689334000","5.439314000","953","140","192.168.10.22","8081","10.0.0.2","46884","88","69785","38"
,"6.749632000","5.499612000","954","52","10.0.0.2","46884","192.168.10.22","8081","0","38","64945"
,"6.750685000","5.500665000","955","140","192.168.10.22","8081","10.0.0.2","46884","88","69873","38"
,"6.750716000","5.500696000","956","140","192.168.10.22","8081","10.0.0.2","46884","88","69961","38"
,"6.750778000","5.500758000","957","140","192.168.10.22","8081","10.0.0.2","46884","88","70049","38"
,"6.750794000","5.500774000","958","140","192.168.10.22","8081","10.0.0.2","46884","88","70137","38"
,"6.750849000","5.500829000","959","140","192.168.10.22","8081","10.0.0.2","46884","88","70225","38"
,"6.750865000","5.500845000","960","140","192.168.10.22","8081","10.0.0.2","46884","88","70313","38"
,"6.750948000","5.500928000","961","140","192.168.10.22","8081","10.0.0.2","46884","88","70401","38"
,"6.750973000","5.500953000","962","140","192.168.10.22","8081","10.0.0.2","46884","88","70489","38"
,"6.751018000","5.500998000","963","140","192.168.10.22","8081","10.0.0.2","46884","88","70577","38"
,"6.751031000","5.501011000","964","140","192.168.10.22","8081","10.0.0.2","46884","88","70665","38"
,"6.751075000","5.501055000","965","140","192.168.10.22","8081","10.0.0.2","46884","88","70753","38"
,"6.751089000","5.501069000","966","140","192.168.10.22","8081","10.0.0.2","46884","88","70841","38"
,"6.812133000","5.562113000","967","52","10.0.0.2","46884","192.168.10.22","8081","0","38","65737"
,"6.812143000","5.562123000","968","52","10.0.0.2","46884","192.168.10.22","8081","0","38","65825"
,"6.813189000","5.563169000","969","140","192.168.10.22","8081","10.0.0.2","46884","88","70929","38"
,"6.813218000","5.563198000","970","140","192.168.10.22","8081","10.0.0.2","46884","88","71017","38"
,"6.813277000","5.563257000","971","140","192.168.10.22","8081","10.0.0.2","46884","88","71105","38"
,"6.813293000","5.563273000","972","140","192.168.10.22","8081","10.0.0.2","46884","88","71193","38"
,"6.813349000","5.563329000","973","140","192.168.10.22","8081","10.0.0.2","46884","88","71281","38"
,"6.813366000","5.563346000","974","140","192.168.10.22","8081","10.0.0.2","46884","88","71369","38"
,"6.813415000","5.563395000","975","140","192.168.10.22","8081","10.0.0.2","46884","88","71457","38"
,"6.813427000","5.563407000","976","140","192.168.10.22","8081","10.0.0.2","46884","88","71545","38"
,"6.813471000","5.563451000","977","140","192.168.10.22","8081","10.0.0.2","46884","88","71633","38"
,"6.813485000","5.563465000","978","140","192.168.10.22","8081","10.0.0.2","46884","88","71721","38"
,"6.874865000","5.624845000","979","52","10.0.0.2","46884","192.168.10.22","8081","0","38","66705"
,"6.875939000","5.625919000","980","140","192.168.10.22","8081","10.0.0.2","46884","88","71809","38"
,"6.875971000","5.625951000","981","140","192.168.10.22","8081","10.0.0.2","46884","88","71897","38"
,"6.876036000","5.626016000","982","140","192.168.10.22","8081","10.0.0.2","46884","88","71985","38"
,"6.876052000","5.626032000","983","140","192.168.10.22","8081","10.0.0.2","46884","88","72073","38"
,"6.876107000","5.626087000","984","140","192.168.10.22","8081","10.0.0.2","46884","88","72161","38"
,"6.876119000","5.626099000","985","140","192.168.10.22","8081","10.0.0.2","46884","88","72249","38"
,"6.876166000","5.626146000","986","140","192.168.10.22","8081","10.0.0.2","46884","88","72337","38"
,"6.876177000","5.626157000","987","140","192.168.10.22","8081","10.0.0.2","46884","88","72425","38"
,"6.876221000","5.626201000","988","140","192.168.10.22","8081","10.0.0.2","46884","88","72513","38"
,"6.876234000","5.626214000","989","140","192.168.10.22","8081","10.0.0.2","46884","88","72601","38"
,"6.937656000","5.687636000","990","52","10.0.0.2","46884","192.168.10.22","8081","0","38","67673"
,"6.938686000","5.688666000","991","140","192.168.10.22","8081","10.0.0.2","46884","88","72689","38"
,"6.938716000","5.688696000","992","140","192.168.10.22","8081","10.0.0.2","46884","88","72777","38"
,"6.938775000","5.688755000","993","140","192.168.10.22","8081","10.0.0.2","46884","88","72865","38"
,"6.938790000","5.688770000","994","140","192.168.10.22","8081","10.0.0.2","46884","88","72953","38"
,"6.938842000","5.688822000","995","140","192.168.10.22","8081","10.0.0.2","46884","88","73041","38"
,"6.938857000","5.688837000","996","140","192.168.10.22","8081","10.0.0.2","46884","88","73129","38"
,"6.938949000","5.688929000","997","140","192.168.10.22","8081","10.0.0.2","46884","88","73217","38"
,"6.938965000","5.688945000","998","140","192.168.10.22","8081","10.0.0.2","46884","88","73305","38"
,"6.939009000","5.688989000","999","140","192.168.10.22","8081","10.0.0.2","46884","88","73393","38"
,"6.939023000","5.689003000","1000","140","192.168.10.22","8081","10.0.0.2","46884","88","73481","38"
,"6.998992000","5.748972000","1001","52","10.0.0.2","46884","192.168.10.22","8081","0","38","68289"
,"6.999001000","5.748981000","1002","52","10.0.0.2","46884","192.168.10.22","8081","0","38","68553"
,"7.000011000","5.749991000","1003","140","192.168.10.22","8081","10.0.0.2","46884","88","73569","38"
,"7.000032000","5.750012000","1004","140","192.168.10.22","8081","10.0.0.2","46884","88","73657","38"
,"7.000083000","5.750063000","1005","140","192.168.10.22","8081","10.0.0.2","46884","88","73745","38"
,"7.000095000","5.750075000","1006","140","192.168.10.22","8081","10.0.0.2","46884","88","73833","38"
,"7.000141000","5.750121000","1007","140","192.168.10.22","8081","10.0.0.2","46884","88","73921","38"
,"7.000152000","5.750132000","1008","140","192.168.10.22","8081","10.0.0.2","46884","88","74009","38"
,"7.000198000","5.750178000","1009","140","192.168.10.22","8081","10.0.0.2","46884","88","74097","38"
,"7.000209000","5.750189000","1010","140","192.168.10.22","8081","10.0.0.2","46884","88","74185","38"
,"7.000254000","5.750234000","1011","140","192.168.10.22","8081","10.0.0.2","46884","88","74273","38"
,"7.000272000","5.750252000","1012","140","192.168.10.22","8081","10.0.0.2","46884","88","74361","38"
,"7.062727000","5.812707000","1013","52","10.0.0.2","46884","192.168.10.22","8081","0","38","69521"
,"7.063776000","5.813756000","1014","140","192.168.10.22","8081","10.0.0.2","46884","88","74449","38"
,"7.063806000","5.813786000","1015","140","192.168.10.22","8081","10.0.0.2","46884","88","74537","38"
,"7.063867000","5.813847000","1016","140","192.168.10.22","8081","10.0.0.2","46884","88","74625","38"
,"7.063915000","5.813895000","1017","140","192.168.10.22","8081","10.0.0.2","46884","88","74713","38"
,"7.063979000","5.813959000","1018","140","192.168.10.22","8081","10.0.0.2","46884","88","74801","38"
,"7.063992000","5.813972000","1019","140","192.168.10.22","8081","10.0.0.2","46884","88","74889","38"
,"7.064037000","5.814017000","1020","140","192.168.10.22","8081","10.0.0.2","46884","88","74977","38"
,"7.064048000","5.814028000","1021","140","192.168.10.22","8081","10.0.0.2","46884","88","75065","38"
,"7.064091000","5.814071000","1022","140","192.168.10.22","8081","10.0.0.2","46884","88","75153","38"
,"7.064106000","5.814086000","1023","140","192.168.10.22","8081","10.0.0.2","46884","88","75241","38"
,"7.124702000","5.874682000","1024","52","10.0.0.2","46884","192.168.10.22","8081","0","38","70313"
,"7.124713000","5.874693000","1025","52","10.0.0.2","46884","192.168.10.22","8081","0","38","70401"
,"7.125752000","5.875732000","1026","140","192.168.10.22","8081","10.0.0.2","46884","88","75329","38"
,"7.125782000","5.875762000","1027","140","192.168.10.22","8081","10.0.0.2","46884","88","75417","38"
,"7.125844000","5.875824000","1028","140","192.168.10.22","8081","10.0.0.2","46884","88","75505","38"
,"7.125860000","5.875840000","1029","140","192.168.10.22","8081","10.0.0.2","46884","88","75593","38"
,"7.125960000","5.875940000","1030","140","192.168.10.22","8081","10.0.0.2","46884","88","75681","38"
,"7.125977000","5.875957000","1031","140","192.168.10.22","8081","10.0.0.2","46884","88","75769","38"
,"7.126023000","5.876003000","1032","140","192.168.10.22","8081","10.0.0.2","46884","88","75857","38"
,"7.126044000","5.876024000","1033","140","192.168.10.22","8081","10.0.0.2","46884","88","75945","38"
,"7.126088000","5.876068000","1034","140","192.168.10.22","8081","10.0.0.2","46884","88","76033","38"
,"7.126101000","5.876081000","1035","140","192.168.10.22","8081","10.0.0.2","46884","88","76121","38"
,"7.187136000","5.937116000","1036","52","10.0.0.2","46884","192.168.10.22","8081","0","38","71105"
,"7.187146000","5.937126000","1037","52","10.0.0.2","46884","192.168.10.22","8081","0","38","71369"
,"7.188202000","5.938182000","1038","140","192.168.10.22","8081","10.0.0.2","46884","88","76209","38"
,"7.188230000","5.938210000","1039","140","192.168.10.22","8081","10.0.0.2","46884","88","76297","38"
,"7.188290000","5.938270000","1040","140","192.168.10.22","8081","10.0.0.2","46884","88","76385","38"
,"7.188305000","5.938285000","1041","140","192.168.10.22","8081","10.0.0.2","46884","88","76473","38"
,"7.188359000","5.938339000","1042","140","192.168.10.22","8081","10.0.0.2","46884","88","76561","38"
,"7.188375000","5.938355000","1043","140","192.168.10.22","8081","10.0.0.2","46884","88","76649","38"
,"7.188426000","5.938406000","1044","140","192.168.10.22","8081","10.0.0.2","46884","88","76737","38"
,"7.188439000","5.938419000","1045","140","192.168.10.22","8081","10.0.0.2","46884","88","76825","38"
,"7.188483000","5.938463000","1046","140","192.168.10.22","8081","10.0.0.2","46884","88","76913","38"
,"7.188498000","5.938478000","1047","140","192.168.10.22","8081","10.0.0.2","46884","88","77001","38"
,"7.188542000","5.938522000","1048","140","192.168.10.22","8081","10.0.0.2","46884","88","77089","38"
,"7.188555000","5.938535000","1049","140","192.168.10.22","8081","10.0.0.2","46884","88","77177","38"
,"7.249568000","5.999548000","1050","52","10.0.0.2","46884","192.168.10.22","8081","0","38","72161"
,"7.249593000","5.999573000","1051","52","10.0.0.2","46884","192.168.10.22","8081","0","38","72249"
,"7.250625000","6.000605000","1052","140","192.168.10.22","8081","10.0.0.2","46884","88","77265","38"
,"7.250652000","6.000632000","1053","140","192.168.10.22","8081","10.0.0.2","46884","88","77353","38"
,"7.250715000","6.000695000","1054","140","192.168.10.22","8081","10.0.0.2","46884","88","77441","38"
,"7.250732000","6.000712000","1055","140","192.168.10.22","8081","10.0.0.2","46884","88","77529","38"
,"7.250787000","6.000767000","1056","140","192.168.10.22","8081","10.0.0.2","46884","88","77617","38"
,"7.250804000","6.000784000","1057","140","192.168.10.22","8081","10.0.0.2","46884","88","77705","38"
,"7.250855000","6.000835000","1058","140","192.168.10.22","8081","10.0.0.2","46884","88","77793","38"
,"7.250867000","6.000847000","1059","140","192.168.10.22","8081","10.0.0.2","46884","88","77881","38"
,"7.250948000","6.000928000","1060","140","192.168.10.22","8081","10.0.0.2","46884","88","77969","38"
,"7.250963000","6.000943000","1061","140","192.168.10.22","8081","10.0.0.2","46884","88","78057","38"
,"7.312918000","6.062898000","1062","52","10.0.0.2","46884","192.168.10.22","8081","0","38","72777"
,"7.312928000","6.062908000","1063","52","10.0.0.2","46884","192.168.10.22","8081","0","38","73217"
,"7.313975000","6.063955000","1064","140","192.168.10.22","8081","10.0.0.2","46884","88","78145","38"
,"7.314004000","6.063984000","1065","140","192.168.10.22","8081","10.0.0.2","46884","88","78233","38"
,"7.314062000","6.064042000","1066","140","192.168.10.22","8081","10.0.0.2","46884","88","78321","38"
,"7.314077000","6.064057000","1067","140","192.168.10.22","8081","10.0.0.2","46884","88","78409","38"
,"7.314131000","6.064111000","1068","140","192.168.10.22","8081","10.0.0.2","46884","88","78497","38"
,"7.314145000","6.064125000","1069","140","192.168.10.22","8081","10.0.0.2","46884","88","78585","38"
,"7.314191000","6.064171000","1070","140","192.168.10.22","8081","10.0.0.2","46884","88","78673","38"
,"7.314203000","6.064183000","1071","140","192.168.10.22","8081","10.0.0.2","46884","88","78761","38"
,"7.314246000","6.064226000","1072","140","192.168.10.22","8081","10.0.0.2","46884","88","78849","38"
,"7.314268000","6.064248000","1073","140","192.168.10.22","8081","10.0.0.2","46884","88","78937","38"
,"7.374203000","6.124183000","1074","52","10.0.0.2","46884","192.168.10.22","8081","0","38","74097"
,"7.375164000","6.125144000","1075","140","192.168.10.22","8081","10.0.0.2","46884","88","79025","38"
,"7.375186000","6.125166000","1076","140","192.168.10.22","8081","10.0.0.2","46884","88","79113","38"
,"7.375235000","6.125215000","1077","140","192.168.10.22","8081","10.0.0.2","46884","88","79201","38"
,"7.375247000","6.125227000","1078","140","192.168.10.22","8081","10.0.0.2","46884","88","79289","38"
,"7.375290000","6.125270000","1079","140","192.168.10.22","8081","10.0.0.2","46884","88","79377","38"
,"7.375302000","6.125282000","1080","140","192.168.10.22","8081","10.0.0.2","46884","88","79465","38"
,"7.375346000","6.125326000","1081","140","192.168.10.22","8081","10.0.0.2","46884","88","79553","38"
,"7.375356000","6.125336000","1082","140","192.168.10.22","8081","10.0.0.2","46884","88","79641","38"
,"7.375401000","6.125381000","1083","140","192.168.10.22","8081","10.0.0.2","46884","88","79729","38"
,"7.375415000","6.125395000","1084","140","192.168.10.22","8081","10.0.0.2","46884","88","79817","38"
,"7.437349000","6.187329000","1085","52","10.0.0.2","46884","192.168.10.22","8081","0","38","74977"
,"7.438297000","6.188277000","1086","140","192.168.10.22","8081","10.0.0.2","46884","88","79905","38"
,"7.438319000","6.188299000","1087","140","192.168.10.22","8081","10.0.0.2","46884","88","79993","38"
,"7.438366000","6.188346000","1088","140","192.168.10.22","8081","10.0.0.2","46884","88","80081","38"
,"7.438377000","6.188357000","1089","140","192.168.10.22","8081","10.0.0.2","46884","88","80169","38"
,"7.438421000","6.188401000","1090","140","192.168.10.22","8081","10.0.0.2","46884","88","80257","38"
,"7.438432000","6.188412000","1091","140","192.168.10.22","8081","10.0.0.2","46884","88","80345","38"
,"7.438476000","6.188456000","1092","140","192.168.10.22","8081","10.0.0.2","46884","88","80433","38"
,"7.438487000","6.188467000","1093","140","192.168.10.22","8081","10.0.0.2","46884","88","80521","38"
,"7.438530000","6.188510000","1094","140","192.168.10.22","8081","10.0.0.2","46884","88","80609","38"
,"7.438543000","6.188523000","1095","140","192.168.10.22","8081","10.0.0.2","46884","88","80697","38"
,"7.499869000","6.249849000","1096","52","10.0.0.2","46884","192.168.10.22","8081","0","38","75857"
,"7.499940000","6.249920000","1097","52","10.0.0.2","46884","192.168.10.22","8081","0","38","75945"
,"7.500971000","6.250951000","1098","140","192.168.10.22","8081","10.0.0.2","46884","88","80785","38"
,"7.501003000","6.250983000","1099","140","192.168.10.22","8081","10.0.0.2","46884","88","80873","38"
,"7.501064000","6.251044000","1100","140","192.168.10.22","8081","10.0.0.2","46884","88","80961","38"
,"7.501080000","6.251060000","1101","140","192.168.10.22","8081","10.0.0.2","46884","88","81049","38"
,"7.501133000","6.251113000","1102","140","192.168.10.22","8081","10.0.0.2","46884","88","81137","38"
,"7.501145000","6.251125000","1103","140","192.168.10.22","8081","10.0.0.2","46884","88","81225","38"
,"7.501191000","6.251171000","1104","140","192.168.10.22","8081","10.0.0.2","46884","88","81313","38"
,"7.501202000","6.251182000","1105","140","192.168.10.22","8081","10.0.0.2","46884","88","81401","38"
,"7.501246000","6.251226000","1106","140","192.168.10.22","8081","10.0.0.2","46884","88","81489","38"
,"7.501260000","6.251240000","1107","140","192.168.10.22","8081","10.0.0.2","46884","88","81577","38"
,"7.562974000","6.312954000","1108","52","10.0.0.2","46884","192.168.10.22","8081","0","38","76825"
,"7.564004000","6.313984000","1109","140","192.168.10.22","8081","10.0.0.2","46884","88","81665","38"
,"7.564036000","6.314016000","1110","140","192.168.10.22","8081","10.0.0.2","46884","88","81753","38"
,"7.564096000","6.314076000","1111","140","192.168.10.22","8081","10.0.0.2","46884","88","81841","38"
,"7.564112000","6.314092000","1112","140","192.168.10.22","8081","10.0.0.2","46884","88","81929","38"
,"7.564168000","6.314148000","1113","140","192.168.10.22","8081","10.0.0.2","46884","88","82017","38"
,"7.564182000","6.314162000","1114","140","192.168.10.22","8081","10.0.0.2","46884","88","82105","38"
,"7.564226000","6.314206000","1115","140","192.168.10.22","8081","10.0.0.2","46884","88","82193","38"
,"7.564237000","6.314217000","1116","140","192.168.10.22","8081","10.0.0.2","46884","88","82281","38"
,"7.564280000","6.314260000","1117","140","192.168.10.22","8081","10.0.0.2","46884","88","82369","38"
,"7.564301000","6.314281000","1118","140","192.168.10.22","8081","10.0.0.2","46884","88","82457","38"
,"7.624261000","6.374241000","1119","52","10.0.0.2","46884","192.168.10.22","8081","0","38","77793"
,"7.625231000","6.375211000","1120","140","192.168.10.22","8081","10.0.0.2","46884","88","82545","38"
,"7.625252000","6.375232000","1121","140","192.168.10.22","8081","10.0.0.2","46884","88","82633","38"
,"7.625301000","6.375281000","1122","140","192.168.10.22","8081","10.0.0.2","46884","88","82721","38"
,"7.625313000","6.375293000","1123","140","192.168.10.22","8081","10.0.0.2","46884","88","82809","38"
,"7.625358000","6.375338000","1124","140","192.168.10.22","8081","10.0.0.2","46884","88","82897","38"
,"7.625370000","6.375350000","1125","140","192.168.10.22","8081","10.0.0.2","46884","88","82985","38"
,"7.625414000","6.375394000","1126","140","192.168.10.22","8081","10.0.0.2","46884","88","83073","38"
,"7.625425000","6.375405000","1127","140","192.168.10.22","8081","10.0.0.2","46884","88","83161","38"
,"7.625469000","6.375449000","1128","140","192.168.10.22","8081","10.0.0.2","46884","88","83249","38"
,"7.625484000","6.375464000","1129","140","192.168.10.22","8081","10.0.0.2","46884","88","83337","38"
,"7.625527000","6.375507000","1130","140","192.168.10.22","8081","10.0.0.2","46884","88","83425","38"
,"7.625541000","6.375521000","1131","140","192.168.10.22","8081","10.0.0.2","46884","88","83513","38"
,"7.687158000","6.437138000","1132","52","10.0.0.2","46884","192.168.10.22","8081","0","38","77969"
,"7.687184000","6.437164000","1133","52","10.0.0.2","46884","192.168.10.22","8081","0","38","78673"
,"7.688233000","6.438213000","1134","140","192.168.10.22","8081","10.0.0.2","46884","88","83601","38"
,"7.688258000","6.438238000","1135","140","192.168.10.22","8081","10.0.0.2","46884","88","83689","38"
,"7.688308000","6.438288000","1136","140","192.168.10.22","8081","10.0.0.2","46884","88","83777","38"
,"7.688319000","6.438299000","1137","140","192.168.10.22","8081","10.0.0.2","46884","88","83865","38"
,"7.688365000","6.438345000","1138","140","192.168.10.22","8081","10.0.0.2","46884","88","83953","38"
,"7.688377000","6.438357000","1139","140","192.168.10.22","8081","10.0.0.2","46884","88","84041","38"
,"7.688421000","6.438401000","1140","140","192.168.10.22","8081","10.0.0.2","46884","88","84129","38"
,"7.688432000","6.438412000","1141","140","192.168.10.22","8081","10.0.0.2","46884","88","84217","38"
,"7.688475000","6.438455000","1142","140","192.168.10.22","8081","10.0.0.2","46884","88","84305","38"
,"7.688503000","6.438483000","1143","140","192.168.10.22","8081","10.0.0.2","46884","88","84393","38"
,"7.749041000","6.499021000","1144","52","10.0.0.2","46884","192.168.10.22","8081","0","38","79641"
,"7.749918000","6.499898000","1145","140","192.168.10.22","8081","10.0.0.2","46884","88","84481","38"
,"7.749955000","6.499935000","1146","140","192.168.10.22","8081","10.0.0.2","46884","88","84569","38"
,"7.750006000","6.499986000","1147","140","192.168.10.22","8081","10.0.0.2","46884","88","84657","38"
,"7.750018000","6.499998000","1148","140","192.168.10.22","8081","10.0.0.2","46884","88","84745","38"
,"7.750064000","6.500044000","1149","140","192.168.10.22","8081","10.0.0.2","46884","88","84833","38"
,"7.750076000","6.500056000","1150","140","192.168.10.22","8081","10.0.0.2","46884","88","84921","38"
,"7.750121000","6.500101000","1151","140","192.168.10.22","8081","10.0.0.2","46884","88","85009","38"
,"7.750135000","6.500115000","1152","140","192.168.10.22","8081","10.0.0.2","46884","88","85097","38"
,"7.750181000","6.500161000","1153","140","192.168.10.22","8081","10.0.0.2","46884","88","85185","38"
,"7.750192000","6.500172000","1154","140","192.168.10.22","8081","10.0.0.2","46884","88","85273","38"
,"7.812194000","6.562174000","1155","52","10.0.0.2","46884","192.168.10.22","8081","0","38","80081"
,"7.812203000","6.562183000","1156","52","10.0.0.2","46884","192.168.10.22","8081","0","38","80521"
,"7.813188000","6.563168000","1157","140","192.168.10.22","8081","10.0.0.2","46884","88","85361","38"
,"7.813229000","6.563209000","1158","140","192.168.10.22","8081","10.0.0.2","46884","88","85449","38"
,"7.813295000","6.563275000","1159","140","192.168.10.22","8081","10.0.0.2","46884","88","85537","38"
,"7.813311000","6.563291000","1160","140","192.168.10.22","8081","10.0.0.2","46884","88","85625","38"
,"7.813365000","6.563345000","1161","140","192.168.10.22","8081","10.0.0.2","46884","88","85713","38"
,"7.813378000","6.563358000","1162","140","192.168.10.22","8081","10.0.0.2","46884","88","85801","38"
,"7.813423000","6.563403000","1163","140","192.168.10.22","8081","10.0.0.2","46884","88","85889","38"
,"7.813435000","6.563415000","1164","140","192.168.10.22","8081","10.0.0.2","46884","88","85977","38"
,"7.813480000","6.563460000","1165","140","192.168.10.22","8081","10.0.0.2","46884","88","86065","38"
,"7.813494000","6.563474000","1166","140","192.168.10.22","8081","10.0.0.2","46884","88","86153","38"
,"7.874331000","6.624311000","1167","52","10.0.0.2","46884","192.168.10.22","8081","0","38","81401"
,"7.874358000","6.624338000","1168","52","10.0.0.2","46884","192.168.10.22","8081","0","38","81489"
,"7.875257000","6.625237000","1169","140","192.168.10.22","8081","10.0.0.2","46884","88","86241","38"
,"7.875293000","6.625273000","1170","140","192.168.10.22","8081","10.0.0.2","46884","88","86329","38"
,"7.875342000","6.625322000","1171","140","192.168.10.22","8081","10.0.0.2","46884","88","86417","38"
,"7.875355000","6.625335000","1172","140","192.168.10.22","8081","10.0.0.2","46884","88","86505","38"
,"7.875400000","6.625380000","1173","140","192.168.10.22","8081","10.0.0.2","46884","88","86593","38"
,"7.875413000","6.625393000","1174","140","192.168.10.22","8081","10.0.0.2","46884","88","86681","38"
,"7.875457000","6.625437000","1175","140","192.168.10.22","8081","10.0.0.2","46884","88","86769","38"
,"7.875468000","6.625448000","1176","140","192.168.10.22","8081","10.0.0.2","46884","88","86857","38"
,"7.875513000","6.625493000","1177","140","192.168.10.22","8081","10.0.0.2","46884","88","86945","38"
,"7.875527000","6.625507000","1178","140","192.168.10.22","8081","10.0.0.2","46884","88","87033","38"
,"7.937773000","6.687753000","1179","52","10.0.0.2","46884","192.168.10.22","8081","0","38","82281"
,"7.937804000","6.687784000","1180","52","10.0.0.2","46884","192.168.10.22","8081","0","38","82369"
,"7.938836000","6.688816000","1181","140","192.168.10.22","8081","10.0.0.2","46884","88","87121","38"
,"7.938903000","6.688883000","1182","140","192.168.10.22","8081","10.0.0.2","46884","88","87209","38"
,"7.938978000","6.688958000","1183","140","192.168.10.22","8081","10.0.0.2","46884","88","87297","38"
,"7.938994000","6.688974000","1184","140","192.168.10.22","8081","10.0.0.2","46884","88","87385","38"
,"7.939041000","6.689021000","1185","140","192.168.10.22","8081","10.0.0.2","46884","88","87473","38"
,"7.939054000","6.689034000","1186","140","192.168.10.22","8081","10.0.0.2","46884","88","87561","38"
,"7.939100000","6.689080000","1187","140","192.168.10.22","8081","10.0.0.2","46884","88","87649","38"
,"7.939114000","6.689094000","1188","140","192.168.10.22","8081","10.0.0.2","46884","88","87737","38"
,"7.939158000","6.689138000","1189","140","192.168.10.22","8081","10.0.0.2","46884","88","87825","38"
,"7.939171000","6.689151000","1190","140","192.168.10.22","8081","10.0.0.2","46884","88","87913","38"
,"7.999093000","6.749073000","1191","52","10.0.0.2","46884","192.168.10.22","8081","0","38","82721"
,"7.999103000","6.749083000","1192","52","10.0.0.2","46884","192.168.10.22","8081","0","38","83249"
,"7.999937000","6.749917000","1193","140","192.168.10.22","8081","10.0.0.2","46884","88","88001","38"
,"7.999974000","6.749954000","1194","140","192.168.10.22","8081","10.0.0.2","46884","88","88089","38"
,"8.000026000","6.750006000","1195","140","192.168.10.22","8081","10.0.0.2","46884","88","88177","38"
,"8.000039000","6.750019000","1196","140","192.168.10.22","8081","10.0.0.2","46884","88","88265","38"
,"8.000085000","6.750065000","1197","140","192.168.10.22","8081","10.0.0.2","46884","88","88353","38"
,"8.000097000","6.750077000","1198","140","192.168.10.22","8081","10.0.0.2","46884","88","88441","38"
,"8.000141000","6.750121000","1199","140","192.168.10.22","8081","10.0.0.2","46884","88","88529","38"
,"8.000152000","6.750132000","1200","140","192.168.10.22","8081","10.0.0.2","46884","88","88617","38"
,"8.000197000","6.750177000","1201","140","192.168.10.22","8081","10.0.0.2","46884","88","88705","38"
,"8.000210000","6.750190000","1202","140","192.168.10.22","8081","10.0.0.2","46884","88","88793","38"
,"8.062974000","6.812954000","1203","52","10.0.0.2","46884","192.168.10.22","8081","0","38","84041"
,"8.062997000","6.812977000","1204","52","10.0.0.2","46884","192.168.10.22","8081","0","38","84217"
,"8.064004000","6.813984000","1205","140","192.168.10.22","8081","10.0.0.2","46884","88","88881","38"
,"8.064046000","6.814026000","1206","140","192.168.10.22","8081","10.0.0.2","46884","88","88969","38"
,"8.064109000","6.814089000","1207","140","192.168.10.22","8081","10.0.0.2","46884","88","89057","38"
,"8.064126000","6.814106000","1208","140","192.168.10.22","8081","10.0.0.2","46884","88","89145","38"
,"8.064176000","6.814156000","1209","140","192.168.10.22","8081","10.0.0.2","46884","88","89233","38"
,"8.064188000","6.814168000","1210","140","192.168.10.22","8081","10.0.0.2","46884","88","89321","38"
,"8.064235000","6.814215000","1211","140","192.168.10.22","8081","10.0.0.2","46884","88","89409","38"
,"8.064247000","6.814227000","1212","140","192.168.10.22","8081","10.0.0.2","46884","88","89497","38"
,"8.064291000","6.814271000","1213","140","192.168.10.22","8081","10.0.0.2","46884","88","89585","38"
,"8.064305000","6.814285000","1214","140","192.168.10.22","8081","10.0.0.2","46884","88","89673","38"
,"8.064350000","6.814330000","1215","140","192.168.10.22","8081","10.0.0.2","46884","88","89761","38"
,"8.064363000","6.814343000","1216","140","192.168.10.22","8081","10.0.0.2","46884","88","89849","38"
,"8.124596000","6.874576000","1217","52","10.0.0.2","46884","192.168.10.22","8081","0","38","85009"
,"8.124604000","6.874584000","1218","52","10.0.0.2","46884","192.168.10.22","8081","0","38","85097"
,"8.125590000","6.875570000","1219","140","192.168.10.22","8081","10.0.0.2","46884","88","89937","38"
,"8.125631000","6.875611000","1220","140","192.168.10.22","8081","10.0.0.2","46884","88","90025","38"
,"8.125694000","6.875674000","1221","140","192.168.10.22","8081","10.0.0.2","46884","88","90113","38"
,"8.125710000","6.875690000","1222","140","192.168.10.22","8081","10.0.0.2","46884","88","90201","38"
,"8.125765000","6.875745000","1223","140","192.168.10.22","8081","10.0.0.2","46884","88","90289","38"
,"8.125778000","6.875758000","1224","140","192.168.10.22","8081","10.0.0.2","46884","88","90377","38"
,"8.125825000","6.875805000","1225","140","192.168.10.22","8081","10.0.0.2","46884","88","90465","38"
,"8.125836000","6.875816000","1226","140","192.168.10.22","8081","10.0.0.2","46884","88","90553","38"
,"8.187015000","6.936995000","1227","52","10.0.0.2","46884","192.168.10.22","8081","0","38","85801"
,"8.187021000","6.937001000","1228","52","10.0.0.2","46884","192.168.10.22","8081","0","38","86065"
,"8.187932000","6.937912000","1229","140","192.168.10.22","8081","10.0.0.2","46884","88","90641","38"
,"8.187968000","6.937948000","1230","140","192.168.10.22","8081","10.0.0.2","46884","88","90729","38"
,"8.188020000","6.938000000","1231","140","192.168.10.22","8081","10.0.0.2","46884","88","90817","38"
,"8.188032000","6.938012000","1232","140","192.168.10.22","8081","10.0.0.2","46884","88","90905","38"
,"8.188077000","6.938057000","1233","140","192.168.10.22","8081","10.0.0.2","46884","88","90993","38"
,"8.188089000","6.938069000","1234","140","192.168.10.22","8081","10.0.0.2","46884","88","91081","38"
,"8.188133000","6.938113000","1235","140","192.168.10.22","8081","10.0.0.2","46884","88","91169","38"
,"8.188152000","6.938132000","1236","140","192.168.10.22","8081","10.0.0.2","46884","88","91257","38"
,"8.188197000","6.938177000","1237","140","192.168.10.22","8081","10.0.0.2","46884","88","91345","38"
,"8.188211000","6.938191000","1238","140","192.168.10.22","8081","10.0.0.2","46884","88","91433","38"
,"8.188256000","6.938236000","1239","140","192.168.10.22","8081","10.0.0.2","46884","88","91521","38"
,"8.188269000","6.938249000","1240","140","192.168.10.22","8081","10.0.0.2","46884","88","91609","38"
,"8.249905000","6.999885000","1241","52","10.0.0.2","46884","192.168.10.22","8081","0","38","86857"
,"8.249940000","6.999920000","1242","52","10.0.0.2","46884","192.168.10.22","8081","0","38","86945"
,"8.250899000","7.000879000","1243","140","192.168.10.22","8081","10.0.0.2","46884","88","91697","38"
,"8.250960000","7.000940000","1244","140","192.168.10.22","8081","10.0.0.2","46884","88","91785","38"
,"8.251025000","7.001005000","1245","140","192.168.10.22","8081","10.0.0.2","46884","88","91873","38"
,"8.251040000","7.001020000","1246","140","192.168.10.22","8081","10.0.0.2","46884","88","91961","38"
,"8.251086000","7.001066000","1247","140","192.168.10.22","8081","10.0.0.2","46884","88","92049","38"
,"8.251100000","7.001080000","1248","140","192.168.10.22","8081","10.0.0.2","46884","88","92137","38"
,"8.251146000","7.001126000","1249","140","192.168.10.22","8081","10.0.0.2","46884","88","92225","38"
,"8.251160000","7.001140000","1250","140","192.168.10.22","8081","10.0.0.2","46884","88","92313","38"
,"8.251206000","7.001186000","1251","140","192.168.10.22","8081","10.0.0.2","46884","88","92401","38"
,"8.251220000","7.001200000","1252","140","192.168.10.22","8081","10.0.0.2","46884","88","92489","38"
,"8.312962000","7.062942000","1253","52","10.0.0.2","46884","192.168.10.22","8081","0","38","87737"
,"8.312986000","7.062966000","1254","52","10.0.0.2","46884","192.168.10.22","8081","0","38","87825"
,"8.312998000","7.062978000","1255","52","10.0.0.2","46884","192.168.10.22","8081","0","38","87913"
,"8.313952000","7.063932000","1256","140","192.168.10.22","8081","10.0.0.2","46884","88","92577","38"
,"8.313989000","7.063969000","1257","140","192.168.10.22","8081","10.0.0.2","46884","88","92665","38"
,"8.314045000","7.064025000","1258","140","192.168.10.22","8081","10.0.0.2","46884","88","92753","38"
,"8.314059000","7.064039000","1259","140","192.168.10.22","8081","10.0.0.2","46884","88","92841","38"
,"8.314107000","7.064087000","1260","140","192.168.10.22","8081","10.0.0.2","46884","88","92929","38"
,"8.314120000","7.064100000","1261","140","192.168.10.22","8081","10.0.0.2","46884","88","93017","38"
,"8.314168000","7.064148000","1262","140","192.168.10.22","8081","10.0.0.2","46884","88","93105","38"
,"8.314180000","7.064160000","1263","140","192.168.10.22","8081","10.0.0.2","46884","88","93193","38"
,"8.314224000","7.064204000","1264","140","192.168.10.22","8081","10.0.0.2","46884","88","93281","38"
,"8.314237000","7.064217000","1265","140","192.168.10.22","8081","10.0.0.2","46884","88","93369","38"
,"8.374449000","7.124429000","1266","52","10.0.0.2","46884","192.168.10.22","8081","0","38","88617"
,"8.374476000","7.124456000","1267","52","10.0.0.2","46884","192.168.10.22","8081","0","38","88793"
,"8.375456000","7.125436000","1268","140","192.168.10.22","8081","10.0.0.2","46884","88","93457","38"
,"8.375498000","7.125478000","1269","140","192.168.10.22","8081","10.0.0.2","46884","88","93545","38"
,"8.375562000","7.125542000","1270","140","192.168.10.22","8081","10.0.0.2","46884","88","93633","38"
,"8.375579000","7.125559000","1271","140","192.168.10.22","8081","10.0.0.2","46884","88","93721","38"
,"8.375633000","7.125613000","1272","140","192.168.10.22","8081","10.0.0.2","46884","88","93809","38"
,"8.375646000","7.125626000","1273","140","192.168.10.22","8081","10.0.0.2","46884","88","93897","38"
,"8.375690000","7.125670000","1274","140","192.168.10.22","8081","10.0.0.2","46884","88","93985","38"
,"8.375702000","7.125682000","1275","140","192.168.10.22","8081","10.0.0.2","46884","88","94073","38"
,"8.375746000","7.125726000","1276","140","192.168.10.22","8081","10.0.0.2","46884","88","94161","38"
,"8.375760000","7.125740000","1277","140","192.168.10.22","8081","10.0.0.2","46884","88","94249","38"
,"8.437766000","7.187746000","1278","52","10.0.0.2","46884","192.168.10.22","8081","0","38","89585"
,"8.437793000","7.187773000","1279","52","10.0.0.2","46884","192.168.10.22","8081","0","38","89761"
,"8.438816000","7.188796000","1280","140","192.168.10.22","8081","10.0.0.2","46884","88","94337","38"
,"8.438859000","7.188839000","1281","140","192.168.10.22","8081","10.0.0.2","46884","88","94425","38"
,"8.438962000","7.188942000","1282","140","192.168.10.22","8081","10.0.0.2","46884","88","94513","38"
,"8.438979000","7.188959000","1283","140","192.168.10.22","8081","10.0.0.2","46884","88","94601","38"
,"8.439025000","7.189005000","1284","140","192.168.10.22","8081","10.0.0.2","46884","88","94689","38"
,"8.439037000","7.189017000","1285","140","192.168.10.22","8081","10.0.0.2","46884","88","94777","38"
,"8.439082000","7.189062000","1286","140","192.168.10.22","8081","10.0.0.2","46884","88","94865","38"
,"8.439097000","7.189077000","1287","140","192.168.10.22","8081","10.0.0.2","46884","88","94953","38"
,"8.439142000","7.189122000","1288","140","192.168.10.22","8081","10.0.0.2","46884","88","95041","38"
,"8.439154000","7.189134000","1289","140","192.168.10.22","8081","10.0.0.2","46884","88","95129","38"
,"8.439197000","7.189177000","1290","140","192.168.10.22","8081","10.0.0.2","46884","88","95217","38"
,"8.439211000","7.189191000","1291","140","192.168.10.22","8081","10.0.0.2","46884","88","95305","38"
,"8.499831000","7.249811000","1292","52","10.0.0.2","46884","192.168.10.22","8081","0","38","90201"
,"8.499853000","7.249833000","1293","52","10.0.0.2","46884","192.168.10.22","8081","0","38","90641"
,"8.500832000","7.250812000","1294","140","192.168.10.22","8081","10.0.0.2","46884","88","95393","38"
,"8.500873000","7.250853000","1295","140","192.168.10.22","8081","10.0.0.2","46884","88","95481","38"
,"8.500981000","7.250961000","1296","140","192.168.10.22","8081","10.0.0.2","46884","88","95569","38"
,"8.500996000","7.250976000","1297","140","192.168.10.22","8081","10.0.0.2","46884","88","95657","38"
,"8.501043000","7.251023000","1298","140","192.168.10.22","8081","10.0.0.2","46884","88","95745","38"
,"8.501064000","7.251044000","1299","140","192.168.10.22","8081","10.0.0.2","46884","88","95833","38"
,"8.501108000","7.251088000","1300","140","192.168.10.22","8081","10.0.0.2","46884","88","95921","38"
,"8.501122000","7.251102000","1301","140","192.168.10.22","8081","10.0.0.2","46884","88","96009","38"
,"8.562286000","7.312266000","1302","52","10.0.0.2","46884","192.168.10.22","8081","0","38","91433"
,"8.562317000","7.312297000","1303","52","10.0.0.2","46884","192.168.10.22","8081","0","38","91521"
,"8.563295000","7.313275000","1304","140","192.168.10.22","8081","10.0.0.2","46884","88","96097","38"
,"8.563335000","7.313315000","1305","140","192.168.10.22","8081","10.0.0.2","46884","88","96185","38"
,"8.563398000","7.313378000","1306","140","192.168.10.22","8081","10.0.0.2","46884","88","96273","38"
,"8.563414000","7.313394000","1307","140","192.168.10.22","8081","10.0.0.2","46884","88","96361","38"
,"8.563469000","7.313449000","1308","140","192.168.10.22","8081","10.0.0.2","46884","88","96449","38"
,"8.563482000","7.313462000","1309","140","192.168.10.22","8081","10.0.0.2","46884","88","96537","38"
,"8.563529000","7.313509000","1310","140","192.168.10.22","8081","10.0.0.2","46884","88","96625","38"
,"8.563541000","7.313521000","1311","140","192.168.10.22","8081","10.0.0.2","46884","88","96713","38"
,"8.563585000","7.313565000","1312","140","192.168.10.22","8081","10.0.0.2","46884","88","96801","38"
,"8.563599000","7.313579000","1313","140","192.168.10.22","8081","10.0.0.2","46884","88","96889","38"
,"8.623996000","7.373976000","1314","52","10.0.0.2","46884","192.168.10.22","8081","0","38","92313"
,"8.624006000","7.373986000","1315","52","10.0.0.2","46884","192.168.10.22","8081","0","38","92489"
,"8.624685000","7.374665000","1316","140","192.168.10.22","8081","10.0.0.2","46884","88","96977","38"
,"8.624695000","7.374675000","1317","140","192.168.10.22","8081","10.0.0.2","46884","88","97065","38"
,"8.624707000","7.374687000","1318","140","192.168.10.22","8081","10.0.0.2","46884","88","97153","38"
,"8.624710000","7.374690000","1319","140","192.168.10.22","8081","10.0.0.2","46884","88","97241","38"
,"8.624977000","7.374957000","1320","140","192.168.10.22","8081","10.0.0.2","46884","88","97329","38"
,"8.625012000","7.374992000","1321","140","192.168.10.22","8081","10.0.0.2","46884","88","97417","38"
,"8.625062000","7.375042000","1322","140","192.168.10.22","8081","10.0.0.2","46884","88","97505","38"
,"8.625074000","7.375054000","1323","140","192.168.10.22","8081","10.0.0.2","46884","88","97593","38"
,"8.625121000","7.375101000","1324","140","192.168.10.22","8081","10.0.0.2","46884","88","97681","38"
,"8.625133000","7.375113000","1325","140","192.168.10.22","8081","10.0.0.2","46884","88","97769","38"
,"8.625178000","7.375158000","1326","140","192.168.10.22","8081","10.0.0.2","46884","88","97857","38"
,"8.625191000","7.375171000","1327","140","192.168.10.22","8081","10.0.0.2","46884","88","97945","38"
,"8.687111000","7.437091000","1328","52","10.0.0.2","46884","192.168.10.22","8081","0","38","93281"
,"8.687137000","7.437117000","1329","52","10.0.0.2","46884","192.168.10.22","8081","0","38","93369"
,"8.688041000","7.438021000","1330","140","192.168.10.22","8081","10.0.0.2","46884","88","98033","38"
,"8.688080000","7.438060000","1331","140","192.168.10.22","8081","10.0.0.2","46884","88","98121","38"
,"8.688130000","7.438110000","1332","140","192.168.10.22","8081","10.0.0.2","46884","88","98209","38"
,"8.688142000","7.438122000","1333","140","192.168.10.22","8081","10.0.0.2","46884","88","98297","38"
,"8.688187000","7.438167000","1334","140","192.168.10.22","8081","10.0.0.2","46884","88","98385","38"
,"8.688199000","7.438179000","1335","140","192.168.10.22","8081","10.0.0.2","46884","88","98473","38"
,"8.688244000","7.438224000","1336","140","192.168.10.22","8081","10.0.0.2","46884","88","98561","38"
,"8.688256000","7.438236000","1337","140","192.168.10.22","8081","10.0.0.2","46884","88","98649","38"
,"8.688301000","7.438281000","1338","140","192.168.10.22","8081","10.0.0.2","46884","88","98737","38"
,"8.688314000","7.438294000","1339","140","192.168.10.22","8081","10.0.0.2","46884","88","98825","38"
,"8.749409000","7.499389000","1340","52","10.0.0.2","46884","192.168.10.22","8081","0","38","93721"
,"8.749435000","7.499415000","1341","52","10.0.0.2","46884","192.168.10.22","8081","0","38","94249"
,"8.749449000","7.499429000","1342","52","10.0.0.2","46884","192.168.10.22","8081","0","38","94337"
,"8.750435000","7.500415000","1343","140","192.168.10.22","8081","10.0.0.2","46884","88","98913","38"
,"8.750476000","7.500456000","1344","140","192.168.10.22","8081","10.0.0.2","46884","88","99001","38"
,"8.750540000","7.500520000","1345","140","192.168.10.22","8081","10.0.0.2","46884","88","99089","38"
,"8.750558000","7.500538000","1346","140","192.168.10.22","8081","10.0.0.2","46884","88","99177","38"
,"8.750612000","7.500592000","1347","140","192.168.10.22","8081","10.0.0.2","46884","88","99265","38"
,"8.750625000","7.500605000","1348","140","192.168.10.22","8081","10.0.0.2","46884","88","99353","38"
,"8.750671000","7.500651000","1349","140","192.168.10.22","8081","10.0.0.2","46884","88","99441","38"
,"8.750682000","7.500662000","1350","140","192.168.10.22","8081","10.0.0.2","46884","88","99529","38"
,"8.750726000","7.500706000","1351","140","192.168.10.22","8081","10.0.0.2","46884","88","99617","38"
,"8.750740000","7.500720000","1352","140","192.168.10.22","8081","10.0.0.2","46884","88","99705","38"
,"8.812637000","7.562617000","1353","52","10.0.0.2","46884","192.168.10.22","8081","0","38","95129"
,"8.812646000","7.562626000","1354","52","10.0.0.2","46884","192.168.10.22","8081","0","38","95217"
,"8.813425000","7.563405000","1355","140","192.168.10.22","8081","10.0.0.2","46884","88","99793","38"
,"8.813462000","7.563442000","1356","140","192.168.10.22","8081","10.0.0.2","46884","88","99881","38"
,"8.813514000","7.563494000","1357","140","192.168.10.22","8081","10.0.0.2","46884","88","99969","38"
,"8.813526000","7.563506000","1358","140","192.168.10.22","8081","10.0.0.2","46884","88","100057","38"
,"8.813571000","7.563551000","1359","140","192.168.10.22","8081","10.0.0.2","46884","88","100145","38"
,"8.813583000","7.563563000","1360","140","192.168.10.22","8081","10.0.0.2","46884","88","100233","38"
,"8.813629000","7.563609000","1361","140","192.168.10.22","8081","10.0.0.2","46884","88","100321","38"
,"8.813640000","7.563620000","1362","140","192.168.10.22","8081","10.0.0.2","46884","88","100409","38"
,"8.813684000","7.563664000","1363","140","192.168.10.22","8081","10.0.0.2","46884","88","100497","38"
,"8.813697000","7.563677000","1364","140","192.168.10.22","8081","10.0.0.2","46884","88","100585","38"
,"8.874951000","7.624931000","1365","52","10.0.0.2","46884","192.168.10.22","8081","0","38","95569"
,"8.874984000","7.624964000","1366","52","10.0.0.2","46884","192.168.10.22","8081","0","38","96185"
,"8.876024000","7.626004000","1367","140","192.168.10.22","8081","10.0.0.2","46884","88","100673","38"
,"8.876066000","7.626046000","1368","140","192.168.10.22","8081","10.0.0.2","46884","88","100761","38"
,"8.876131000","7.626111000","1369","140","192.168.10.22","8081","10.0.0.2","46884","88","100849","38"
,"8.876147000","7.626127000","1370","140","192.168.10.22","8081","10.0.0.2","46884","88","100937","38"
,"8.876196000","7.626176000","1371","140","192.168.10.22","8081","10.0.0.2","46884","88","101025","38"
,"8.876208000","7.626188000","1372","140","192.168.10.22","8081","10.0.0.2","46884","88","101113","38"
,"8.876253000","7.626233000","1373","140","192.168.10.22","8081","10.0.0.2","46884","88","101201","38"
,"8.876265000","7.626245000","1374","140","192.168.10.22","8081","10.0.0.2","46884","88","101289","38"
,"8.876309000","7.626289000","1375","140","192.168.10.22","8081","10.0.0.2","46884","88","101377","38"
,"8.876322000","7.626302000","1376","140","192.168.10.22","8081","10.0.0.2","46884","88","101465","38"
,"8.937331000","7.687311000","1377","52","10.0.0.2","46884","192.168.10.22","8081","0","38","96977"
,"8.937357000","7.687337000","1378","52","10.0.0.2","46884","192.168.10.22","8081","0","38","97065"
,"8.938376000","7.688356000","1379","140","192.168.10.22","8081","10.0.0.2","46884","88","101553","38"
,"8.938418000","7.688398000","1380","140","192.168.10.22","8081","10.0.0.2","46884","88","101641","38"
,"8.938484000","7.688464000","1381","140","192.168.10.22","8081","10.0.0.2","46884","88","101729","38"
,"8.938500000","7.688480000","1382","140","192.168.10.22","8081","10.0.0.2","46884","88","101817","38"
,"8.938553000","7.688533000","1383","140","192.168.10.22","8081","10.0.0.2","46884","88","101905","38"
,"8.938566000","7.688546000","1384","140","192.168.10.22","8081","10.0.0.2","46884","88","101993","38"
,"8.938611000","7.688591000","1385","140","192.168.10.22","8081","10.0.0.2","46884","88","102081","38"
,"8.938623000","7.688603000","1386","140","192.168.10.22","8081","10.0.0.2","46884","88","102169","38"
,"8.938667000","7.688647000","1387","140","192.168.10.22","8081","10.0.0.2","46884","88","102257","38"
,"8.938681000","7.688661000","1388","140","192.168.10.22","8081","10.0.0.2","46884","88","102345","38"
,"8.999756000","7.749736000","1389","52","10.0.0.2","46884","192.168.10.22","8081","0","38","97769"
,"8.999765000","7.749745000","1390","52","10.0.0.2","46884","192.168.10.22","8081","0","38","98033"
,"9.000693000","7.750673000","1391","140","192.168.10.22","8081","10.0.0.2","46884","88","102433","38"
,"9.000735000","7.750715000","1392","140","192.168.10.22","8081","10.0.0.2","46884","88","102521","38"
,"9.000797000","7.750777000","1393","140","192.168.10.22","8081","10.0.0.2","46884","88","102609","38"
,"9.000812000","7.750792000","1394","140","192.168.10.22","8081","10.0.0.2","46884","88","102697","38"
,"9.000867000","7.750847000","1395","140","192.168.10.22","8081","10.0.0.2","46884","88","102785","38"
,"9.000919000","7.750899000","1396","140","192.168.10.22","8081","10.0.0.2","46884","88","102873","38"
,"9.000970000","7.750950000","1397","140","192.168.10.22","8081","10.0.0.2","46884","88","102961","38"
,"9.000985000","7.750965000","1398","140","192.168.10.22","8081","10.0.0.2","46884","88","103049","38"
,"9.001031000","7.751011000","1399","140","192.168.10.22","8081","10.0.0.2","46884","88","103137","38"
,"9.001045000","7.751025000","1400","140","192.168.10.22","8081","10.0.0.2","46884","88","103225","38"
,"9.001089000","7.751069000","1401","140","192.168.10.22","8081","10.0.0.2","46884","88","103313","38"
,"9.001103000","7.751083000","1402","140","192.168.10.22","8081","10.0.0.2","46884","88","103401","38"
,"9.062898000","7.812878000","1403","52","10.0.0.2","46884","192.168.10.22","8081","0","38","98913"
,"9.063854000","7.813834000","1404","140","192.168.10.22","8081","10.0.0.2","46884","88","103489","38"
,"9.063933000","7.813913000","1405","140","192.168.10.22","8081","10.0.0.2","46884","88","103577","38"
,"9.063998000","7.813978000","1406","140","192.168.10.22","8081","10.0.0.2","46884","88","103665","38"
,"9.064015000","7.813995000","1407","140","192.168.10.22","8081","10.0.0.2","46884","88","103753","38"
,"9.064067000","7.814047000","1408","140","192.168.10.22","8081","10.0.0.2","46884","88","103841","38"
,"9.064079000","7.814059000","1409","140","192.168.10.22","8081","10.0.0.2","46884","88","103929","38"
,"9.064125000","7.814105000","1410","140","192.168.10.22","8081","10.0.0.2","46884","88","104017","38"
,"9.064139000","7.814119000","1411","140","192.168.10.22","8081","10.0.0.2","46884","88","104105","38"
,"9.064184000","7.814164000","1412","140","192.168.10.22","8081","10.0.0.2","46884","88","104193","38"
,"9.064197000","7.814177000","1413","140","192.168.10.22","8081","10.0.0.2","46884","88","104281","38"
,"9.124403000","7.874383000","1414","52","10.0.0.2","46884","192.168.10.22","8081","0","38","99705"
,"9.124430000","7.874410000","1415","52","10.0.0.2","46884","192.168.10.22","8081","0","38","99793"
,"9.125415000","7.875395000","1416","140","192.168.10.22","8081","10.0.0.2","46884","88","104369","38"
,"9.125457000","7.875437000","1417","140","192.168.10.22","8081","10.0.0.2","46884","88","104457","38"
,"9.125518000","7.875498000","1418","140","192.168.10.22","8081","10.0.0.2","46884","88","104545","38"
,"9.125534000","7.875514000","1419","140","192.168.10.22","8081","10.0.0.2","46884","88","104633","38"
,"9.125590000","7.875570000","1420","140","192.168.10.22","8081","10.0.0.2","46884","88","104721","38"
,"9.125606000","7.875586000","1421","140","192.168.10.22","8081","10.0.0.2","46884","88","104809","38"
,"9.125653000","7.875633000","1422","140","192.168.10.22","8081","10.0.0.2","46884","88","104897","38"
,"9.125664000","7.875644000","1423","140","192.168.10.22","8081","10.0.0.2","46884","88","104985","38"
,"9.125711000","7.875691000","1424","140","192.168.10.22","8081","10.0.0.2","46884","88","105073","38"
,"9.125725000","7.875705000","1425","140","192.168.10.22","8081","10.0.0.2","46884","88","105161","38"
,"9.187888000","7.937868000","1426","52","10.0.0.2","46884","192.168.10.22","8081","0","38","100497"
,"9.187898000","7.937878000","1427","52","10.0.0.2","46884","192.168.10.22","8081","0","38","100761"
,"9.188826000","7.938806000","1428","140","192.168.10.22","8081","10.0.0.2","46884","88","105249","38"
,"9.188867000","7.938847000","1429","140","192.168.10.22","8081","10.0.0.2","46884","88","105337","38"
,"9.188979000","7.938959000","1430","140","192.168.10.22","8081","10.0.0.2","46884","88","105425","38"
,"9.188996000","7.938976000","1431","140","192.168.10.22","8081","10.0.0.2","46884","88","105513","38"
,"9.189042000","7.939022000","1432","140","192.168.10.22","8081","10.0.0.2","46884","88","105601","38"
,"9.189057000","7.939037000","1433","140","192.168.10.22","8081","10.0.0.2","46884","88","105689","38"
,"9.189103000","7.939083000","1434","140","192.168.10.22","8081","10.0.0.2","46884","88","105777","38"
,"9.189117000","7.939097000","1435","140","192.168.10.22","8081","10.0.0.2","46884","88","105865","38"
,"9.189162000","7.939142000","1436","140","192.168.10.22","8081","10.0.0.2","46884","88","105953","38"
,"9.189175000","7.939155000","1437","140","192.168.10.22","8081","10.0.0.2","46884","88","106041","38"
,"9.249809000","7.999789000","1438","52","10.0.0.2","46884","192.168.10.22","8081","0","38","101289"
,"9.249832000","7.999812000","1439","52","10.0.0.2","46884","192.168.10.22","8081","0","38","101641"
,"9.250843000","8.000823000","1440","140","192.168.10.22","8081","10.0.0.2","46884","88","106129","38"
,"9.250912000","8.000892000","1441","140","192.168.10.22","8081","10.0.0.2","46884","88","106217","38"
,"9.250978000","8.000958000","1442","140","192.168.10.22","8081","10.0.0.2","46884","88","106305","38"
,"9.250993000","8.000973000","1443","140","192.168.10.22","8081","10.0.0.2","46884","88","106393","38"
,"9.251040000","8.001020000","1444","140","192.168.10.22","8081","10.0.0.2","46884","88","106481","38"
,"9.251051000","8.001031000","1445","140","192.168.10.22","8081","10.0.0.2","46884","88","106569","38"
,"9.251097000","8.001077000","1446","140","192.168.10.22","8081","10.0.0.2","46884","88","106657","38"
,"9.251111000","8.001091000","1447","140","192.168.10.22","8081","10.0.0.2","46884","88","106745","38"
,"9.251157000","8.001137000","1448","140","192.168.10.22","8081","10.0.0.2","46884","88","106833","38"
,"9.251168000","8.001148000","1449","140","192.168.10.22","8081","10.0.0.2","46884","88","106921","38"
,"9.312251000","8.062231000","1450","52","10.0.0.2","46884","192.168.10.22","8081","0","38","102433"
,"9.312278000","8.062258000","1451","52","10.0.0.2","46884","192.168.10.22","8081","0","38","102609"
,"9.313267000","8.063247000","1452","140","192.168.10.22","8081","10.0.0.2","46884","88","107009","38"
,"9.313308000","8.063288000","1453","140","192.168.10.22","8081","10.0.0.2","46884","88","107097","38"
,"9.313371000","8.063351000","1454","140","192.168.10.22","8081","10.0.0.2","46884","88","107185","38"
,"9.313388000","8.063368000","1455","140","192.168.10.22","8081","10.0.0.2","46884","88","107273","38"
,"9.313440000","8.063420000","1456","140","192.168.10.22","8081","10.0.0.2","46884","88","107361","38"
,"9.313452000","8.063432000","1457","140","192.168.10.22","8081","10.0.0.2","46884","88","107449","38"
,"9.313498000","8.063478000","1458","140","192.168.10.22","8081","10.0.0.2","46884","88","107537","38"
,"9.313509000","8.063489000","1459","140","192.168.10.22","8081","10.0.0.2","46884","88","107625","38"
,"9.313554000","8.063534000","1460","140","192.168.10.22","8081","10.0.0.2","46884","88","107713","38"
,"9.313567000","8.063547000","1461","140","192.168.10.22","8081","10.0.0.2","46884","88","107801","38"
,"9.313612000","8.063592000","1462","140","192.168.10.22","8081","10.0.0.2","46884","88","107889","38"
,"9.313625000","8.063605000","1463","140","192.168.10.22","8081","10.0.0.2","46884","88","107977","38"
,"9.374898000","8.124878000","1464","52","10.0.0.2","46884","192.168.10.22","8081","0","38","103401"
,"9.374939000","8.124919000","1465","52","10.0.0.2","46884","192.168.10.22","8081","0","38","103489"
,"9.375917000","8.125897000","1466","140","192.168.10.22","8081","10.0.0.2","46884","88","108065","38"
,"9.375965000","8.125945000","1467","140","192.168.10.22","8081","10.0.0.2","46884","88","108153","38"
,"9.376032000","8.126012000","1468","140","192.168.10.22","8081","10.0.0.2","46884","88","108241","38"
,"9.376048000","8.126028000","1469","140","192.168.10.22","8081","10.0.0.2","46884","88","108329","38"
,"9.376095000","8.126075000","1470","140","192.168.10.22","8081","10.0.0.2","46884","88","108417","38"
,"9.376109000","8.126089000","1471","140","192.168.10.22","8081","10.0.0.2","46884","88","108505","38"
,"9.376154000","8.126134000","1472","140","192.168.10.22","8081","10.0.0.2","46884","88","108593","38"
,"9.376167000","8.126147000","1473","140","192.168.10.22","8081","10.0.0.2","46884","88","108681","38"
,"9.376211000","8.126191000","1474","140","192.168.10.22","8081","10.0.0.2","46884","88","108769","38"
,"9.376223000","8.126203000","1475","140","192.168.10.22","8081","10.0.0.2","46884","88","108857","38"
,"9.437781000","8.187761000","1476","52","10.0.0.2","46884","192.168.10.22","8081","0","38","104281"
,"9.437808000","8.187788000","1477","52","10.0.0.2","46884","192.168.10.22","8081","0","38","104457"
,"9.438785000","8.188765000","1478","140","192.168.10.22","8081","10.0.0.2","46884","88","108945","38"
,"9.438827000","8.188807000","1479","140","192.168.10.22","8081","10.0.0.2","46884","88","109033","38"
,"9.438921000","8.188901000","1480","140","192.168.10.22","8081","10.0.0.2","46884","88","109121","38"
,"9.438942000","8.188922000","1481","140","192.168.10.22","8081","10.0.0.2","46884","88","109209","38"
,"9.438993000","8.188973000","1482","140","192.168.10.22","8081","10.0.0.2","46884","88","109297","38"
,"9.439007000","8.188987000","1483","140","192.168.10.22","8081","10.0.0.2","46884","88","109385","38"
,"9.439053000","8.189033000","1484","140","192.168.10.22","8081","10.0.0.2","46884","88","109473","38"
,"9.439067000","8.189047000","1485","140","192.168.10.22","8081","10.0.0.2","46884","88","109561","38"
,"9.439113000","8.189093000","1486","140","192.168.10.22","8081","10.0.0.2","46884","88","109649","38"
,"9.439131000","8.189111000","1487","140","192.168.10.22","8081","10.0.0.2","46884","88","109737","38"
,"9.499266000","8.249246000","1488","52","10.0.0.2","46884","192.168.10.22","8081","0","38","105073"
,"9.499294000","8.249274000","1489","52","10.0.0.2","46884","192.168.10.22","8081","0","38","105337"
,"9.500271000","8.250251000","1490","140","192.168.10.22","8081","10.0.0.2","46884","88","109825","38"
,"9.500312000","8.250292000","1491","140","192.168.10.22","8081","10.0.0.2","46884","88","109913","38"
,"9.500373000","8.250353000","1492","140","192.168.10.22","8081","10.0.0.2","46884","88","110001","38"
,"9.500388000","8.250368000","1493","140","192.168.10.22","8081","10.0.0.2","46884","88","110089","38"
,"9.500443000","8.250423000","1494","140","192.168.10.22","8081","10.0.0.2","46884","88","110177","38"
,"9.500457000","8.250437000","1495","140","192.168.10.22","8081","10.0.0.2","46884","88","110265","38"
,"9.500503000","8.250483000","1496","140","192.168.10.22","8081","10.0.0.2","46884","88","110353","38"
,"9.500515000","8.250495000","1497","140","192.168.10.22","8081","10.0.0.2","46884","88","110441","38"
,"9.500559000","8.250539000","1498","140","192.168.10.22","8081","10.0.0.2","46884","88","110529","38"
,"9.500573000","8.250553000","1499","140","192.168.10.22","8081","10.0.0.2","46884","88","110617","38"
,"9.562870000","8.312850000","1500","52","10.0.0.2","46884","192.168.10.22","8081","0","38","106129"
,"9.562933000","8.312913000","1501","52","10.0.0.2","46884","192.168.10.22","8081","0","38","106305"
,"9.563923000","8.313903000","1502","140","192.168.10.22","8081","10.0.0.2","46884","88","110705","38"
,"9.563967000","8.313947000","1503","140","192.168.10.22","8081","10.0.0.2","46884","88","110793","38"
,"9.564033000","8.314013000","1504","140","192.168.10.22","8081","10.0.0.2","46884","88","110881","38"
,"9.564050000","8.314030000","1505","140","192.168.10.22","8081","10.0.0.2","46884","88","110969","38"
,"9.564096000","8.314076000","1506","140","192.168.10.22","8081","10.0.0.2","46884","88","111057","38"
,"9.564107000","8.314087000","1507","140","192.168.10.22","8081","10.0.0.2","46884","88","111145","38"
,"9.564152000","8.314132000","1508","140","192.168.10.22","8081","10.0.0.2","46884","88","111233","38"
,"9.564164000","8.314144000","1509","140","192.168.10.22","8081","10.0.0.2","46884","88","111321","38"
,"9.564209000","8.314189000","1510","140","192.168.10.22","8081","10.0.0.2","46884","88","111409","38"
,"9.564224000","8.314204000","1511","140","192.168.10.22","8081","10.0.0.2","46884","88","111497","38"
,"9.564270000","8.314250000","1512","140","192.168.10.22","8081","10.0.0.2","46884","88","111585","38"
,"9.564281000","8.314261000","1513","140","192.168.10.22","8081","10.0.0.2","46884","88","111673","38"
,"9.624696000","8.374676000","1514","52","10.0.0.2","46884","192.168.10.22","8081","0","38","107185"
,"9.625663000","8.375643000","1515","140","192.168.10.22","8081","10.0.0.2","46884","88","111761","38"
,"9.625705000","8.375685000","1516","140","192.168.10.22","8081","10.0.0.2","46884","88","111849","38"
,"9.625768000","8.375748000","1517","140","192.168.10.22","8081","10.0.0.2","46884","88","111937","38"
,"9.625783000","8.375763000","1518","140","192.168.10.22","8081","10.0.0.2","46884","88","112025","38"
,"9.625839000","8.375819000","1519","140","192.168.10.22","8081","10.0.0.2","46884","88","112113","38"
,"9.625852000","8.375832000","1520","140","192.168.10.22","8081","10.0.0.2","46884","88","112201","38"
,"9.625922000","8.375902000","1521","140","192.168.10.22","8081","10.0.0.2","46884","88","112289","38"
,"9.625935000","8.375915000","1522","140","192.168.10.22","8081","10.0.0.2","46884","88","112377","38"
,"9.625981000","8.375961000","1523","140","192.168.10.22","8081","10.0.0.2","46884","88","112465","38"
,"9.625994000","8.375974000","1524","140","192.168.10.22","8081","10.0.0.2","46884","88","112553","38"
,"9.687260000","8.437240000","1525","52","10.0.0.2","46884","192.168.10.22","8081","0","38","107537"
,"9.687285000","8.437265000","1526","52","10.0.0.2","46884","192.168.10.22","8081","0","38","108065"
,"9.688278000","8.438258000","1527","140","192.168.10.22","8081","10.0.0.2","46884","88","112641","38"
,"9.688319000","8.438299000","1528","140","192.168.10.22","8081","10.0.0.2","46884","88","112729","38"
,"9.688382000","8.438362000","1529","140","192.168.10.22","8081","10.0.0.2","46884","88","112817","38"
,"9.688397000","8.438377000","1530","140","192.168.10.22","8081","10.0.0.2","46884","88","112905","38"
,"9.688450000","8.438430000","1531","140","192.168.10.22","8081","10.0.0.2","46884","88","112993","38"
,"9.688462000","8.438442000","1532","140","192.168.10.22","8081","10.0.0.2","46884","88","113081","38"
,"9.688507000","8.438487000","1533","140","192.168.10.22","8081","10.0.0.2","46884","88","113169","38"
,"9.688519000","8.438499000","1534","140","192.168.10.22","8081","10.0.0.2","46884","88","113257","38"
,"9.688563000","8.438543000","1535","140","192.168.10.22","8081","10.0.0.2","46884","88","113345","38"
,"9.688577000","8.438557000","1536","140","192.168.10.22","8081","10.0.0.2","46884","88","113433","38"
,"9.749868000","8.499848000","1537","52","10.0.0.2","46884","192.168.10.22","8081","0","38","108857"
,"9.749929000","8.499909000","1538","52","10.0.0.2","46884","192.168.10.22","8081","0","38","109033"
,"9.750945000","8.500925000","1539","140","192.168.10.22","8081","10.0.0.2","46884","88","113521","38"
,"9.750988000","8.500968000","1540","140","192.168.10.22","8081","10.0.0.2","46884","88","113609","38"
,"9.751051000","8.501031000","1541","140","192.168.10.22","8081","10.0.0.2","46884","88","113697","38"
,"9.751067000","8.501047000","1542","140","192.168.10.22","8081","10.0.0.2","46884","88","113785","38"
,"9.751117000","8.501097000","1543","140","192.168.10.22","8081","10.0.0.2","46884","88","113873","38"
,"9.751131000","8.501111000","1544","140","192.168.10.22","8081","10.0.0.2","46884","88","113961","38"
,"9.751176000","8.501156000","1545","140","192.168.10.22","8081","10.0.0.2","46884","88","114049","38"
,"9.751188000","8.501168000","1546","140","192.168.10.22","8081","10.0.0.2","46884","88","114137","38"
,"9.751233000","8.501213000","1547","140","192.168.10.22","8081","10.0.0.2","46884","88","114225","38"
,"9.751246000","8.501226000","1548","140","192.168.10.22","8081","10.0.0.2","46884","88","114313","38"
,"9.812617000","8.562597000","1549","52","10.0.0.2","46884","192.168.10.22","8081","0","38","109209"
,"9.812637000","8.562617000","1550","52","10.0.0.2","46884","192.168.10.22","8081","0","38","109561"
,"9.812647000","8.562627000","1551","52","10.0.0.2","46884","192.168.10.22","8081","0","38","109913"
,"9.813602000","8.563582000","1552","140","192.168.10.22","8081","10.0.0.2","46884","88","114401","38"
,"9.813643000","8.563623000","1553","140","192.168.10.22","8081","10.0.0.2","46884","88","114489","38"
,"9.813710000","8.563690000","1554","140","192.168.10.22","8081","10.0.0.2","46884","88","114577","38"
,"9.813726000","8.563706000","1555","140","192.168.10.22","8081","10.0.0.2","46884","88","114665","38"
,"9.813781000","8.563761000","1556","140","192.168.10.22","8081","10.0.0.2","46884","88","114753","38"
,"9.813794000","8.563774000","1557","140","192.168.10.22","8081","10.0.0.2","46884","88","114841","38"
,"9.813840000","8.563820000","1558","140","192.168.10.22","8081","10.0.0.2","46884","88","114929","38"
,"9.813852000","8.563832000","1559","140","192.168.10.22","8081","10.0.0.2","46884","88","115017","38"
,"9.813919000","8.563899000","1560","140","192.168.10.22","8081","10.0.0.2","46884","88","115105","38"
,"9.813934000","8.563914000","1561","140","192.168.10.22","8081","10.0.0.2","46884","88","115193","38"
,"9.874217000","8.624197000","1562","52","10.0.0.2","46884","192.168.10.22","8081","0","38","110705"
,"9.874243000","8.624223000","1563","52","10.0.0.2","46884","192.168.10.22","8081","0","38","110881"
,"9.875228000","8.625208000","1564","140","192.168.10.22","8081","10.0.0.2","46884","88","115281","38"
,"9.875269000","8.625249000","1565","140","192.168.10.22","8081","10.0.0.2","46884","88","115369","38"
,"9.875329000","8.625309000","1566","140","192.168.10.22","8081","10.0.0.2","46884","88","115457","38"
,"9.875344000","8.625324000","1567","140","192.168.10.22","8081","10.0.0.2","46884","88","115545","38"
,"9.875398000","8.625378000","1568","140","192.168.10.22","8081","10.0.0.2","46884","88","115633","38"
,"9.875412000","8.625392000","1569","140","192.168.10.22","8081","10.0.0.2","46884","88","115721","38"
,"9.875457000","8.625437000","1570","140","192.168.10.22","8081","10.0.0.2","46884","88","115809","38"
,"9.875469000","8.625449000","1571","140","192.168.10.22","8081","10.0.0.2","46884","88","115897","38"
,"9.875514000","8.625494000","1572","140","192.168.10.22","8081","10.0.0.2","46884","88","115985","38"
,"9.875529000","8.625509000","1573","140","192.168.10.22","8081","10.0.0.2","46884","88","116073","38"
,"9.875574000","8.625554000","1574","140","192.168.10.22","8081","10.0.0.2","46884","88","116161","38"
,"9.875587000","8.625567000","1575","140","192.168.10.22","8081","10.0.0.2","46884","88","116249","38"
,"9.937740000","8.687720000","1576","52","10.0.0.2","46884","192.168.10.22","8081","0","38","111673"
,"9.937770000","8.687750000","1577","52","10.0.0.2","46884","192.168.10.22","8081","0","38","111761"
,"9.938801000","8.688781000","1578","140","192.168.10.22","8081","10.0.0.2","46884","88","116337","38"
,"9.938842000","8.688822000","1579","140","192.168.10.22","8081","10.0.0.2","46884","88","116425","38"
,"9.938948000","8.688928000","1580","140","192.168.10.22","8081","10.0.0.2","46884","88","116513","38"
,"9.938966000","8.688946000","1581","140","192.168.10.22","8081","10.0.0.2","46884","88","116601","38"
,"9.939013000","8.688993000","1582","140","192.168.10.22","8081","10.0.0.2","46884","88","116689","38"
,"9.939025000","8.689005000","1583","140","192.168.10.22","8081","10.0.0.2","46884","88","116777","38"
,"9.939071000","8.689051000","1584","140","192.168.10.22","8081","10.0.0.2","46884","88","116865","38"
,"9.939085000","8.689065000","1585","140","192.168.10.22","8081","10.0.0.2","46884","88","116953","38"
,"9.939130000","8.689110000","1586","140","192.168.10.22","8081","10.0.0.2","46884","88","117041","38"
,"9.939144000","8.689124000","1587","140","192.168.10.22","8081","10.0.0.2","46884","88","117129","38"
,"9.999538000","8.749518000","1588","52","10.0.0.2","46884","192.168.10.22","8081","0","38","112201"
,"9.999561000","8.749541000","1589","52","10.0.0.2","46884","192.168.10.22","8081","0","38","112729"
,"10.000534000","8.750514000","1590","140","192.168.10.22","8081","10.0.0.2","46884","88","117217","38"
,"10.000574000","8.750554000","1591","140","192.168.10.22","8081","10.0.0.2","46884","88","117305","38"
,"10.000639000","8.750619000","1592","140","192.168.10.22","8081","10.0.0.2","46884","88","117393","38"
,"10.000655000","8.750635000","1593","140","192.168.10.22","8081","10.0.0.2","46884","88","117481","38"
,"10.000711000","8.750691000","1594","140","192.168.10.22","8081","10.0.0.2","46884","88","117569","38"
,"10.000724000","8.750704000","1595","140","192.168.10.22","8081","10.0.0.2","46884","88","117657","38"
,"10.000770000","8.750750000","1596","140","192.168.10.22","8081","10.0.0.2","46884","88","117745","38"
,"10.000783000","8.750763000","1597","140","192.168.10.22","8081","10.0.0.2","46884","88","117833","38"
,"10.000828000","8.750808000","1598","140","192.168.10.22","8081","10.0.0.2","46884","88","117921","38"
,"10.000841000","8.750821000","1599","140","192.168.10.22","8081","10.0.0.2","46884","88","118009","38"
,"10.062669000","8.812649000","1600","52","10.0.0.2","46884","192.168.10.22","8081","0","38","113521"
,"10.062693000","8.812673000","1601","52","10.0.0.2","46884","192.168.10.22","8081","0","38","113609"
,"10.063672000","8.813652000","1602","140","192.168.10.22","8081","10.0.0.2","46884","88","118097","38"
,"10.063713000","8.813693000","1603","140","192.168.10.22","8081","10.0.0.2","46884","88","118185","38"
,"10.063776000","8.813756000","1604","140","192.168.10.22","8081","10.0.0.2","46884","88","118273","38"
,"10.063793000","8.813773000","1605","140","192.168.10.22","8081","10.0.0.2","46884","88","118361","38"
,"10.063846000","8.813826000","1606","140","192.168.10.22","8081","10.0.0.2","46884","88","118449","38"
,"10.063860000","8.813840000","1607","140","192.168.10.22","8081","10.0.0.2","46884","88","118537","38"
,"10.063933000","8.813913000","1608","140","192.168.10.22","8081","10.0.0.2","46884","88","118625","38"
,"10.063947000","8.813927000","1609","140","192.168.10.22","8081","10.0.0.2","46884","88","118713","38"
,"10.063994000","8.813974000","1610","140","192.168.10.22","8081","10.0.0.2","46884","88","118801","38"
,"10.064008000","8.813988000","1611","140","192.168.10.22","8081","10.0.0.2","46884","88","118889","38"
,"10.125004000","8.874984000","1612","52","10.0.0.2","46884","192.168.10.22","8081","0","38","114489"
,"10.125030000","8.875010000","1613","52","10.0.0.2","46884","192.168.10.22","8081","0","38","114577"
,"10.126038000","8.876018000","1614","140","192.168.10.22","8081","10.0.0.2","46884","88","118977","38"
,"10.126079000","8.876059000","1615","140","192.168.10.22","8081","10.0.0.2","46884","88","119065","38"
,"10.126144000","8.876124000","1616","140","192.168.10.22","8081","10.0.0.2","46884","88","119153","38"
,"10.126160000","8.876140000","1617","140","192.168.10.22","8081","10.0.0.2","46884","88","119241","38"
,"10.126207000","8.876187000","1618","140","192.168.10.22","8081","10.0.0.2","46884","88","119329","38"
,"10.126218000","8.876198000","1619","140","192.168.10.22","8081","10.0.0.2","46884","88","119417","38"
,"10.126263000","8.876243000","1620","140","192.168.10.22","8081","10.0.0.2","46884","88","119505","38"
,"10.126275000","8.876255000","1621","140","192.168.10.22","8081","10.0.0.2","46884","88","119593","38"
,"10.126320000","8.876300000","1622","140","192.168.10.22","8081","10.0.0.2","46884","88","119681","38"
,"10.126339000","8.876319000","1623","140","192.168.10.22","8081","10.0.0.2","46884","88","119769","38"
,"10.126384000","8.876364000","1624","140","192.168.10.22","8081","10.0.0.2","46884","88","119857","38"
,"10.126397000","8.876377000","1625","140","192.168.10.22","8081","10.0.0.2","46884","88","119945","38"
,"10.187533000","8.937513000","1626","52","10.0.0.2","46884","192.168.10.22","8081","0","38","115281"
,"10.187544000","8.937524000","1627","52","10.0.0.2","46884","192.168.10.22","8081","0","38","115457"
,"10.188467000","8.938447000","1628","140","192.168.10.22","8081","10.0.0.2","46884","88","120033","38"
,"10.188510000","8.938490000","1629","140","192.168.10.22","8081","10.0.0.2","46884","88","120121","38"
,"10.188579000","8.938559000","1630","140","192.168.10.22","8081","10.0.0.2","46884","88","120209","38"
,"10.188595000","8.938575000","1631","140","192.168.10.22","8081","10.0.0.2","46884","88","120297","38"
,"10.188646000","8.938626000","1632","140","192.168.10.22","8081","10.0.0.2","46884","88","120385","38"
,"10.188658000","8.938638000","1633","140","192.168.10.22","8081","10.0.0.2","46884","88","120473","38"
,"10.188703000","8.938683000","1634","140","192.168.10.22","8081","10.0.0.2","46884","88","120561","38"
,"10.188715000","8.938695000","1635","140","192.168.10.22","8081","10.0.0.2","46884","88","120649","38"
,"10.188758000","8.938738000","1636","140","192.168.10.22","8081","10.0.0.2","46884","88","120737","38"
,"10.188772000","8.938752000","1637","140","192.168.10.22","8081","10.0.0.2","46884","88","120825","38"
,"10.249729000","8.999709000","1638","52","10.0.0.2","46884","192.168.10.22","8081","0","38","116161"
,"10.249757000","8.999737000","1639","52","10.0.0.2","46884","192.168.10.22","8081","0","38","116337"
,"10.250766000","9.000746000","1640","140","192.168.10.22","8081","10.0.0.2","46884","88","120913","38"
,"10.250808000","9.000788000","1641","140","192.168.10.22","8081","10.0.0.2","46884","88","121001","38"
,"10.250873000","9.000853000","1642","140","192.168.10.22","8081","10.0.0.2","46884","88","121089","38"
,"10.250929000","9.000909000","1643","140","192.168.10.22","8081","10.0.0.2","46884","88","121177","38"
,"10.250981000","9.000961000","1644","140","192.168.10.22","8081","10.0.0.2","46884","88","121265","38"
,"10.250993000","9.000973000","1645","140","192.168.10.22","8081","10.0.0.2","46884","88","121353","38"
,"10.251039000","9.001019000","1646","140","192.168.10.22","8081","10.0.0.2","46884","88","121441","38"
,"10.251052000","9.001032000","1647","140","192.168.10.22","8081","10.0.0.2","46884","88","121529","38"
,"10.251097000","9.001077000","1648","140","192.168.10.22","8081","10.0.0.2","46884","88","121617","38"
,"10.251111000","9.001091000","1649","140","192.168.10.22","8081","10.0.0.2","46884","88","121705","38"
,"10.312820000","9.062800000","1650","52","10.0.0.2","46884","192.168.10.22","8081","0","38","116953"
,"10.312843000","9.062823000","1651","52","10.0.0.2","46884","192.168.10.22","8081","0","38","117305"
,"10.313835000","9.063815000","1652","140","192.168.10.22","8081","10.0.0.2","46884","88","121793","38"
,"10.313910000","9.063890000","1653","140","192.168.10.22","8081","10.0.0.2","46884","88","121881","38"
,"10.313980000","9.063960000","1654","140","192.168.10.22","8081","10.0.0.2","46884","88","121969","38"
,"10.313995000","9.063975000","1655","140","192.168.10.22","8081","10.0.0.2","46884","88","122057","38"
,"10.314042000","9.064022000","1656","140","192.168.10.22","8081","10.0.0.2","46884","88","122145","38"
,"10.314055000","9.064035000","1657","140","192.168.10.22","8081","10.0.0.2","46884","88","122233","38"
,"10.314100000","9.064080000","1658","140","192.168.10.22","8081","10.0.0.2","46884","88","122321","38"
,"10.314114000","9.064094000","1659","140","192.168.10.22","8081","10.0.0.2","46884","88","122409","38"
,"10.314159000","9.064139000","1660","140","192.168.10.22","8081","10.0.0.2","46884","88","122497","38"
,"10.314172000","9.064152000","1661","140","192.168.10.22","8081","10.0.0.2","46884","88","122585","38"
,"10.374631000","9.124611000","1662","52","10.0.0.2","46884","192.168.10.22","8081","0","38","118097"
,"10.374660000","9.124640000","1663","52","10.0.0.2","46884","192.168.10.22","8081","0","38","118185"
,"10.375679000","9.125659000","1664","140","192.168.10.22","8081","10.0.0.2","46884","88","122673","38"
,"10.375721000","9.125701000","1665","140","192.168.10.22","8081","10.0.0.2","46884","88","122761","38"
,"10.375783000","9.125763000","1666","140","192.168.10.22","8081","10.0.0.2","46884","88","122849","38"
,"10.375799000","9.125779000","1667","140","192.168.10.22","8081","10.0.0.2","46884","88","122937","38"
,"10.375854000","9.125834000","1668","140","192.168.10.22","8081","10.0.0.2","46884","88","123025","38"
,"10.375868000","9.125848000","1669","140","192.168.10.22","8081","10.0.0.2","46884","88","123113","38"
,"10.375951000","9.125931000","1670","140","192.168.10.22","8081","10.0.0.2","46884","88","123201","38"
,"10.375965000","9.125945000","1671","140","192.168.10.22","8081","10.0.0.2","46884","88","123289","38"
,"10.376009000","9.125989000","1672","140","192.168.10.22","8081","10.0.0.2","46884","88","123377","38"
,"10.376022000","9.126002000","1673","140","192.168.10.22","8081","10.0.0.2","46884","88","123465","38"
,"10.437825000","9.187805000","1674","52","10.0.0.2","46884","192.168.10.22","8081","0","38","118977"
,"10.437849000","9.187829000","1675","52","10.0.0.2","46884","192.168.10.22","8081","0","38","119153"
,"10.438844000","9.188824000","1676","140","192.168.10.22","8081","10.0.0.2","46884","88","123553","38"
,"10.438923000","9.188903000","1677","140","192.168.10.22","8081","10.0.0.2","46884","88","123641","38"
,"10.438991000","9.188971000","1678","140","192.168.10.22","8081","10.0.0.2","46884","88","123729","38"
,"10.439005000","9.188985000","1679","140","192.168.10.22","8081","10.0.0.2","46884","88","123817","38"
,"10.439052000","9.189032000","1680","140","192.168.10.22","8081","10.0.0.2","46884","88","123905","38"
,"10.439076000","9.189056000","1681","140","192.168.10.22","8081","10.0.0.2","46884","88","123993","38"
,"10.439121000","9.189101000","1682","140","192.168.10.22","8081","10.0.0.2","46884","88","124081","38"
,"10.439135000","9.189115000","1683","140","192.168.10.22","8081","10.0.0.2","46884","88","124169","38"
,"10.439181000","9.189161000","1684","140","192.168.10.22","8081","10.0.0.2","46884","88","124257","38"
,"10.439194000","9.189174000","1685","140","192.168.10.22","8081","10.0.0.2","46884","88","124345","38"
,"10.439238000","9.189218000","1686","140","192.168.10.22","8081","10.0.0.2","46884","88","124433","38"
,"10.439253000","9.189233000","1687","140","192.168.10.22","8081","10.0.0.2","46884","88","124521","38"
,"10.499868000","9.249848000","1688","52","10.0.0.2","46884","192.168.10.22","8081","0","38","119329"
,"10.499920000","9.249900000","1689","52","10.0.0.2","46884","192.168.10.22","8081","0","38","119593"
,"10.499933000","9.249913000","1690","52","10.0.0.2","46884","192.168.10.22","8081","0","38","119681"
,"10.499945000","9.249925000","1691","52","10.0.0.2","46884","192.168.10.22","8081","0","38","119857"
,"10.499957000","9.249937000","1692","52","10.0.0.2","46884","192.168.10.22","8081","0","38","120033"
,"10.500899000","9.250879000","1693","140","192.168.10.22","8081","10.0.0.2","46884","88","124609","38"
,"10.500959000","9.250939000","1694","140","192.168.10.22","8081","10.0.0.2","46884","88","124697","38"
,"10.501022000","9.251002000","1695","140","192.168.10.22","8081","10.0.0.2","46884","88","124785","38"
,"10.501036000","9.251016000","1696","140","192.168.10.22","8081","10.0.0.2","46884","88","124873","38"
,"10.501083000","9.251063000","1697","140","192.168.10.22","8081","10.0.0.2","46884","88","124961","38"
,"10.501097000","9.251077000","1698","140","192.168.10.22","8081","10.0.0.2","46884","88","125049","38"
,"10.501144000","9.251124000","1699","140","192.168.10.22","8081","10.0.0.2","46884","88","125137","38"
,"10.501158000","9.251138000","1700","140","192.168.10.22","8081","10.0.0.2","46884","88","125225","38"
,"10.501204000","9.251184000","1701","140","192.168.10.22","8081","10.0.0.2","46884","88","125313","38"
,"10.501217000","9.251197000","1702","140","192.168.10.22","8081","10.0.0.2","46884","88","125401","38"
,"10.562527000","9.312507000","1703","52","10.0.0.2","46884","192.168.10.22","8081","0","38","120825"
,"10.562554000","9.312534000","1704","52","10.0.0.2","46884","192.168.10.22","8081","0","38","121001"
,"10.563532000","9.313512000","1705","140","192.168.10.22","8081","10.0.0.2","46884","88","125489","38"
,"10.563577000","9.313557000","1706","140","192.168.10.22","8081","10.0.0.2","46884","88","125577","38"
,"10.563641000","9.313621000","1707","140","192.168.10.22","8081","10.0.0.2","46884","88","125665","38"
,"10.563657000","9.313637000","1708","140","192.168.10.22","8081","10.0.0.2","46884","88","125753","38"
,"10.563710000","9.313690000","1709","140","192.168.10.22","8081","10.0.0.2","46884","88","125841","38"
,"10.563723000","9.313703000","1710","140","192.168.10.22","8081","10.0.0.2","46884","88","125929","38"
,"10.563768000","9.313748000","1711","140","192.168.10.22","8081","10.0.0.2","46884","88","126017","38"
,"10.563780000","9.313760000","1712","140","192.168.10.22","8081","10.0.0.2","46884","88","126105","38"
,"10.563826000","9.313806000","1713","140","192.168.10.22","8081","10.0.0.2","46884","88","126193","38"
,"10.563840000","9.313820000","1714","140","192.168.10.22","8081","10.0.0.2","46884","88","126281","38"
,"10.624984000","9.374964000","1715","52","10.0.0.2","46884","192.168.10.22","8081","0","38","121441"
,"10.625011000","9.374991000","1716","52","10.0.0.2","46884","192.168.10.22","8081","0","38","121881"
,"10.626030000","9.376010000","1717","140","192.168.10.22","8081","10.0.0.2","46884","88","126369","38"
,"10.626072000","9.376052000","1718","140","192.168.10.22","8081","10.0.0.2","46884","88","126457","38"
,"10.626135000","9.376115000","1719","140","192.168.10.22","8081","10.0.0.2","46884","88","126545","38"
,"10.626152000","9.376132000","1720","140","192.168.10.22","8081","10.0.0.2","46884","88","126633","38"
,"10.626200000","9.376180000","1721","140","192.168.10.22","8081","10.0.0.2","46884","88","126721","38"
,"10.626211000","9.376191000","1722","140","192.168.10.22","8081","10.0.0.2","46884","88","126809","38"
,"10.626256000","9.376236000","1723","140","192.168.10.22","8081","10.0.0.2","46884","88","126897","38"
,"10.626268000","9.376248000","1724","140","192.168.10.22","8081","10.0.0.2","46884","88","126985","38"
,"10.626312000","9.376292000","1725","140","192.168.10.22","8081","10.0.0.2","46884","88","127073","38"
,"10.626326000","9.376306000","1726","140","192.168.10.22","8081","10.0.0.2","46884","88","127161","38"
,"10.687101000","9.437081000","1727","52","10.0.0.2","46884","192.168.10.22","8081","0","38","122673"
,"10.687126000","9.437106000","1728","52","10.0.0.2","46884","192.168.10.22","8081","0","38","122849"
,"10.688030000","9.438010000","1729","140","192.168.10.22","8081","10.0.0.2","46884","88","127249","38"
,"10.688069000","9.438049000","1730","140","192.168.10.22","8081","10.0.0.2","46884","88","127337","38"
,"10.688123000","9.438103000","1731","140","192.168.10.22","8081","10.0.0.2","46884","88","127425","38"
,"10.688136000","9.438116000","1732","140","192.168.10.22","8081","10.0.0.2","46884","88","127513","38"
,"10.688181000","9.438161000","1733","140","192.168.10.22","8081","10.0.0.2","46884","88","127601","38"
,"10.688192000","9.438172000","1734","140","192.168.10.22","8081","10.0.0.2","46884","88","127689","38"
,"10.688237000","9.438217000","1735","140","192.168.10.22","8081","10.0.0.2","46884","88","127777","38"
,"10.688248000","9.438228000","1736","140","192.168.10.22","8081","10.0.0.2","46884","88","127865","38"
,"10.688293000","9.438273000","1737","140","192.168.10.22","8081","10.0.0.2","46884","88","127953","38"
,"10.688306000","9.438286000","1738","140","192.168.10.22","8081","10.0.0.2","46884","88","128041","38"
,"10.688351000","9.438331000","1739","140","192.168.10.22","8081","10.0.0.2","46884","88","128129","38"
,"10.688368000","9.438348000","1740","140","192.168.10.22","8081","10.0.0.2","46884","88","128217","38"
,"10.749824000","9.499804000","1741","52","10.0.0.2","46884","192.168.10.22","8081","0","38","123377"
,"10.749854000","9.499834000","1742","52","10.0.0.2","46884","192.168.10.22","8081","0","38","123729"
,"10.750844000","9.500824000","1743","140","192.168.10.22","8081","10.0.0.2","46884","88","128305","38"
,"10.750919000","9.500899000","1744","140","192.168.10.22","8081","10.0.0.2","46884","88","128393","38"
,"10.750993000","9.500973000","1745","140","192.168.10.22","8081","10.0.0.2","46884","88","128481","38"
,"10.751007000","9.500987000","1746","140","192.168.10.22","8081","10.0.0.2","46884","88","128569","38"
,"10.751054000","9.501034000","1747","140","192.168.10.22","8081","10.0.0.2","46884","88","128657","38"
,"10.751079000","9.501059000","1748","140","192.168.10.22","8081","10.0.0.2","46884","88","128745","38"
,"10.751124000","9.501104000","1749","140","192.168.10.22","8081","10.0.0.2","46884","88","128833","38"
,"10.751138000","9.501118000","1750","140","192.168.10.22","8081","10.0.0.2","46884","88","128921","38"
,"10.751182000","9.501162000","1751","140","192.168.10.22","8081","10.0.0.2","46884","88","129009","38"
,"10.751195000","9.501175000","1752","140","192.168.10.22","8081","10.0.0.2","46884","88","129097","38"
,"10.812158000","9.562138000","1753","52","10.0.0.2","46884","192.168.10.22","8081","0","38","124521"
,"10.812168000","9.562148000","1754","52","10.0.0.2","46884","192.168.10.22","8081","0","38","124609"
,"10.813091000","9.563071000","1755","140","192.168.10.22","8081","10.0.0.2","46884","88","129185","38"
,"10.813134000","9.563114000","1756","140","192.168.10.22","8081","10.0.0.2","46884","88","129273","38"
,"10.813199000","9.563179000","1757","140","192.168.10.22","8081","10.0.0.2","46884","88","129361","38"
,"10.813215000","9.563195000","1758","140","192.168.10.22","8081","10.0.0.2","46884","88","129449","38"
,"10.813266000","9.563246000","1759","140","192.168.10.22","8081","10.0.0.2","46884","88","129537","38"
,"10.813278000","9.563258000","1760","140","192.168.10.22","8081","10.0.0.2","46884","88","129625","38"
,"10.813323000","9.563303000","1761","140","192.168.10.22","8081","10.0.0.2","46884","88","129713","38"
,"10.813335000","9.563315000","1762","140","192.168.10.22","8081","10.0.0.2","46884","88","129801","38"
,"10.813380000","9.563360000","1763","140","192.168.10.22","8081","10.0.0.2","46884","88","129889","38"
,"10.813394000","9.563374000","1764","140","192.168.10.22","8081","10.0.0.2","46884","88","129977","38"
,"10.874329000","9.624309000","1765","52","10.0.0.2","46884","192.168.10.22","8081","0","38","125401"
,"10.874357000","9.624337000","1766","52","10.0.0.2","46884","192.168.10.22","8081","0","38","125577"
,"10.875236000","9.625216000","1767","140","192.168.10.22","8081","10.0.0.2","46884","88","130065","38"
,"10.875274000","9.625254000","1768","140","192.168.10.22","8081","10.0.0.2","46884","88","130153","38"
,"10.875324000","9.625304000","1769","140","192.168.10.22","8081","10.0.0.2","46884","88","130241","38"
,"10.875336000","9.625316000","1770","140","192.168.10.22","8081","10.0.0.2","46884","88","130329","38"
,"10.875383000","9.625363000","1771","140","192.168.10.22","8081","10.0.0.2","46884","88","130417","38"
,"10.875396000","9.625376000","1772","140","192.168.10.22","8081","10.0.0.2","46884","88","130505","38"
,"10.875440000","9.625420000","1773","140","192.168.10.22","8081","10.0.0.2","46884","88","130593","38"
,"10.875452000","9.625432000","1774","140","192.168.10.22","8081","10.0.0.2","46884","88","130681","38"
,"10.875496000","9.625476000","1775","140","192.168.10.22","8081","10.0.0.2","46884","88","130769","38"
,"10.875510000","9.625490000","1776","140","192.168.10.22","8081","10.0.0.2","46884","88","130857","38"
,"10.937844000","9.687824000","1777","52","10.0.0.2","46884","192.168.10.22","8081","0","38","126017"
,"10.937872000","9.687852000","1778","52","10.0.0.2","46884","192.168.10.22","8081","0","38","126457"
,"10.938863000","9.688843000","1779","140","192.168.10.22","8081","10.0.0.2","46884","88","130945","38"
,"10.938956000","9.688936000","1780","140","192.168.10.22","8081","10.0.0.2","46884","88","131033","38"
,"10.939024000","9.689004000","1781","140","192.168.10.22","8081","10.0.0.2","46884","88","131121","38"
,"10.939038000","9.689018000","1782","140","192.168.10.22","8081","10.0.0.2","46884","88","131209","38"
,"10.939085000","9.689065000","1783","140","192.168.10.22","8081","10.0.0.2","46884","88","131297","38"
,"10.939099000","9.689079000","1784","140","192.168.10.22","8081","10.0.0.2","46884","88","131385","38"
,"10.939145000","9.689125000","1785","140","192.168.10.22","8081","10.0.0.2","46884","88","131473","38"
,"10.939159000","9.689139000","1786","140","192.168.10.22","8081","10.0.0.2","46884","88","131561","38"
,"10.939204000","9.689184000","1787","140","192.168.10.22","8081","10.0.0.2","46884","88","131649","38"
,"10.939218000","9.689198000","1788","140","192.168.10.22","8081","10.0.0.2","46884","88","131737","38"
,"11.000040000","9.750020000","1789","52","10.0.0.2","46884","192.168.10.22","8081","0","38","127073"
,"11.000068000","9.750048000","1790","52","10.0.0.2","46884","192.168.10.22","8081","0","38","127425"
,"11.001053000","9.751033000","1791","140","192.168.10.22","8081","10.0.0.2","46884","88","131825","38"
,"11.001094000","9.751074000","1792","140","192.168.10.22","8081","10.0.0.2","46884","88","131913","38"
,"11.001157000","9.751137000","1793","140","192.168.10.22","8081","10.0.0.2","46884","88","132001","38"
,"11.001173000","9.751153000","1794","140","192.168.10.22","8081","10.0.0.2","46884","88","132089","38"
,"11.001225000","9.751205000","1795","140","192.168.10.22","8081","10.0.0.2","46884","88","132177","38"
,"11.001238000","9.751218000","1796","140","192.168.10.22","8081","10.0.0.2","46884","88","132265","38"
,"11.001282000","9.751262000","1797","140","192.168.10.22","8081","10.0.0.2","46884","88","132353","38"
,"11.001294000","9.751274000","1798","140","192.168.10.22","8081","10.0.0.2","46884","88","132441","38"
,"11.001339000","9.751319000","1799","140","192.168.10.22","8081","10.0.0.2","46884","88","132529","38"
,"11.001354000","9.751334000","1800","140","192.168.10.22","8081","10.0.0.2","46884","88","132617","38"
,"11.001399000","9.751379000","1801","140","192.168.10.22","8081","10.0.0.2","46884","88","132705","38"
,"11.001413000","9.751393000","1802","140","192.168.10.22","8081","10.0.0.2","46884","88","132793","38"
,"11.062205000","9.812185000","1803","52","10.0.0.2","46884","192.168.10.22","8081","0","38","128217"
,"11.062230000","9.812210000","1804","52","10.0.0.2","46884","192.168.10.22","8081","0","38","128305"
,"11.063118000","9.813098000","1805","140","192.168.10.22","8081","10.0.0.2","46884","88","132881","38"
,"11.063156000","9.813136000","1806","140","192.168.10.22","8081","10.0.0.2","46884","88","132969","38"
,"11.063206000","9.813186000","1807","140","192.168.10.22","8081","10.0.0.2","46884","88","133057","38"
,"11.063218000","9.813198000","1808","140","192.168.10.22","8081","10.0.0.2","46884","88","133145","38"
,"11.063264000","9.813244000","1809","140","192.168.10.22","8081","10.0.0.2","46884","88","133233","38"
,"11.063276000","9.813256000","1810","140","192.168.10.22","8081","10.0.0.2","46884","88","133321","38"
,"11.063320000","9.813300000","1811","140","192.168.10.22","8081","10.0.0.2","46884","88","133409","38"
,"11.063331000","9.813311000","1812","140","192.168.10.22","8081","10.0.0.2","46884","88","133497","38"
,"11.063376000","9.813356000","1813","140","192.168.10.22","8081","10.0.0.2","46884","88","133585","38"
,"11.063390000","9.813370000","1814","140","192.168.10.22","8081","10.0.0.2","46884","88","133673","38"
,"11.124936000","9.874916000","1815","52","10.0.0.2","46884","192.168.10.22","8081","0","38","128569"
,"11.124964000","9.874944000","1816","52","10.0.0.2","46884","192.168.10.22","8081","0","38","129273"
,"11.125954000","9.875934000","1817","140","192.168.10.22","8081","10.0.0.2","46884","88","133761","38"
,"11.125998000","9.875978000","1818","140","192.168.10.22","8081","10.0.0.2","46884","88","133849","38"
,"11.126060000","9.876040000","1819","140","192.168.10.22","8081","10.0.0.2","46884","88","133937","38"
,"11.126077000","9.876057000","1820","140","192.168.10.22","8081","10.0.0.2","46884","88","134025","38"
,"11.126126000","9.876106000","1821","140","192.168.10.22","8081","10.0.0.2","46884","88","134113","38"
,"11.126138000","9.876118000","1822","140","192.168.10.22","8081","10.0.0.2","46884","88","134201","38"
,"11.126183000","9.876163000","1823","140","192.168.10.22","8081","10.0.0.2","46884","88","134289","38"
,"11.126194000","9.876174000","1824","140","192.168.10.22","8081","10.0.0.2","46884","88","134377","38"
,"11.126239000","9.876219000","1825","140","192.168.10.22","8081","10.0.0.2","46884","88","134465","38"
,"11.126253000","9.876233000","1826","140","192.168.10.22","8081","10.0.0.2","46884","88","134553","38"
,"11.186990000","9.936970000","1827","52","10.0.0.2","46884","192.168.10.22","8081","0","38","129713"
,"11.187000000","9.936980000","1828","52","10.0.0.2","46884","192.168.10.22","8081","0","38","129889"
,"11.187004000","9.936984000","1829","52","10.0.0.2","46884","192.168.10.22","8081","0","38","130153"
,"11.187839000","9.937819000","1830","140","192.168.10.22","8081","10.0.0.2","46884","88","134641","38"
,"11.187910000","9.937890000","1831","140","192.168.10.22","8081","10.0.0.2","46884","88","134729","38"
,"11.187968000","9.937948000","1832","140","192.168.10.22","8081","10.0.0.2","46884","88","134817","38"
,"11.187980000","9.937960000","1833","140","192.168.10.22","8081","10.0.0.2","46884","88","134905","38"
,"11.188024000","9.938004000","1834","140","192.168.10.22","8081","10.0.0.2","46884","88","134993","38"
,"11.188038000","9.938018000","1835","140","192.168.10.22","8081","10.0.0.2","46884","88","135081","38"
,"11.188083000","9.938063000","1836","140","192.168.10.22","8081","10.0.0.2","46884","88","135169","38"
,"11.188097000","9.938077000","1837","140","192.168.10.22","8081","10.0.0.2","46884","88","135257","38"
,"11.188141000","9.938121000","1838","140","192.168.10.22","8081","10.0.0.2","46884","88","135345","38"
,"11.188154000","9.938134000","1839","140","192.168.10.22","8081","10.0.0.2","46884","88","135433","38"
,"11.249231000","9.999211000","1840","52","10.0.0.2","46884","192.168.10.22","8081","0","38","130945"
,"11.249257000","9.999237000","1841","52","10.0.0.2","46884","192.168.10.22","8081","0","38","131121"
,"11.250236000","10.000216000","1842","140","192.168.10.22","8081","10.0.0.2","46884","88","135521","38"
,"11.250277000","10.000257000","1843","140","192.168.10.22","8081","10.0.0.2","46884","88","135609","38"
,"11.250342000","10.000322000","1844","140","192.168.10.22","8081","10.0.0.2","46884","88","135697","38"
,"11.250358000","10.000338000","1845","140","192.168.10.22","8081","10.0.0.2","46884","88","135785","38"
,"11.250413000","10.000393000","1846","140","192.168.10.22","8081","10.0.0.2","46884","88","135873","38"
,"11.250426000","10.000406000","1847","140","192.168.10.22","8081","10.0.0.2","46884","88","135961","38"
,"11.250472000","10.000452000","1848","140","192.168.10.22","8081","10.0.0.2","46884","88","136049","38"
,"11.250483000","10.000463000","1849","140","192.168.10.22","8081","10.0.0.2","46884","88","136137","38"
,"11.250527000","10.000507000","1850","140","192.168.10.22","8081","10.0.0.2","46884","88","136225","38"
,"11.250541000","10.000521000","1851","140","192.168.10.22","8081","10.0.0.2","46884","88","136313","38"
,"11.250586000","10.000566000","1852","140","192.168.10.22","8081","10.0.0.2","46884","88","136401","38"
,"11.250600000","10.000580000","1853","140","192.168.10.22","8081","10.0.0.2","46884","88","136489","38"
,"11.311973000","10.061953000","1854","52","10.0.0.2","46884","192.168.10.22","8081","0","38","131385"
,"11.311983000","10.061963000","1855","52","10.0.0.2","46884","192.168.10.22","8081","0","38","132001"
,"11.312689000","10.062669000","1856","140","192.168.10.22","8081","10.0.0.2","46884","88","136577","38"
,"11.312703000","10.062683000","1857","140","192.168.10.22","8081","10.0.0.2","46884","88","136665","38"
,"11.312717000","10.062697000","1858","140","192.168.10.22","8081","10.0.0.2","46884","88","136753","38"
,"11.312720000","10.062700000","1859","140","192.168.10.22","8081","10.0.0.2","46884","88","136841","38"
,"11.312732000","10.062712000","1860","140","192.168.10.22","8081","10.0.0.2","46884","88","136929","38"
,"11.312735000","10.062715000","1861","140","192.168.10.22","8081","10.0.0.2","46884","88","137017","38"
,"11.312746000","10.062726000","1862","140","192.168.10.22","8081","10.0.0.2","46884","88","137105","38"
,"11.312748000","10.062728000","1863","140","192.168.10.22","8081","10.0.0.2","46884","88","137193","38"
,"11.312892000","10.062872000","1864","140","192.168.10.22","8081","10.0.0.2","46884","88","137281","38"
,"11.312945000","10.062925000","1865","140","192.168.10.22","8081","10.0.0.2","46884","88","137369","38"
,"11.374726000","10.124706000","1866","52","10.0.0.2","46884","192.168.10.22","8081","0","38","132617"
,"11.374749000","10.124729000","1867","52","10.0.0.2","46884","192.168.10.22","8081","0","38","132881"
,"11.375729000","10.125709000","1868","140","192.168.10.22","8081","10.0.0.2","46884","88","137457","38"
,"11.375772000","10.125752000","1869","140","192.168.10.22","8081","10.0.0.2","46884","88","137545","38"
,"11.375842000","10.125822000","1870","140","192.168.10.22","8081","10.0.0.2","46884","88","137633","38"
,"11.375863000","10.125843000","1871","140","192.168.10.22","8081","10.0.0.2","46884","88","137721","38"
,"11.375942000","10.125922000","1872","140","192.168.10.22","8081","10.0.0.2","46884","88","137809","38"
,"11.375956000","10.125936000","1873","140","192.168.10.22","8081","10.0.0.2","46884","88","137897","38"
,"11.376002000","10.125982000","1874","140","192.168.10.22","8081","10.0.0.2","46884","88","137985","38"
,"11.376018000","10.125998000","1875","140","192.168.10.22","8081","10.0.0.2","46884","88","138073","38"
,"11.376063000","10.126043000","1876","140","192.168.10.22","8081","10.0.0.2","46884","88","138161","38"
,"11.376075000","10.126055000","1877","140","192.168.10.22","8081","10.0.0.2","46884","88","138249","38"
,"11.437548000","10.187528000","1878","52","10.0.0.2","46884","192.168.10.22","8081","0","38","133321"
,"11.437578000","10.187558000","1879","52","10.0.0.2","46884","192.168.10.22","8081","0","38","133761"
,"11.437594000","10.187574000","1880","52","10.0.0.2","46884","192.168.10.22","8081","0","38","133849"
,"11.438551000","10.188531000","1881","140","192.168.10.22","8081","10.0.0.2","46884","88","138337","38"
,"11.438592000","10.188572000","1882","140","192.168.10.22","8081","10.0.0.2","46884","88","138425","38"
,"11.438657000","10.188637000","1883","140","192.168.10.22","8081","10.0.0.2","46884","88","138513","38"
,"11.438673000","10.188653000","1884","140","192.168.10.22","8081","10.0.0.2","46884","88","138601","38"
,"11.438727000","10.188707000","1885","140","192.168.10.22","8081","10.0.0.2","46884","88","138689","38"
,"11.438740000","10.188720000","1886","140","192.168.10.22","8081","10.0.0.2","46884","88","138777","38"
,"11.438787000","10.188767000","1887","140","192.168.10.22","8081","10.0.0.2","46884","88","138865","38"
,"11.438798000","10.188778000","1888","140","192.168.10.22","8081","10.0.0.2","46884","88","138953","38"
,"11.438843000","10.188823000","1889","140","192.168.10.22","8081","10.0.0.2","46884","88","139041","38"
,"11.438857000","10.188837000","1890","140","192.168.10.22","8081","10.0.0.2","46884","88","139129","38"
,"11.499853000","10.249833000","1891","52","10.0.0.2","46884","192.168.10.22","8081","0","38","134553"
,"11.499902000","10.249882000","1892","52","10.0.0.2","46884","192.168.10.22","8081","0","38","134729"
,"11.500895000","10.250875000","1893","140","192.168.10.22","8081","10.0.0.2","46884","88","139217","38"
,"11.500956000","10.250936000","1894","140","192.168.10.22","8081","10.0.0.2","46884","88","139305","38"
,"11.501021000","10.251001000","1895","140","192.168.10.22","8081","10.0.0.2","46884","88","139393","38"
,"11.501035000","10.251015000","1896","140","192.168.10.22","8081","10.0.0.2","46884","88","139481","38"
,"11.501084000","10.251064000","1897","140","192.168.10.22","8081","10.0.0.2","46884","88","139569","38"
,"11.501098000","10.251078000","1898","140","192.168.10.22","8081","10.0.0.2","46884","88","139657","38"
,"11.501143000","10.251123000","1899","140","192.168.10.22","8081","10.0.0.2","46884","88","139745","38"
,"11.501156000","10.251136000","1900","140","192.168.10.22","8081","10.0.0.2","46884","88","139833","38"
,"11.501204000","10.251184000","1901","140","192.168.10.22","8081","10.0.0.2","46884","88","139921","38"
,"11.501217000","10.251197000","1902","140","192.168.10.22","8081","10.0.0.2","46884","88","140009","38"
,"11.562573000","10.312553000","1903","52","10.0.0.2","46884","192.168.10.22","8081","0","38","135521"
,"11.562600000","10.312580000","1904","52","10.0.0.2","46884","192.168.10.22","8081","0","38","135697"
,"11.563595000","10.313575000","1905","140","192.168.10.22","8081","10.0.0.2","46884","88","140097","38"
,"11.563636000","10.313616000","1906","140","192.168.10.22","8081","10.0.0.2","46884","88","140185","38"
,"11.563701000","10.313681000","1907","140","192.168.10.22","8081","10.0.0.2","46884","88","140273","38"
,"11.563716000","10.313696000","1908","140","192.168.10.22","8081","10.0.0.2","46884","88","140361","38"
,"11.563770000","10.313750000","1909","140","192.168.10.22","8081","10.0.0.2","46884","88","140449","38"
,"11.563784000","10.313764000","1910","140","192.168.10.22","8081","10.0.0.2","46884","88","140537","38"
,"11.563829000","10.313809000","1911","140","192.168.10.22","8081","10.0.0.2","46884","88","140625","38"
,"11.563840000","10.313820000","1912","140","192.168.10.22","8081","10.0.0.2","46884","88","140713","38"
,"11.563919000","10.313899000","1913","140","192.168.10.22","8081","10.0.0.2","46884","88","140801","38"
,"11.563935000","10.313915000","1914","140","192.168.10.22","8081","10.0.0.2","46884","88","140889","38"
,"11.563981000","10.313961000","1915","140","192.168.10.22","8081","10.0.0.2","46884","88","140977","38"
,"11.563995000","10.313975000","1916","140","192.168.10.22","8081","10.0.0.2","46884","88","141065","38"
,"11.624521000","10.374501000","1917","52","10.0.0.2","46884","192.168.10.22","8081","0","38","136225"
,"11.624544000","10.374524000","1918","52","10.0.0.2","46884","192.168.10.22","8081","0","38","136577"
,"11.625506000","10.375486000","1919","140","192.168.10.22","8081","10.0.0.2","46884","88","141153","38"
,"11.625546000","10.375526000","1920","140","192.168.10.22","8081","10.0.0.2","46884","88","141241","38"
,"11.625611000","10.375591000","1921","140","192.168.10.22","8081","10.0.0.2","46884","88","141329","38"
,"11.625628000","10.375608000","1922","140","192.168.10.22","8081","10.0.0.2","46884","88","141417","38"
,"11.625682000","10.375662000","1923","140","192.168.10.22","8081","10.0.0.2","46884","88","141505","38"
,"11.625694000","10.375674000","1924","140","192.168.10.22","8081","10.0.0.2","46884","88","141593","38"
,"11.625740000","10.375720000","1925","140","192.168.10.22","8081","10.0.0.2","46884","88","141681","38"
,"11.625751000","10.375731000","1926","140","192.168.10.22","8081","10.0.0.2","46884","88","141769","38"
,"11.625795000","10.375775000","1927","140","192.168.10.22","8081","10.0.0.2","46884","88","141857","38"
,"11.625809000","10.375789000","1928","140","192.168.10.22","8081","10.0.0.2","46884","88","141945","38"
,"11.687926000","10.437906000","1929","52","10.0.0.2","46884","192.168.10.22","8081","0","38","137369"
,"11.687967000","10.437947000","1930","52","10.0.0.2","46884","192.168.10.22","8081","0","38","137545"
,"11.689021000","10.439001000","1931","140","192.168.10.22","8081","10.0.0.2","46884","88","142033","38"
,"11.689063000","10.439043000","1932","140","192.168.10.22","8081","10.0.0.2","46884","88","142121","38"
,"11.689126000","10.439106000","1933","140","192.168.10.22","8081","10.0.0.2","46884","88","142209","38"
,"11.689143000","10.439123000","1934","140","192.168.10.22","8081","10.0.0.2","46884","88","142297","38"
,"11.689190000","10.439170000","1935","140","192.168.10.22","8081","10.0.0.2","46884","88","142385","38"
,"11.689203000","10.439183000","1936","140","192.168.10.22","8081","10.0.0.2","46884","88","142473","38"
,"11.689247000","10.439227000","1937","140","192.168.10.22","8081","10.0.0.2","46884","88","142561","38"
,"11.689258000","10.439238000","1938","140","192.168.10.22","8081","10.0.0.2","46884","88","142649","38"
,"11.689302000","10.439282000","1939","140","192.168.10.22","8081","10.0.0.2","46884","88","142737","38"
,"11.689322000","10.439302000","1940","140","192.168.10.22","8081","10.0.0.2","46884","88","142825","38"
,"11.749483000","10.499463000","1941","52","10.0.0.2","46884","192.168.10.22","8081","0","38","138337"
,"11.749510000","10.499490000","1942","52","10.0.0.2","46884","192.168.10.22","8081","0","38","138425"
,"11.750491000","10.500471000","1943","140","192.168.10.22","8081","10.0.0.2","46884","88","142913","38"
,"11.750532000","10.500512000","1944","140","192.168.10.22","8081","10.0.0.2","46884","88","143001","38"
,"11.750595000","10.500575000","1945","140","192.168.10.22","8081","10.0.0.2","46884","88","143089","38"
,"11.750612000","10.500592000","1946","140","192.168.10.22","8081","10.0.0.2","46884","88","143177","38"
,"11.750667000","10.500647000","1947","140","192.168.10.22","8081","10.0.0.2","46884","88","143265","38"
,"11.750680000","10.500660000","1948","140","192.168.10.22","8081","10.0.0.2","46884","88","143353","38"
,"11.750726000","10.500706000","1949","140","192.168.10.22","8081","10.0.0.2","46884","88","143441","38"
,"11.750737000","10.500717000","1950","140","192.168.10.22","8081","10.0.0.2","46884","88","143529","38"
,"11.750781000","10.500761000","1951","140","192.168.10.22","8081","10.0.0.2","46884","88","143617","38"
,"11.750795000","10.500775000","1952","140","192.168.10.22","8081","10.0.0.2","46884","88","143705","38"
,"11.813006000","10.562986000","1953","52","10.0.0.2","46884","192.168.10.22","8081","0","38","139129"
,"11.813031000","10.563011000","1954","52","10.0.0.2","46884","192.168.10.22","8081","0","38","139217"
,"11.813045000","10.563025000","1955","52","10.0.0.2","46884","192.168.10.22","8081","0","38","139393"
,"11.814043000","10.564023000","1956","140","192.168.10.22","8081","10.0.0.2","46884","88","143793","38"
,"11.814087000","10.564067000","1957","140","192.168.10.22","8081","10.0.0.2","46884","88","143881","38"
,"11.814151000","10.564131000","1958","140","192.168.10.22","8081","10.0.0.2","46884","88","143969","38"
,"11.814167000","10.564147000","1959","140","192.168.10.22","8081","10.0.0.2","46884","88","144057","38"
,"11.814217000","10.564197000","1960","140","192.168.10.22","8081","10.0.0.2","46884","88","144145","38"
,"11.814229000","10.564209000","1961","140","192.168.10.22","8081","10.0.0.2","46884","88","144233","38"
,"11.814274000","10.564254000","1962","140","192.168.10.22","8081","10.0.0.2","46884","88","144321","38"
,"11.814285000","10.564265000","1963","140","192.168.10.22","8081","10.0.0.2","46884","88","144409","38"
,"11.814330000","10.564310000","1964","140","192.168.10.22","8081","10.0.0.2","46884","88","144497","38"
,"11.814344000","10.564324000","1965","140","192.168.10.22","8081","10.0.0.2","46884","88","144585","38"
,"11.814390000","10.564370000","1966","140","192.168.10.22","8081","10.0.0.2","46884","88","144673","38"
,"11.814404000","10.564384000","1967","140","192.168.10.22","8081","10.0.0.2","46884","88","144761","38"
,"11.874943000","10.624923000","1968","52","10.0.0.2","46884","192.168.10.22","8081","0","38","140097"
,"11.874974000","10.624954000","1969","52","10.0.0.2","46884","192.168.10.22","8081","0","38","140273"
,"11.875974000","10.625954000","1970","140","192.168.10.22","8081","10.0.0.2","46884","88","144849","38"
,"11.876016000","10.625996000","1971","140","192.168.10.22","8081","10.0.0.2","46884","88","144937","38"
,"11.876079000","10.626059000","1972","140","192.168.10.22","8081","10.0.0.2","46884","88","145025","38"
,"11.876095000","10.626075000","1973","140","192.168.10.22","8081","10.0.0.2","46884","88","145113","38"
,"11.876156000","10.626136000","1974","140","192.168.10.22","8081","10.0.0.2","46884","88","145201","38"
,"11.876170000","10.626150000","1975","140","192.168.10.22","8081","10.0.0.2","46884","88","145289","38"
,"11.876215000","10.626195000","1976","140","192.168.10.22","8081","10.0.0.2","46884","88","145377","38"
,"11.876236000","10.626216000","1977","140","192.168.10.22","8081","10.0.0.2","46884","88","145465","38"
,"11.876280000","10.626260000","1978","140","192.168.10.22","8081","10.0.0.2","46884","88","145553","38"
,"11.876293000","10.626273000","1979","140","192.168.10.22","8081","10.0.0.2","46884","88","145641","38"
,"11.937595000","10.687575000","1980","52","10.0.0.2","46884","192.168.10.22","8081","0","38","141065"
,"11.937621000","10.687601000","1981","52","10.0.0.2","46884","192.168.10.22","8081","0","38","141153"
,"11.938598000","10.688578000","1982","140","192.168.10.22","8081","10.0.0.2","46884","88","145729","38"
,"11.938639000","10.688619000","1983","140","192.168.10.22","8081","10.0.0.2","46884","88","145817","38"
,"11.938702000","10.688682000","1984","140","192.168.10.22","8081","10.0.0.2","46884","88","145905","38"
,"11.938718000","10.688698000","1985","140","192.168.10.22","8081","10.0.0.2","46884","88","145993","38"
,"11.938772000","10.688752000","1986","140","192.168.10.22","8081","10.0.0.2","46884","88","146081","38"
,"11.938785000","10.688765000","1987","140","192.168.10.22","8081","10.0.0.2","46884","88","146169","38"
,"11.938831000","10.688811000","1988","140","192.168.10.22","8081","10.0.0.2","46884","88","146257","38"
,"11.938843000","10.688823000","1989","140","192.168.10.22","8081","10.0.0.2","46884","88","146345","38"
,"11.938931000","10.688911000","1990","140","192.168.10.22","8081","10.0.0.2","46884","88","146433","38"
,"11.938947000","10.688927000","1991","140","192.168.10.22","8081","10.0.0.2","46884","88","146521","38"
,"11.999272000","10.749252000","1992","52","10.0.0.2","46884","192.168.10.22","8081","0","38","141769"
,"11.999299000","10.749279000","1993","52","10.0.0.2","46884","192.168.10.22","8081","0","38","142121"
,"12.000285000","10.750265000","1994","140","192.168.10.22","8081","10.0.0.2","46884","88","146609","38"
,"12.000327000","10.750307000","1995","140","192.168.10.22","8081","10.0.0.2","46884","88","146697","38"
,"12.000391000","10.750371000","1996","140","192.168.10.22","8081","10.0.0.2","46884","88","146785","38"
,"12.000407000","10.750387000","1997","140","192.168.10.22","8081","10.0.0.2","46884","88","146873","38"
,"12.000459000","10.750439000","1998","140","192.168.10.22","8081","10.0.0.2","46884","88","146961","38"
,"12.000471000","10.750451000","1999","140","192.168.10.22","8081","10.0.0.2","46884","88","147049","38"
,"12.000516000","10.750496000","2000","140","192.168.10.22","8081","10.0.0.2","46884","88","147137","38"
,"12.000527000","10.750507000","2001","140","192.168.10.22","8081","10.0.0.2","46884","88","147225","38"
,"12.000573000","10.750553000","2002","140","192.168.10.22","8081","10.0.0.2","46884","88","147313","38"
,"12.000587000","10.750567000","2003","140","192.168.10.22","8081","10.0.0.2","46884","88","147401","38"
,"12.062653000","10.812633000","2004","52","10.0.0.2","46884","192.168.10.22","8081","0","38","142913"
,"12.062679000","10.812659000","2005","52","10.0.0.2","46884","192.168.10.22","8081","0","38","143001"
,"12.063663000","10.813643000","2006","140","192.168.10.22","8081","10.0.0.2","46884","88","147489","38"
,"12.063704000","10.813684000","2007","140","192.168.10.22","8081","10.0.0.2","46884","88","147577","38"
,"12.063766000","10.813746000","2008","140","192.168.10.22","8081","10.0.0.2","46884","88","147665","38"
,"12.063782000","10.813762000","2009","140","192.168.10.22","8081","10.0.0.2","46884","88","147753","38"
,"12.063834000","10.813814000","2010","140","192.168.10.22","8081","10.0.0.2","46884","88","147841","38"
,"12.063848000","10.813828000","2011","140","192.168.10.22","8081","10.0.0.2","46884","88","147929","38"
,"12.063928000","10.813908000","2012","140","192.168.10.22","8081","10.0.0.2","46884","88","148017","38"
,"12.063954000","10.813934000","2013","140","192.168.10.22","8081","10.0.0.2","46884","88","148105","38"
,"12.063998000","10.813978000","2014","140","192.168.10.22","8081","10.0.0.2","46884","88","148193","38"
,"12.064012000","10.813992000","2015","140","192.168.10.22","8081","10.0.0.2","46884","88","148281","38"
,"12.125046000","10.875026000","2016","52","10.0.0.2","46884","192.168.10.22","8081","0","38","143793"
,"12.125074000","10.875054000","2017","52","10.0.0.2","46884","192.168.10.22","8081","0","38","143969"
,"12.125985000","10.875965000","2018","140","192.168.10.22","8081","10.0.0.2","46884","88","148369","38"
,"12.126023000","10.876003000","2019","140","192.168.10.22","8081","10.0.0.2","46884","88","148457","38"
,"12.126073000","10.876053000","2020","140","192.168.10.22","8081","10.0.0.2","46884","88","148545","38"
,"12.126085000","10.876065000","2021","140","192.168.10.22","8081","10.0.0.2","46884","88","148633","38"
,"12.126130000","10.876110000","2022","140","192.168.10.22","8081","10.0.0.2","46884","88","148721","38"
,"12.126142000","10.876122000","2023","140","192.168.10.22","8081","10.0.0.2","46884","88","148809","38"
,"12.126186000","10.876166000","2024","140","192.168.10.22","8081","10.0.0.2","46884","88","148897","38"
,"12.126198000","10.876178000","2025","140","192.168.10.22","8081","10.0.0.2","46884","88","148985","38"
,"12.126242000","10.876222000","2026","140","192.168.10.22","8081","10.0.0.2","46884","88","149073","38"
,"12.126261000","10.876241000","2027","140","192.168.10.22","8081","10.0.0.2","46884","88","149161","38"
,"12.126305000","10.876285000","2028","140","192.168.10.22","8081","10.0.0.2","46884","88","149249","38"
,"12.126318000","10.876298000","2029","140","192.168.10.22","8081","10.0.0.2","46884","88","149337","38"
,"12.187350000","10.937330000","2030","52","10.0.0.2","46884","192.168.10.22","8081","0","38","144761"
,"12.187360000","10.937340000","2031","52","10.0.0.2","46884","192.168.10.22","8081","0","38","144849"
,"12.188083000","10.938063000","2032","140","192.168.10.22","8081","10.0.0.2","46884","88","149425","38"
,"12.188097000","10.938077000","2033","140","192.168.10.22","8081","10.0.0.2","46884","88","149513","38"
,"12.188111000","10.938091000","2034","140","192.168.10.22","8081","10.0.0.2","46884","88","149601","38"
,"12.188114000","10.938094000","2035","140","192.168.10.22","8081","10.0.0.2","46884","88","149689","38"
,"12.188125000","10.938105000","2036","140","192.168.10.22","8081","10.0.0.2","46884","88","149777","38"
,"12.188128000","10.938108000","2037","140","192.168.10.22","8081","10.0.0.2","46884","88","149865","38"
,"12.188139000","10.938119000","2038","140","192.168.10.22","8081","10.0.0.2","46884","88","149953","38"
,"12.188142000","10.938122000","2039","140","192.168.10.22","8081","10.0.0.2","46884","88","150041","38"
,"12.188162000","10.938142000","2040","140","192.168.10.22","8081","10.0.0.2","46884","88","150129","38"
,"12.188165000","10.938145000","2041","140","192.168.10.22","8081","10.0.0.2","46884","88","150217","38"
,"12.249495000","10.999475000","2042","52","10.0.0.2","46884","192.168.10.22","8081","0","38","145641"
,"12.249526000","10.999506000","2043","52","10.0.0.2","46884","192.168.10.22","8081","0","38","145817"
,"12.250522000","11.000502000","2044","140","192.168.10.22","8081","10.0.0.2","46884","88","150305","38"
,"12.250564000","11.000544000","2045","140","192.168.10.22","8081","10.0.0.2","46884","88","150393","38"
,"12.250629000","11.000609000","2046","140","192.168.10.22","8081","10.0.0.2","46884","88","150481","38"
,"12.250646000","11.000626000","2047","140","192.168.10.22","8081","10.0.0.2","46884","88","150569","38"
,"12.250701000","11.000681000","2048","140","192.168.10.22","8081","10.0.0.2","46884","88","150657","38"
,"12.250714000","11.000694000","2049","140","192.168.10.22","8081","10.0.0.2","46884","88","150745","38"
,"12.250760000","11.000740000","2050","140","192.168.10.22","8081","10.0.0.2","46884","88","150833","38"
,"12.250771000","11.000751000","2051","140","192.168.10.22","8081","10.0.0.2","46884","88","150921","38"
,"12.250817000","11.000797000","2052","140","192.168.10.22","8081","10.0.0.2","46884","88","151009","38"
,"12.250830000","11.000810000","2053","140","192.168.10.22","8081","10.0.0.2","46884","88","151097","38"
,"12.312579000","11.062559000","2054","52","10.0.0.2","46884","192.168.10.22","8081","0","38","145993"
,"12.312588000","11.062568000","2055","52","10.0.0.2","46884","192.168.10.22","8081","0","38","146345"
,"12.312592000","11.062572000","2056","52","10.0.0.2","46884","192.168.10.22","8081","0","38","146697"
,"12.313575000","11.063555000","2057","140","192.168.10.22","8081","10.0.0.2","46884","88","151185","38"
,"12.313615000","11.063595000","2058","140","192.168.10.22","8081","10.0.0.2","46884","88","151273","38"
,"12.313678000","11.063658000","2059","140","192.168.10.22","8081","10.0.0.2","46884","88","151361","38"
,"12.313694000","11.063674000","2060","140","192.168.10.22","8081","10.0.0.2","46884","88","151449","38"
,"12.313750000","11.063730000","2061","140","192.168.10.22","8081","10.0.0.2","46884","88","151537","38"
,"12.313764000","11.063744000","2062","140","192.168.10.22","8081","10.0.0.2","46884","88","151625","38"
,"12.313809000","11.063789000","2063","140","192.168.10.22","8081","10.0.0.2","46884","88","151713","38"
,"12.313821000","11.063801000","2064","140","192.168.10.22","8081","10.0.0.2","46884","88","151801","38"
,"12.313865000","11.063845000","2065","140","192.168.10.22","8081","10.0.0.2","46884","88","151889","38"
,"12.313911000","11.063891000","2066","140","192.168.10.22","8081","10.0.0.2","46884","88","151977","38"
,"12.374209000","11.124189000","2067","52","10.0.0.2","46884","192.168.10.22","8081","0","38","147489"
,"12.374234000","11.124214000","2068","52","10.0.0.2","46884","192.168.10.22","8081","0","38","147577"
,"12.375228000","11.125208000","2069","140","192.168.10.22","8081","10.0.0.2","46884","88","152065","38"
,"12.375269000","11.125249000","2070","140","192.168.10.22","8081","10.0.0.2","46884","88","152153","38"
,"12.375333000","11.125313000","2071","140","192.168.10.22","8081","10.0.0.2","46884","88","152241","38"
,"12.375352000","11.125332000","2072","140","192.168.10.22","8081","10.0.0.2","46884","88","152329","38"
,"12.375404000","11.125384000","2073","140","192.168.10.22","8081","10.0.0.2","46884","88","152417","38"
,"12.375416000","11.125396000","2074","140","192.168.10.22","8081","10.0.0.2","46884","88","152505","38"
,"12.375462000","11.125442000","2075","140","192.168.10.22","8081","10.0.0.2","46884","88","152593","38"
,"12.375474000","11.125454000","2076","140","192.168.10.22","8081","10.0.0.2","46884","88","152681","38"
,"12.375518000","11.125498000","2077","140","192.168.10.22","8081","10.0.0.2","46884","88","152769","38"
,"12.375532000","11.125512000","2078","140","192.168.10.22","8081","10.0.0.2","46884","88","152857","38"
,"12.437326000","11.187306000","2079","52","10.0.0.2","46884","192.168.10.22","8081","0","38","148281"
,"12.437353000","11.187333000","2080","52","10.0.0.2","46884","192.168.10.22","8081","0","38","148545"
,"12.438223000","11.188203000","2081","140","192.168.10.22","8081","10.0.0.2","46884","88","152945","38"
,"12.438261000","11.188241000","2082","140","192.168.10.22","8081","10.0.0.2","46884","88","153033","38"
,"12.438311000","11.188291000","2083","140","192.168.10.22","8081","10.0.0.2","46884","88","153121","38"
,"12.438323000","11.188303000","2084","140","192.168.10.22","8081","10.0.0.2","46884","88","153209","38"
,"12.438368000","11.188348000","2085","140","192.168.10.22","8081","10.0.0.2","46884","88","153297","38"
,"12.438379000","11.188359000","2086","140","192.168.10.22","8081","10.0.0.2","46884","88","153385","38"
,"12.438423000","11.188403000","2087","140","192.168.10.22","8081","10.0.0.2","46884","88","153473","38"
,"12.438434000","11.188414000","2088","140","192.168.10.22","8081","10.0.0.2","46884","88","153561","38"
,"12.438479000","11.188459000","2089","140","192.168.10.22","8081","10.0.0.2","46884","88","153649","38"
,"12.438493000","11.188473000","2090","140","192.168.10.22","8081","10.0.0.2","46884","88","153737","38"
,"12.438537000","11.188517000","2091","140","192.168.10.22","8081","10.0.0.2","46884","88","153825","38"
,"12.438551000","11.188531000","2092","140","192.168.10.22","8081","10.0.0.2","46884","88","153913","38"
,"12.499473000","11.249453000","2093","52","10.0.0.2","46884","192.168.10.22","8081","0","38","149337"
,"12.499499000","11.249479000","2094","52","10.0.0.2","46884","192.168.10.22","8081","0","38","149425"
,"12.500605000","11.250585000","2095","140","192.168.10.22","8081","10.0.0.2","46884","88","154001","38"
,"12.500645000","11.250625000","2096","140","192.168.10.22","8081","10.0.0.2","46884","88","154089","38"
,"12.500708000","11.250688000","2097","140","192.168.10.22","8081","10.0.0.2","46884","88","154177","38"
,"12.500723000","11.250703000","2098","140","192.168.10.22","8081","10.0.0.2","46884","88","154265","38"
,"12.500778000","11.250758000","2099","140","192.168.10.22","8081","10.0.0.2","46884","88","154353","38"
,"12.500793000","11.250773000","2100","140","192.168.10.22","8081","10.0.0.2","46884","88","154441","38"
,"12.500838000","11.250818000","2101","140","192.168.10.22","8081","10.0.0.2","46884","88","154529","38"
,"12.500850000","11.250830000","2102","140","192.168.10.22","8081","10.0.0.2","46884","88","154617","38"
,"12.500938000","11.250918000","2103","140","192.168.10.22","8081","10.0.0.2","46884","88","154705","38"
,"12.500955000","11.250935000","2104","140","192.168.10.22","8081","10.0.0.2","46884","88","154793","38"
,"12.562897000","11.312877000","2105","52","10.0.0.2","46884","192.168.10.22","8081","0","38","150393"
,"12.563923000","11.313903000","2106","140","192.168.10.22","8081","10.0.0.2","46884","88","154881","38"
,"12.563966000","11.313946000","2107","140","192.168.10.22","8081","10.0.0.2","46884","88","154969","38"
,"12.564031000","11.314011000","2108","140","192.168.10.22","8081","10.0.0.2","46884","88","155057","38"
,"12.564049000","11.314029000","2109","140","192.168.10.22","8081","10.0.0.2","46884","88","155145","38"
,"12.564096000","11.314076000","2110","140","192.168.10.22","8081","10.0.0.2","46884","88","155233","38"
,"12.564108000","11.314088000","2111","140","192.168.10.22","8081","10.0.0.2","46884","88","155321","38"
,"12.564154000","11.314134000","2112","140","192.168.10.22","8081","10.0.0.2","46884","88","155409","38"
,"12.564175000","11.314155000","2113","140","192.168.10.22","8081","10.0.0.2","46884","88","155497","38"
,"12.564219000","11.314199000","2114","140","192.168.10.22","8081","10.0.0.2","46884","88","155585","38"
,"12.564232000","11.314212000","2115","140","192.168.10.22","8081","10.0.0.2","46884","88","155673","38"
,"12.623976000","11.373956000","2116","52","10.0.0.2","46884","192.168.10.22","8081","0","38","151273"
,"12.624953000","11.374933000","2117","140","192.168.10.22","8081","10.0.0.2","46884","88","155761","38"
,"12.624977000","11.374957000","2118","140","192.168.10.22","8081","10.0.0.2","46884","88","155849","38"
,"12.625025000","11.375005000","2119","140","192.168.10.22","8081","10.0.0.2","46884","88","155937","38"
,"12.625037000","11.375017000","2120","140","192.168.10.22","8081","10.0.0.2","46884","88","156025","38"
,"12.625081000","11.375061000","2121","140","192.168.10.22","8081","10.0.0.2","46884","88","156113","38"
,"12.625093000","11.375073000","2122","140","192.168.10.22","8081","10.0.0.2","46884","88","156201","38"
,"12.625136000","11.375116000","2123","140","192.168.10.22","8081","10.0.0.2","46884","88","156289","38"
,"12.625147000","11.375127000","2124","140","192.168.10.22","8081","10.0.0.2","46884","88","156377","38"
,"12.625190000","11.375170000","2125","140","192.168.10.22","8081","10.0.0.2","46884","88","156465","38"
,"12.625209000","11.375189000","2126","140","192.168.10.22","8081","10.0.0.2","46884","88","156553","38"
,"12.687508000","11.437488000","2127","52","10.0.0.2","46884","192.168.10.22","8081","0","38","152153"
,"12.688562000","11.438542000","2128","140","192.168.10.22","8081","10.0.0.2","46884","88","156641","38"
,"12.688592000","11.438572000","2129","140","192.168.10.22","8081","10.0.0.2","46884","88","156729","38"
,"12.688655000","11.438635000","2130","140","192.168.10.22","8081","10.0.0.2","46884","88","156817","38"
,"12.688671000","11.438651000","2131","140","192.168.10.22","8081","10.0.0.2","46884","88","156905","38"
,"12.688726000","11.438706000","2132","140","192.168.10.22","8081","10.0.0.2","46884","88","156993","38"
,"12.688741000","11.438721000","2133","140","192.168.10.22","8081","10.0.0.2","46884","88","157081","38"
,"12.688792000","11.438772000","2134","140","192.168.10.22","8081","10.0.0.2","46884","88","157169","38"
,"12.688804000","11.438784000","2135","140","192.168.10.22","8081","10.0.0.2","46884","88","157257","38"
,"12.688847000","11.438827000","2136","140","192.168.10.22","8081","10.0.0.2","46884","88","157345","38"
,"12.688861000","11.438841000","2137","140","192.168.10.22","8081","10.0.0.2","46884","88","157433","38"
,"12.749827000","11.499807000","2138","52","10.0.0.2","46884","192.168.10.22","8081","0","38","153121"
,"12.750951000","11.500931000","2139","140","192.168.10.22","8081","10.0.0.2","46884","88","157521","38"
,"12.750983000","11.500963000","2140","140","192.168.10.22","8081","10.0.0.2","46884","88","157609","38"
,"12.751043000","11.501023000","2141","140","192.168.10.22","8081","10.0.0.2","46884","88","157697","38"
,"12.751058000","11.501038000","2142","140","192.168.10.22","8081","10.0.0.2","46884","88","157785","38"
,"12.751115000","11.501095000","2143","140","192.168.10.22","8081","10.0.0.2","46884","88","157873","38"
,"12.751128000","11.501108000","2144","140","192.168.10.22","8081","10.0.0.2","46884","88","157961","38"
,"12.751173000","11.501153000","2145","140","192.168.10.22","8081","10.0.0.2","46884","88","158049","38"
,"12.751184000","11.501164000","2146","140","192.168.10.22","8081","10.0.0.2","46884","88","158137","38"
,"12.751227000","11.501207000","2147","140","192.168.10.22","8081","10.0.0.2","46884","88","158225","38"
,"12.751249000","11.501229000","2148","140","192.168.10.22","8081","10.0.0.2","46884","88","158313","38"
,"12.751293000","11.501273000","2149","140","192.168.10.22","8081","10.0.0.2","46884","88","158401","38"
,"12.751305000","11.501285000","2150","140","192.168.10.22","8081","10.0.0.2","46884","88","158489","38"
,"12.812631000","11.562611000","2151","52","10.0.0.2","46884","192.168.10.22","8081","0","38","153913"
,"12.812638000","11.562618000","2152","52","10.0.0.2","46884","192.168.10.22","8081","0","38","154001"
,"12.813687000","11.563667000","2153","140","192.168.10.22","8081","10.0.0.2","46884","88","158577","38"
,"12.813718000","11.563698000","2154","140","192.168.10.22","8081","10.0.0.2","46884","88","158665","38"
,"12.813779000","11.563759000","2155","140","192.168.10.22","8081","10.0.0.2","46884","88","158753","38"
,"12.813796000","11.563776000","2156","140","192.168.10.22","8081","10.0.0.2","46884","88","158841","38"
,"12.813852000","11.563832000","2157","140","192.168.10.22","8081","10.0.0.2","46884","88","158929","38"
,"12.813868000","11.563848000","2158","140","192.168.10.22","8081","10.0.0.2","46884","88","159017","38"
,"12.813943000","11.563923000","2159","140","192.168.10.22","8081","10.0.0.2","46884","88","159105","38"
,"12.813957000","11.563937000","2160","140","192.168.10.22","8081","10.0.0.2","46884","88","159193","38"
,"12.814001000","11.563981000","2161","140","192.168.10.22","8081","10.0.0.2","46884","88","159281","38"
,"12.814015000","11.563995000","2162","140","192.168.10.22","8081","10.0.0.2","46884","88","159369","38"
,"12.874423000","11.624403000","2163","52","10.0.0.2","46884","192.168.10.22","8081","0","38","154969"
,"12.875457000","11.625437000","2164","140","192.168.10.22","8081","10.0.0.2","46884","88","159457","38"
,"12.875488000","11.625468000","2165","140","192.168.10.22","8081","10.0.0.2","46884","88","159545","38"
,"12.875547000","11.625527000","2166","140","192.168.10.22","8081","10.0.0.2","46884","88","159633","38"
,"12.875563000","11.625543000","2167","140","192.168.10.22","8081","10.0.0.2","46884","88","159721","38"
,"12.875616000","11.625596000","2168","140","192.168.10.22","8081","10.0.0.2","46884","88","159809","38"
,"12.875631000","11.625611000","2169","140","192.168.10.22","8081","10.0.0.2","46884","88","159897","38"
,"12.875684000","11.625664000","2170","140","192.168.10.22","8081","10.0.0.2","46884","88","159985","38"
,"12.875697000","11.625677000","2171","140","192.168.10.22","8081","10.0.0.2","46884","88","160073","38"
,"12.875740000","11.625720000","2172","140","192.168.10.22","8081","10.0.0.2","46884","88","160161","38"
,"12.875753000","11.625733000","2173","140","192.168.10.22","8081","10.0.0.2","46884","88","160249","38"
,"12.937725000","11.687705000","2174","52","10.0.0.2","46884","192.168.10.22","8081","0","38","155849"
,"12.938727000","11.688707000","2175","140","192.168.10.22","8081","10.0.0.2","46884","88","160337","38"
,"12.938748000","11.688728000","2176","140","192.168.10.22","8081","10.0.0.2","46884","88","160425","38"
,"12.938798000","11.688778000","2177","140","192.168.10.22","8081","10.0.0.2","46884","88","160513","38"
,"12.938810000","11.688790000","2178","140","192.168.10.22","8081","10.0.0.2","46884","88","160601","38"
,"12.938855000","11.688835000","2179","140","192.168.10.22","8081","10.0.0.2","46884","88","160689","38"
,"12.938866000","11.688846000","2180","140","192.168.10.22","8081","10.0.0.2","46884","88","160777","38"
,"12.938943000","11.688923000","2181","140","192.168.10.22","8081","10.0.0.2","46884","88","160865","38"
,"12.938958000","11.688938000","2182","140","192.168.10.22","8081","10.0.0.2","46884","88","160953","38"
,"12.939003000","11.688983000","2183","140","192.168.10.22","8081","10.0.0.2","46884","88","161041","38"
,"12.939014000","11.688994000","2184","140","192.168.10.22","8081","10.0.0.2","46884","88","161129","38"
,"12.999500000","11.749480000","2185","52","10.0.0.2","46884","192.168.10.22","8081","0","38","156465"
,"12.999510000","11.749490000","2186","52","10.0.0.2","46884","192.168.10.22","8081","0","38","156817"
,"13.000571000","11.750551000","2187","140","192.168.10.22","8081","10.0.0.2","46884","88","161217","38"
,"13.000602000","11.750582000","2188","140","192.168.10.22","8081","10.0.0.2","46884","88","161305","38"
,"13.000665000","11.750645000","2189","140","192.168.10.22","8081","10.0.0.2","46884","88","161393","38"
,"13.000681000","11.750661000","2190","140","192.168.10.22","8081","10.0.0.2","46884","88","161481","38"
,"13.000735000","11.750715000","2191","140","192.168.10.22","8081","10.0.0.2","46884","88","161569","38"
,"13.000751000","11.750731000","2192","140","192.168.10.22","8081","10.0.0.2","46884","88","161657","38"
,"13.000798000","11.750778000","2193","140","192.168.10.22","8081","10.0.0.2","46884","88","161745","38"
,"13.000809000","11.750789000","2194","140","192.168.10.22","8081","10.0.0.2","46884","88","161833","38"
,"13.000853000","11.750833000","2195","140","192.168.10.22","8081","10.0.0.2","46884","88","161921","38"
,"13.000867000","11.750847000","2196","140","192.168.10.22","8081","10.0.0.2","46884","88","162009","38"
,"13.000937000","11.750917000","2197","140","192.168.10.22","8081","10.0.0.2","46884","88","162097","38"
,"13.000954000","11.750934000","2198","140","192.168.10.22","8081","10.0.0.2","46884","88","162185","38"
,"13.062210000","11.812190000","2199","52","10.0.0.2","46884","192.168.10.22","8081","0","38","157697"
,"13.063259000","11.813239000","2200","140","192.168.10.22","8081","10.0.0.2","46884","88","162273","38"
,"13.063291000","11.813271000","2201","140","192.168.10.22","8081","10.0.0.2","46884","88","162361","38"
,"13.063351000","11.813331000","2202","140","192.168.10.22","8081","10.0.0.2","46884","88","162449","38"
,"13.063366000","11.813346000","2203","140","192.168.10.22","8081","10.0.0.2","46884","88","162537","38"
,"13.063421000","11.813401000","2204","140","192.168.10.22","8081","10.0.0.2","46884","88","162625","38"
,"13.063436000","11.813416000","2205","140","192.168.10.22","8081","10.0.0.2","46884","88","162713","38"
,"13.063486000","11.813466000","2206","140","192.168.10.22","8081","10.0.0.2","46884","88","162801","38"
,"13.063498000","11.813478000","2207","140","192.168.10.22","8081","10.0.0.2","46884","88","162889","38"
,"13.063541000","11.813521000","2208","140","192.168.10.22","8081","10.0.0.2","46884","88","162977","38"
,"13.063561000","11.813541000","2209","140","192.168.10.22","8081","10.0.0.2","46884","88","163065","38"
,"13.124232000","11.874212000","2210","52","10.0.0.2","46884","192.168.10.22","8081","0","38","158489"
,"13.124242000","11.874222000","2211","52","10.0.0.2","46884","192.168.10.22","8081","0","38","158665"
,"13.125233000","11.875213000","2212","140","192.168.10.22","8081","10.0.0.2","46884","88","163153","38"
,"13.125258000","11.875238000","2213","140","192.168.10.22","8081","10.0.0.2","46884","88","163241","38"
,"13.125306000","11.875286000","2214","140","192.168.10.22","8081","10.0.0.2","46884","88","163329","38"
,"13.125318000","11.875298000","2215","140","192.168.10.22","8081","10.0.0.2","46884","88","163417","38"
,"13.125362000","11.875342000","2216","140","192.168.10.22","8081","10.0.0.2","46884","88","163505","38"
,"13.125373000","11.875353000","2217","140","192.168.10.22","8081","10.0.0.2","46884","88","163593","38"
,"13.125416000","11.875396000","2218","140","192.168.10.22","8081","10.0.0.2","46884","88","163681","38"
,"13.125428000","11.875408000","2219","140","192.168.10.22","8081","10.0.0.2","46884","88","163769","38"
,"13.125471000","11.875451000","2220","140","192.168.10.22","8081","10.0.0.2","46884","88","163857","38"
,"13.125483000","11.875463000","2221","140","192.168.10.22","8081","10.0.0.2","46884","88","163945","38"
,"13.187454000","11.937434000","2222","52","10.0.0.2","46884","192.168.10.22","8081","0","38","159545"
,"13.188394000","11.938374000","2223","140","192.168.10.22","8081","10.0.0.2","46884","88","164033","38"
,"13.188416000","11.938396000","2224","140","192.168.10.22","8081","10.0.0.2","46884","88","164121","38"
,"13.188467000","11.938447000","2225","140","192.168.10.22","8081","10.0.0.2","46884","88","164209","38"
,"13.188480000","11.938460000","2226","140","192.168.10.22","8081","10.0.0.2","46884","88","164297","38"
,"13.188523000","11.938503000","2227","140","192.168.10.22","8081","10.0.0.2","46884","88","164385","38"
,"13.188535000","11.938515000","2228","140","192.168.10.22","8081","10.0.0.2","46884","88","164473","38"
,"13.188578000","11.938558000","2229","140","192.168.10.22","8081","10.0.0.2","46884","88","164561","38"
,"13.188589000","11.938569000","2230","140","192.168.10.22","8081","10.0.0.2","46884","88","164649","38"
,"13.188633000","11.938613000","2231","140","192.168.10.22","8081","10.0.0.2","46884","88","164737","38"
,"13.188646000","11.938626000","2232","140","192.168.10.22","8081","10.0.0.2","46884","88","164825","38"
,"13.249973000","11.999953000","2233","52","10.0.0.2","46884","192.168.10.22","8081","0","38","160337"
,"13.250000000","11.999980000","2234","52","10.0.0.2","46884","192.168.10.22","8081","0","38","160425"
,"13.251072000","12.001052000","2235","140","192.168.10.22","8081","10.0.0.2","46884","88","164913","38"
,"13.251104000","12.001084000","2236","140","192.168.10.22","8081","10.0.0.2","46884","88","165001","38"
,"13.251162000","12.001142000","2237","140","192.168.10.22","8081","10.0.0.2","46884","88","165089","38"
,"13.251177000","12.001157000","2238","140","192.168.10.22","8081","10.0.0.2","46884","88","165177","38"
,"13.251232000","12.001212000","2239","140","192.168.10.22","8081","10.0.0.2","46884","88","165265","38"
,"13.251246000","12.001226000","2240","140","192.168.10.22","8081","10.0.0.2","46884","88","165353","38"
,"13.251290000","12.001270000","2241","140","192.168.10.22","8081","10.0.0.2","46884","88","165441","38"
,"13.251302000","12.001282000","2242","140","192.168.10.22","8081","10.0.0.2","46884","88","165529","38"
,"13.251346000","12.001326000","2243","140","192.168.10.22","8081","10.0.0.2","46884","88","165617","38"
,"13.251376000","12.001356000","2244","140","192.168.10.22","8081","10.0.0.2","46884","88","165705","38"
,"13.312197000","12.062177000","2245","52","10.0.0.2","46884","192.168.10.22","8081","0","38","161217"
,"13.312208000","12.062188000","2246","52","10.0.0.2","46884","192.168.10.22","8081","0","38","161393"
,"13.313185000","12.063165000","2247","140","192.168.10.22","8081","10.0.0.2","46884","88","165793","38"
,"13.313206000","12.063186000","2248","140","192.168.10.22","8081","10.0.0.2","46884","88","165881","38"
,"13.313254000","12.063234000","2249","140","192.168.10.22","8081","10.0.0.2","46884","88","165969","38"
,"13.313265000","12.063245000","2250","140","192.168.10.22","8081","10.0.0.2","46884","88","166057","38"
,"13.313310000","12.063290000","2251","140","192.168.10.22","8081","10.0.0.2","46884","88","166145","38"
,"13.313321000","12.063301000","2252","140","192.168.10.22","8081","10.0.0.2","46884","88","166233","38"
,"13.313364000","12.063344000","2253","140","192.168.10.22","8081","10.0.0.2","46884","88","166321","38"
,"13.313376000","12.063356000","2254","140","192.168.10.22","8081","10.0.0.2","46884","88","166409","38"
,"13.313420000","12.063400000","2255","140","192.168.10.22","8081","10.0.0.2","46884","88","166497","38"
,"13.313433000","12.063413000","2256","140","192.168.10.22","8081","10.0.0.2","46884","88","166585","38"
,"13.313477000","12.063457000","2257","140","192.168.10.22","8081","10.0.0.2","46884","88","166673","38"
,"13.313491000","12.063471000","2258","140","192.168.10.22","8081","10.0.0.2","46884","88","166761","38"
,"13.374354000","12.124334000","2259","52","10.0.0.2","46884","192.168.10.22","8081","0","38","162273"
,"13.375324000","12.125304000","2260","140","192.168.10.22","8081","10.0.0.2","46884","88","166849","38"
,"13.375346000","12.125326000","2261","140","192.168.10.22","8081","10.0.0.2","46884","88","166937","38"
,"13.375393000","12.125373000","2262","140","192.168.10.22","8081","10.0.0.2","46884","88","167025","38"
,"13.375405000","12.125385000","2263","140","192.168.10.22","8081","10.0.0.2","46884","88","167113","38"
,"13.375449000","12.125429000","2264","140","192.168.10.22","8081","10.0.0.2","46884","88","167201","38"
,"13.375461000","12.125441000","2265","140","192.168.10.22","8081","10.0.0.2","46884","88","167289","38"
,"13.375505000","12.125485000","2266","140","192.168.10.22","8081","10.0.0.2","46884","88","167377","38"
,"13.375517000","12.125497000","2267","140","192.168.10.22","8081","10.0.0.2","46884","88","167465","38"
,"13.375560000","12.125540000","2268","140","192.168.10.22","8081","10.0.0.2","46884","88","167553","38"
,"13.375578000","12.125558000","2269","140","192.168.10.22","8081","10.0.0.2","46884","88","167641","38"
,"13.437843000","12.187823000","2270","52","10.0.0.2","46884","192.168.10.22","8081","0","38","163065"
,"13.437869000","12.187849000","2271","52","10.0.0.2","46884","192.168.10.22","8081","0","38","163241"
,"13.438962000","12.188942000","2272","140","192.168.10.22","8081","10.0.0.2","46884","88","167729","38"
,"13.438994000","12.188974000","2273","140","192.168.10.22","8081","10.0.0.2","46884","88","167817","38"
,"13.439056000","12.189036000","2274","140","192.168.10.22","8081","10.0.0.2","46884","88","167905","38"
,"13.439071000","12.189051000","2275","140","192.168.10.22","8081","10.0.0.2","46884","88","167993","38"
,"13.439124000","12.189104000","2276","140","192.168.10.22","8081","10.0.0.2","46884","88","168081","38"
,"13.439138000","12.189118000","2277","140","192.168.10.22","8081","10.0.0.2","46884","88","168169","38"
,"13.439184000","12.189164000","2278","140","192.168.10.22","8081","10.0.0.2","46884","88","168257","38"
,"13.439195000","12.189175000","2279","140","192.168.10.22","8081","10.0.0.2","46884","88","168345","38"
,"13.439240000","12.189220000","2280","140","192.168.10.22","8081","10.0.0.2","46884","88","168433","38"
,"13.439261000","12.189241000","2281","140","192.168.10.22","8081","10.0.0.2","46884","88","168521","38"
,"13.499117000","12.249097000","2282","52","10.0.0.2","46884","192.168.10.22","8081","0","38","164033"
,"13.499144000","12.249124000","2283","52","10.0.0.2","46884","192.168.10.22","8081","0","38","164121"
,"13.500087000","12.250067000","2284","140","192.168.10.22","8081","10.0.0.2","46884","88","168609","38"
,"13.500109000","12.250089000","2285","140","192.168.10.22","8081","10.0.0.2","46884","88","168697","38"
,"13.500156000","12.250136000","2286","140","192.168.10.22","8081","10.0.0.2","46884","88","168785","38"
,"13.500167000","12.250147000","2287","140","192.168.10.22","8081","10.0.0.2","46884","88","168873","38"
,"13.500211000","12.250191000","2288","140","192.168.10.22","8081","10.0.0.2","46884","88","168961","38"
,"13.500222000","12.250202000","2289","140","192.168.10.22","8081","10.0.0.2","46884","88","169049","38"
,"13.500266000","12.250246000","2290","140","192.168.10.22","8081","10.0.0.2","46884","88","169137","38"
,"13.500277000","12.250257000","2291","140","192.168.10.22","8081","10.0.0.2","46884","88","169225","38"
,"13.500320000","12.250300000","2292","140","192.168.10.22","8081","10.0.0.2","46884","88","169313","38"
,"13.500341000","12.250321000","2293","140","192.168.10.22","8081","10.0.0.2","46884","88","169401","38"
,"13.562224000","12.312204000","2294","52","10.0.0.2","46884","192.168.10.22","8081","0","38","164561"
,"13.562250000","12.312230000","2295","52","10.0.0.2","46884","192.168.10.22","8081","0","38","165089"
,"13.563230000","12.313210000","2296","140","192.168.10.22","8081","10.0.0.2","46884","88","169489","38"
,"13.563252000","12.313232000","2297","140","192.168.10.22","8081","10.0.0.2","46884","88","169577","38"
,"13.563301000","12.313281000","2298","140","192.168.10.22","8081","10.0.0.2","46884","88","169665","38"
,"13.563313000","12.313293000","2299","140","192.168.10.22","8081","10.0.0.2","46884","88","169753","38"
,"13.563356000","12.313336000","2300","140","192.168.10.22","8081","10.0.0.2","46884","88","169841","38"
,"13.563368000","12.313348000","2301","140","192.168.10.22","8081","10.0.0.2","46884","88","169929","38"
,"13.563412000","12.313392000","2302","140","192.168.10.22","8081","10.0.0.2","46884","88","170017","38"
,"13.563424000","12.313404000","2303","140","192.168.10.22","8081","10.0.0.2","46884","88","170105","38"
,"13.563467000","12.313447000","2304","140","192.168.10.22","8081","10.0.0.2","46884","88","170193","38"
,"13.563486000","12.313466000","2305","140","192.168.10.22","8081","10.0.0.2","46884","88","170281","38"
,"13.563529000","12.313509000","2306","140","192.168.10.22","8081","10.0.0.2","46884","88","170369","38"
,"13.563543000","12.313523000","2307","140","192.168.10.22","8081","10.0.0.2","46884","88","170457","38"
,"13.624611000","12.374591000","2308","52","10.0.0.2","46884","192.168.10.22","8081","0","38","165969"
,"13.625643000","12.375623000","2309","140","192.168.10.22","8081","10.0.0.2","46884","88","170545","38"
,"13.625674000","12.375654000","2310","140","192.168.10.22","8081","10.0.0.2","46884","88","170633","38"
,"13.625738000","12.375718000","2311","140","192.168.10.22","8081","10.0.0.2","46884","88","170721","38"
,"13.625754000","12.375734000","2312","140","192.168.10.22","8081","10.0.0.2","46884","88","170809","38"
,"13.625808000","12.375788000","2313","140","192.168.10.22","8081","10.0.0.2","46884","88","170897","38"
,"13.625824000","12.375804000","2314","140","192.168.10.22","8081","10.0.0.2","46884","88","170985","38"
,"13.625871000","12.375851000","2315","140","192.168.10.22","8081","10.0.0.2","46884","88","171073","38"
,"13.625911000","12.375891000","2316","140","192.168.10.22","8081","10.0.0.2","46884","88","171161","38"
,"13.625957000","12.375937000","2317","140","192.168.10.22","8081","10.0.0.2","46884","88","171249","38"
,"13.625971000","12.375951000","2318","140","192.168.10.22","8081","10.0.0.2","46884","88","171337","38"
,"13.687934000","12.437914000","2319","52","10.0.0.2","46884","192.168.10.22","8081","0","38","166937"
,"13.688994000","12.438974000","2320","140","192.168.10.22","8081","10.0.0.2","46884","88","171425","38"
,"13.689026000","12.439006000","2321","140","192.168.10.22","8081","10.0.0.2","46884","88","171513","38"
,"13.689085000","12.439065000","2322","140","192.168.10.22","8081","10.0.0.2","46884","88","171601","38"
,"13.689101000","12.439081000","2323","140","192.168.10.22","8081","10.0.0.2","46884","88","171689","38"
,"13.689157000","12.439137000","2324","140","192.168.10.22","8081","10.0.0.2","46884","88","171777","38"
,"13.689171000","12.439151000","2325","140","192.168.10.22","8081","10.0.0.2","46884","88","171865","38"
,"13.689215000","12.439195000","2326","140","192.168.10.22","8081","10.0.0.2","46884","88","171953","38"
,"13.689226000","12.439206000","2327","140","192.168.10.22","8081","10.0.0.2","46884","88","172041","38"
,"13.689270000","12.439250000","2328","140","192.168.10.22","8081","10.0.0.2","46884","88","172129","38"
,"13.689293000","12.439273000","2329","140","192.168.10.22","8081","10.0.0.2","46884","88","172217","38"
,"13.749373000","12.499353000","2330","52","10.0.0.2","46884","192.168.10.22","8081","0","38","167817"
,"13.750422000","12.500402000","2331","140","192.168.10.22","8081","10.0.0.2","46884","88","172305","38"
,"13.750453000","12.500433000","2332","140","192.168.10.22","8081","10.0.0.2","46884","88","172393","38"
,"13.750514000","12.500494000","2333","140","192.168.10.22","8081","10.0.0.2","46884","88","172481","38"
,"13.750530000","12.500510000","2334","140","192.168.10.22","8081","10.0.0.2","46884","88","172569","38"
,"13.750585000","12.500565000","2335","140","192.168.10.22","8081","10.0.0.2","46884","88","172657","38"
,"13.750601000","12.500581000","2336","140","192.168.10.22","8081","10.0.0.2","46884","88","172745","38"
,"13.750651000","12.500631000","2337","140","192.168.10.22","8081","10.0.0.2","46884","88","172833","38"
,"13.750664000","12.500644000","2338","140","192.168.10.22","8081","10.0.0.2","46884","88","172921","38"
,"13.750706000","12.500686000","2339","140","192.168.10.22","8081","10.0.0.2","46884","88","173009","38"
,"13.750719000","12.500699000","2340","140","192.168.10.22","8081","10.0.0.2","46884","88","173097","38"
,"13.812721000","12.562701000","2341","52","10.0.0.2","46884","192.168.10.22","8081","0","38","168433"
,"13.812731000","12.562711000","2342","52","10.0.0.2","46884","192.168.10.22","8081","0","38","168697"
,"13.813781000","12.563761000","2343","140","192.168.10.22","8081","10.0.0.2","46884","88","173185","38"
,"13.813810000","12.563790000","2344","140","192.168.10.22","8081","10.0.0.2","46884","88","173273","38"
,"13.813872000","12.563852000","2345","140","192.168.10.22","8081","10.0.0.2","46884","88","173361","38"
,"13.813923000","12.563903000","2346","140","192.168.10.22","8081","10.0.0.2","46884","88","173449","38"
,"13.813983000","12.563963000","2347","140","192.168.10.22","8081","10.0.0.2","46884","88","173537","38"
,"13.813997000","12.563977000","2348","140","192.168.10.22","8081","10.0.0.2","46884","88","173625","38"
,"13.814043000","12.564023000","2349","140","192.168.10.22","8081","10.0.0.2","46884","88","173713","38"
,"13.814066000","12.564046000","2350","140","192.168.10.22","8081","10.0.0.2","46884","88","173801","38"
,"13.814109000","12.564089000","2351","140","192.168.10.22","8081","10.0.0.2","46884","88","173889","38"
,"13.814122000","12.564102000","2352","140","192.168.10.22","8081","10.0.0.2","46884","88","173977","38"
,"13.874711000","12.624691000","2353","52","10.0.0.2","46884","192.168.10.22","8081","0","38","169049"
,"13.874736000","12.624716000","2354","52","10.0.0.2","46884","192.168.10.22","8081","0","38","169577"
,"13.874748000","12.624728000","2355","52","10.0.0.2","46884","192.168.10.22","8081","0","38","169665"
,"13.875816000","12.625796000","2356","140","192.168.10.22","8081","10.0.0.2","46884","88","174065","38"
,"13.875847000","12.625827000","2357","140","192.168.10.22","8081","10.0.0.2","46884","88","174153","38"
,"13.875947000","12.625927000","2358","140","192.168.10.22","8081","10.0.0.2","46884","88","174241","38"
,"13.875966000","12.625946000","2359","140","192.168.10.22","8081","10.0.0.2","46884","88","174329","38"
,"13.876019000","12.625999000","2360","140","192.168.10.22","8081","10.0.0.2","46884","88","174417","38"
,"13.876031000","12.626011000","2361","140","192.168.10.22","8081","10.0.0.2","46884","88","174505","38"
,"13.876075000","12.626055000","2362","140","192.168.10.22","8081","10.0.0.2","46884","88","174593","38"
,"13.876087000","12.626067000","2363","140","192.168.10.22","8081","10.0.0.2","46884","88","174681","38"
,"13.876132000","12.626112000","2364","140","192.168.10.22","8081","10.0.0.2","46884","88","174769","38"
,"13.876146000","12.626126000","2365","140","192.168.10.22","8081","10.0.0.2","46884","88","174857","38"
,"13.876190000","12.626170000","2366","140","192.168.10.22","8081","10.0.0.2","46884","88","174945","38"
,"13.876204000","12.626184000","2367","140","192.168.10.22","8081","10.0.0.2","46884","88","175033","38"
,"13.937439000","12.687419000","2368","52","10.0.0.2","46884","192.168.10.22","8081","0","38","170545"
,"13.938523000","12.688503000","2369","140","192.168.10.22","8081","10.0.0.2","46884","88","175121","38"
,"13.938554000","12.688534000","2370","140","192.168.10.22","8081","10.0.0.2","46884","88","175209","38"
,"13.938619000","12.688599000","2371","140","192.168.10.22","8081","10.0.0.2","46884","88","175297","38"
,"13.938635000","12.688615000","2372","140","192.168.10.22","8081","10.0.0.2","46884","88","175385","38"
,"13.938690000","12.688670000","2373","140","192.168.10.22","8081","10.0.0.2","46884","88","175473","38"
,"13.938706000","12.688686000","2374","140","192.168.10.22","8081","10.0.0.2","46884","88","175561","38"
,"13.938757000","12.688737000","2375","140","192.168.10.22","8081","10.0.0.2","46884","88","175649","38"
,"13.938769000","12.688749000","2376","140","192.168.10.22","8081","10.0.0.2","46884","88","175737","38"
,"13.938813000","12.688793000","2377","140","192.168.10.22","8081","10.0.0.2","46884","88","175825","38"
,"13.938834000","12.688814000","2378","140","192.168.10.22","8081","10.0.0.2","46884","88","175913","38"
,"14.000002000","12.749982000","2379","52","10.0.0.2","46884","192.168.10.22","8081","0","38","171337"
,"14.000028000","12.750008000","2380","52","10.0.0.2","46884","192.168.10.22","8081","0","38","171513"
,"14.001074000","12.751054000","2381","140","192.168.10.22","8081","10.0.0.2","46884","88","176001","38"
,"14.001105000","12.751085000","2382","140","192.168.10.22","8081","10.0.0.2","46884","88","176089","38"
,"14.001165000","12.751145000","2383","140","192.168.10.22","8081","10.0.0.2","46884","88","176177","38"
,"14.001180000","12.751160000","2384","140","192.168.10.22","8081","10.0.0.2","46884","88","176265","38"
,"14.001235000","12.751215000","2385","140","192.168.10.22","8081","10.0.0.2","46884","88","176353","38"
,"14.001252000","12.751232000","2386","140","192.168.10.22","8081","10.0.0.2","46884","88","176441","38"
,"14.001302000","12.751282000","2387","140","192.168.10.22","8081","10.0.0.2","46884","88","176529","38"
,"14.001314000","12.751294000","2388","140","192.168.10.22","8081","10.0.0.2","46884","88","176617","38"
,"14.001357000","12.751337000","2389","140","192.168.10.22","8081","10.0.0.2","46884","88","176705","38"
,"14.001377000","12.751357000","2390","140","192.168.10.22","8081","10.0.0.2","46884","88","176793","38"
,"14.036989000",,"2391","48",,,,,,,
,"14.037095000",,"2392","48",,,,,,,
,"14.062675000","12.812655000","2393","52","10.0.0.2","46884","192.168.10.22","8081","0","38","172393"
,"14.063715000","12.813695000","2394","140","192.168.10.22","8081","10.0.0.2","46884","88","176881","38"
,"14.063745000","12.813725000","2395","140","192.168.10.22","8081","10.0.0.2","46884","88","176969","38"
,"14.063806000","12.813786000","2396","140","192.168.10.22","8081","10.0.0.2","46884","88","177057","38"
,"14.063821000","12.813801000","2397","140","192.168.10.22","8081","10.0.0.2","46884","88","177145","38"
,"14.063907000","12.813887000","2398","140","192.168.10.22","8081","10.0.0.2","46884","88","177233","38"
,"14.063927000","12.813907000","2399","140","192.168.10.22","8081","10.0.0.2","46884","88","177321","38"
,"14.063975000","12.813955000","2400","140","192.168.10.22","8081","10.0.0.2","46884","88","177409","38"
,"14.063986000","12.813966000","2401","140","192.168.10.22","8081","10.0.0.2","46884","88","177497","38"
,"14.064029000","12.814009000","2402","140","192.168.10.22","8081","10.0.0.2","46884","88","177585","38"
,"14.064051000","12.814031000","2403","140","192.168.10.22","8081","10.0.0.2","46884","88","177673","38"
,"14.124410000","12.874390000","2404","52","10.0.0.2","46884","192.168.10.22","8081","0","38","173185"
,"14.124437000","12.874417000","2405","52","10.0.0.2","46884","192.168.10.22","8081","0","38","173361"
,"14.125489000","12.875469000","2406","140","192.168.10.22","8081","10.0.0.2","46884","88","177761","38"
,"14.125519000","12.875499000","2407","140","192.168.10.22","8081","10.0.0.2","46884","88","177849","38"
,"14.125579000","12.875559000","2408","140","192.168.10.22","8081","10.0.0.2","46884","88","177937","38"
,"14.125594000","12.875574000","2409","140","192.168.10.22","8081","10.0.0.2","46884","88","178025","38"
,"14.125648000","12.875628000","2410","140","192.168.10.22","8081","10.0.0.2","46884","88","178113","38"
,"14.125664000","12.875644000","2411","140","192.168.10.22","8081","10.0.0.2","46884","88","178201","38"
,"14.125713000","12.875693000","2412","140","192.168.10.22","8081","10.0.0.2","46884","88","178289","38"
,"14.125725000","12.875705000","2413","140","192.168.10.22","8081","10.0.0.2","46884","88","178377","38"
,"14.125769000","12.875749000","2414","140","192.168.10.22","8081","10.0.0.2","46884","88","178465","38"
,"14.125782000","12.875762000","2415","140","192.168.10.22","8081","10.0.0.2","46884","88","178553","38"
,"14.125826000","12.875806000","2416","140","192.168.10.22","8081","10.0.0.2","46884","88","178641","38"
,"14.125839000","12.875819000","2417","140","192.168.10.22","8081","10.0.0.2","46884","88","178729","38"
,"14.187010000","12.936990000","2418","52","10.0.0.2","46884","192.168.10.22","8081","0","38","174241"
,"14.188053000","12.938033000","2419","140","192.168.10.22","8081","10.0.0.2","46884","88","178817","38"
,"14.188083000","12.938063000","2420","140","192.168.10.22","8081","10.0.0.2","46884","88","178905","38"
,"14.188146000","12.938126000","2421","140","192.168.10.22","8081","10.0.0.2","46884","88","178993","38"
,"14.188161000","12.938141000","2422","140","192.168.10.22","8081","10.0.0.2","46884","88","179081","38"
,"14.188218000","12.938198000","2423","140","192.168.10.22","8081","10.0.0.2","46884","88","179169","38"
,"14.188233000","12.938213000","2424","140","192.168.10.22","8081","10.0.0.2","46884","88","179257","38"
,"14.188285000","12.938265000","2425","140","192.168.10.22","8081","10.0.0.2","46884","88","179345","38"
,"14.188297000","12.938277000","2426","140","192.168.10.22","8081","10.0.0.2","46884","88","179433","38"
,"14.188341000","12.938321000","2427","140","192.168.10.22","8081","10.0.0.2","46884","88","179521","38"
,"14.188355000","12.938335000","2428","140","192.168.10.22","8081","10.0.0.2","46884","88","179609","38"
,"14.249670000","12.999650000","2429","52","10.0.0.2","46884","192.168.10.22","8081","0","38","175033"
,"14.249696000","12.999676000","2430","52","10.0.0.2","46884","192.168.10.22","8081","0","38","175209"
,"14.250736000","13.000716000","2431","140","192.168.10.22","8081","10.0.0.2","46884","88","179697","38"
,"14.250766000","13.000746000","2432","140","192.168.10.22","8081","10.0.0.2","46884","88","179785","38"
,"14.250827000","13.000807000","2433","140","192.168.10.22","8081","10.0.0.2","46884","88","179873","38"
,"14.250843000","13.000823000","2434","140","192.168.10.22","8081","10.0.0.2","46884","88","179961","38"
,"14.250939000","13.000919000","2435","140","192.168.10.22","8081","10.0.0.2","46884","88","180049","38"
,"14.250955000","13.000935000","2436","140","192.168.10.22","8081","10.0.0.2","46884","88","180137","38"
,"14.251000000","13.000980000","2437","140","192.168.10.22","8081","10.0.0.2","46884","88","180225","38"
,"14.251012000","13.000992000","2438","140","192.168.10.22","8081","10.0.0.2","46884","88","180313","38"
,"14.251056000","13.001036000","2439","140","192.168.10.22","8081","10.0.0.2","46884","88","180401","38"
,"14.251070000","13.001050000","2440","140","192.168.10.22","8081","10.0.0.2","46884","88","180489","38"
,"14.312358000","13.062338000","2441","52","10.0.0.2","46884","192.168.10.22","8081","0","38","175561"
,"14.312382000","13.062362000","2442","52","10.0.0.2","46884","192.168.10.22","8081","0","38","176089"
,"14.313404000","13.063384000","2443","140","192.168.10.22","8081","10.0.0.2","46884","88","180577","38"
,"14.313433000","13.063413000","2444","140","192.168.10.22","8081","10.0.0.2","46884","88","180665","38"
,"14.313495000","13.063475000","2445","140","192.168.10.22","8081","10.0.0.2","46884","88","180753","38"
,"14.313509000","13.063489000","2446","140","192.168.10.22","8081","10.0.0.2","46884","88","180841","38"
,"14.313566000","13.063546000","2447","140","192.168.10.22","8081","10.0.0.2","46884","88","180929","38"
,"14.313581000","13.063561000","2448","140","192.168.10.22","8081","10.0.0.2","46884","88","181017","38"
,"14.313630000","13.063610000","2449","140","192.168.10.22","8081","10.0.0.2","46884","88","181105","38"
,"14.313641000","13.063621000","2450","140","192.168.10.22","8081","10.0.0.2","46884","88","181193","38"
,"14.313685000","13.063665000","2451","140","192.168.10.22","8081","10.0.0.2","46884","88","181281","38"
,"14.313699000","13.063679000","2452","140","192.168.10.22","8081","10.0.0.2","46884","88","181369","38"
,"14.375013000","13.124993000","2453","52","10.0.0.2","46884","192.168.10.22","8081","0","38","176969"
,"14.376060000","13.126040000","2454","140","192.168.10.22","8081","10.0.0.2","46884","88","181457","38"
,"14.376091000","13.126071000","2455","140","192.168.10.22","8081","10.0.0.2","46884","88","181545","38"
,"14.376152000","13.126132000","2456","140","192.168.10.22","8081","10.0.0.2","46884","88","181633","38"
,"14.376168000","13.126148000","2457","140","192.168.10.22","8081","10.0.0.2","46884","88","181721","38"
,"14.376223000","13.126203000","2458","140","192.168.10.22","8081","10.0.0.2","46884","88","181809","38"
,"14.376239000","13.126219000","2459","140","192.168.10.22","8081","10.0.0.2","46884","88","181897","38"
,"14.376289000","13.126269000","2460","140","192.168.10.22","8081","10.0.0.2","46884","88","181985","38"
,"14.376301000","13.126281000","2461","140","192.168.10.22","8081","10.0.0.2","46884","88","182073","38"
,"14.376345000","13.126325000","2462","140","192.168.10.22","8081","10.0.0.2","46884","88","182161","38"
,"14.376360000","13.126340000","2463","140","192.168.10.22","8081","10.0.0.2","46884","88","182249","38"
,"14.437578000","13.187558000","2464","52","10.0.0.2","46884","192.168.10.22","8081","0","38","177761"
,"14.437605000","13.187585000","2465","52","10.0.0.2","46884","192.168.10.22","8081","0","38","177937"
,"14.438670000","13.188650000","2466","140","192.168.10.22","8081","10.0.0.2","46884","88","182337","38"
,"14.438701000","13.188681000","2467","140","192.168.10.22","8081","10.0.0.2","46884","88","182425","38"
,"14.438762000","13.188742000","2468","140","192.168.10.22","8081","10.0.0.2","46884","88","182513","38"
,"14.438777000","13.188757000","2469","140","192.168.10.22","8081","10.0.0.2","46884","88","182601","38"
,"14.438831000","13.188811000","2470","140","192.168.10.22","8081","10.0.0.2","46884","88","182689","38"
,"14.438846000","13.188826000","2471","140","192.168.10.22","8081","10.0.0.2","46884","88","182777","38"
,"14.438936000","13.188916000","2472","140","192.168.10.22","8081","10.0.0.2","46884","88","182865","38"
,"14.438951000","13.188931000","2473","140","192.168.10.22","8081","10.0.0.2","46884","88","182953","38"
,"14.438996000","13.188976000","2474","140","192.168.10.22","8081","10.0.0.2","46884","88","183041","38"
,"14.439010000","13.188990000","2475","140","192.168.10.22","8081","10.0.0.2","46884","88","183129","38"
,"14.439055000","13.189035000","2476","140","192.168.10.22","8081","10.0.0.2","46884","88","183217","38"
,"14.439068000","13.189048000","2477","140","192.168.10.22","8081","10.0.0.2","46884","88","183305","38"
,"14.499302000","13.249282000","2478","52","10.0.0.2","46884","192.168.10.22","8081","0","38","178377"
,"14.499331000","13.249311000","2479","52","10.0.0.2","46884","192.168.10.22","8081","0","38","178817"
,"14.500372000","13.250352000","2480","140","192.168.10.22","8081","10.0.0.2","46884","88","183393","38"
,"14.500402000","13.250382000","2481","140","192.168.10.22","8081","10.0.0.2","46884","88","183481","38"
,"14.500460000","13.250440000","2482","140","192.168.10.22","8081","10.0.0.2","46884","88","183569","38"
,"14.500475000","13.250455000","2483","140","192.168.10.22","8081","10.0.0.2","46884","88","183657","38"
,"14.500531000","13.250511000","2484","140","192.168.10.22","8081","10.0.0.2","46884","88","183745","38"
,"14.500548000","13.250528000","2485","140","192.168.10.22","8081","10.0.0.2","46884","88","183833","38"
,"14.500599000","13.250579000","2486","140","192.168.10.22","8081","10.0.0.2","46884","88","183921","38"
,"14.500611000","13.250591000","2487","140","192.168.10.22","8081","10.0.0.2","46884","88","184009","38"
,"14.500655000","13.250635000","2488","140","192.168.10.22","8081","10.0.0.2","46884","88","184097","38"
,"14.500669000","13.250649000","2489","140","192.168.10.22","8081","10.0.0.2","46884","88","184185","38"
,"14.562747000","13.312727000","2490","52","10.0.0.2","46884","192.168.10.22","8081","0","38","179785"
,"14.563817000","13.313797000","2491","140","192.168.10.22","8081","10.0.0.2","46884","88","184273","38"
,"14.563847000","13.313827000","2492","140","192.168.10.22","8081","10.0.0.2","46884","88","184361","38"
,"14.563948000","13.313928000","2493","140","192.168.10.22","8081","10.0.0.2","46884","88","184449","38"
,"14.563968000","13.313948000","2494","140","192.168.10.22","8081","10.0.0.2","46884","88","184537","38"
,"14.564020000","13.314000000","2495","140","192.168.10.22","8081","10.0.0.2","46884","88","184625","38"
,"14.564033000","13.314013000","2496","140","192.168.10.22","8081","10.0.0.2","46884","88","184713","38"
,"14.564077000","13.314057000","2497","140","192.168.10.22","8081","10.0.0.2","46884","88","184801","38"
,"14.564091000","13.314071000","2498","140","192.168.10.22","8081","10.0.0.2","46884","88","184889","38"
,"14.564135000","13.314115000","2499","140","192.168.10.22","8081","10.0.0.2","46884","88","184977","38"
,"14.564148000","13.314128000","2500","140","192.168.10.22","8081","10.0.0.2","46884","88","185065","38"
,"14.624776000","13.374756000","2501","52","10.0.0.2","46884","192.168.10.22","8081","0","38","180665"
,"14.625836000","13.375816000","2502","140","192.168.10.22","8081","10.0.0.2","46884","88","185153","38"
,"14.625867000","13.375847000","2503","140","192.168.10.22","8081","10.0.0.2","46884","88","185241","38"
,"14.625963000","13.375943000","2504","140","192.168.10.22","8081","10.0.0.2","46884","88","185329","38"
,"14.625983000","13.375963000","2505","140","192.168.10.22","8081","10.0.0.2","46884","88","185417","38"
,"14.626038000","13.376018000","2506","140","192.168.10.22","8081","10.0.0.2","46884","88","185505","38"
,"14.626052000","13.376032000","2507","140","192.168.10.22","8081","10.0.0.2","46884","88","185593","38"
,"14.626097000","13.376077000","2508","140","192.168.10.22","8081","10.0.0.2","46884","88","185681","38"
,"14.626111000","13.376091000","2509","140","192.168.10.22","8081","10.0.0.2","46884","88","185769","38"
,"14.626155000","13.376135000","2510","140","192.168.10.22","8081","10.0.0.2","46884","88","185857","38"
,"14.626171000","13.376151000","2511","140","192.168.10.22","8081","10.0.0.2","46884","88","185945","38"
,"14.687235000","13.437215000","2512","52","10.0.0.2","46884","192.168.10.22","8081","0","38","181017"
,"14.687262000","13.437242000","2513","52","10.0.0.2","46884","192.168.10.22","8081","0","38","181633"
,"14.688344000","13.438324000","2514","140","192.168.10.22","8081","10.0.0.2","46884","88","186033","38"
,"14.688371000","13.438351000","2515","140","192.168.10.22","8081","10.0.0.2","46884","88","186121","38"
,"14.688431000","13.438411000","2516","140","192.168.10.22","8081","10.0.0.2","46884","88","186209","38"
,"14.688446000","13.438426000","2517","140","192.168.10.22","8081","10.0.0.2","46884","88","186297","38"
,"14.688502000","13.438482000","2518","140","192.168.10.22","8081","10.0.0.2","46884","88","186385","38"
,"14.688517000","13.438497000","2519","140","192.168.10.22","8081","10.0.0.2","46884","88","186473","38"
,"14.688565000","13.438545000","2520","140","192.168.10.22","8081","10.0.0.2","46884","88","186561","38"
,"14.688578000","13.438558000","2521","140","192.168.10.22","8081","10.0.0.2","46884","88","186649","38"
,"14.688623000","13.438603000","2522","140","192.168.10.22","8081","10.0.0.2","46884","88","186737","38"
,"14.688643000","13.438623000","2523","140","192.168.10.22","8081","10.0.0.2","46884","88","186825","38"
,"14.688687000","13.438667000","2524","140","192.168.10.22","8081","10.0.0.2","46884","88","186913","38"
,"14.688700000","13.438680000","2525","140","192.168.10.22","8081","10.0.0.2","46884","88","187001","38"
,"14.749860000","13.499840000","2526","52","10.0.0.2","46884","192.168.10.22","8081","0","38","182513"
,"14.750951000","13.500931000","2527","140","192.168.10.22","8081","10.0.0.2","46884","88","187089","38"
,"14.750984000","13.500964000","2528","140","192.168.10.22","8081","10.0.0.2","46884","88","187177","38"
,"14.751047000","13.501027000","2529","140","192.168.10.22","8081","10.0.0.2","46884","88","187265","38"
,"14.751062000","13.501042000","2530","140","192.168.10.22","8081","10.0.0.2","46884","88","187353","38"
,"14.751119000","13.501099000","2531","140","192.168.10.22","8081","10.0.0.2","46884","88","187441","38"
,"14.751132000","13.501112000","2532","140","192.168.10.22","8081","10.0.0.2","46884","88","187529","38"
,"14.751176000","13.501156000","2533","140","192.168.10.22","8081","10.0.0.2","46884","88","187617","38"
,"14.751187000","13.501167000","2534","140","192.168.10.22","8081","10.0.0.2","46884","88","187705","38"
,"14.751243000","13.501223000","2535","140","192.168.10.22","8081","10.0.0.2","46884","88","187793","38"
,"14.751257000","13.501237000","2536","140","192.168.10.22","8081","10.0.0.2","46884","88","187881","38"
,"14.812633000","13.562613000","2537","52","10.0.0.2","46884","192.168.10.22","8081","0","38","183305"
,"14.812659000","13.562639000","2538","52","10.0.0.2","46884","192.168.10.22","8081","0","38","183481"
,"14.813695000","13.563675000","2539","140","192.168.10.22","8081","10.0.0.2","46884","88","187969","38"
,"14.813725000","13.563705000","2540","140","192.168.10.22","8081","10.0.0.2","46884","88","188057","38"
,"14.813785000","13.563765000","2541","140","192.168.10.22","8081","10.0.0.2","46884","88","188145","38"
,"14.813801000","13.563781000","2542","140","192.168.10.22","8081","10.0.0.2","46884","88","188233","38"
,"14.813857000","13.563837000","2543","140","192.168.10.22","8081","10.0.0.2","46884","88","188321","38"
,"14.813873000","13.563853000","2544","140","192.168.10.22","8081","10.0.0.2","46884","88","188409","38"
,"14.813950000","13.563930000","2545","140","192.168.10.22","8081","10.0.0.2","46884","88","188497","38"
,"14.813962000","13.563942000","2546","140","192.168.10.22","8081","10.0.0.2","46884","88","188585","38"
,"14.814006000","13.563986000","2547","140","192.168.10.22","8081","10.0.0.2","46884","88","188673","38"
,"14.814020000","13.564000000","2548","140","192.168.10.22","8081","10.0.0.2","46884","88","188761","38"
,"14.874248000","13.624228000","2549","52","10.0.0.2","46884","192.168.10.22","8081","0","38","184361"
,"14.875294000","13.625274000","2550","140","192.168.10.22","8081","10.0.0.2","46884","88","188849","38"
,"14.875325000","13.625305000","2551","140","192.168.10.22","8081","10.0.0.2","46884","88","188937","38"
,"14.875386000","13.625366000","2552","140","192.168.10.22","8081","10.0.0.2","46884","88","189025","38"
,"14.875401000","13.625381000","2553","140","192.168.10.22","8081","10.0.0.2","46884","88","189113","38"
,"14.875456000","13.625436000","2554","140","192.168.10.22","8081","10.0.0.2","46884","88","189201","38"
,"14.875472000","13.625452000","2555","140","192.168.10.22","8081","10.0.0.2","46884","88","189289","38"
,"14.875524000","13.625504000","2556","140","192.168.10.22","8081","10.0.0.2","46884","88","189377","38"
,"14.875537000","13.625517000","2557","140","192.168.10.22","8081","10.0.0.2","46884","88","189465","38"
,"14.875581000","13.625561000","2558","140","192.168.10.22","8081","10.0.0.2","46884","88","189553","38"
,"14.875595000","13.625575000","2559","140","192.168.10.22","8081","10.0.0.2","46884","88","189641","38"
,"14.937913000","13.687893000","2560","52","10.0.0.2","46884","192.168.10.22","8081","0","38","185241"
,"14.938988000","13.688968000","2561","140","192.168.10.22","8081","10.0.0.2","46884","88","189729","38"
,"14.939020000","13.689000000","2562","140","192.168.10.22","8081","10.0.0.2","46884","88","189817","38"
,"14.939083000","13.689063000","2563","140","192.168.10.22","8081","10.0.0.2","46884","88","189905","38"
,"14.939098000","13.689078000","2564","140","192.168.10.22","8081","10.0.0.2","46884","88","189993","38"
,"14.939152000","13.689132000","2565","140","192.168.10.22","8081","10.0.0.2","46884","88","190081","38"
,"14.939165000","13.689145000","2566","140","192.168.10.22","8081","10.0.0.2","46884","88","190169","38"
,"14.939209000","13.689189000","2567","140","192.168.10.22","8081","10.0.0.2","46884","88","190257","38"
,"14.939220000","13.689200000","2568","140","192.168.10.22","8081","10.0.0.2","46884","88","190345","38"
,"14.939265000","13.689245000","2569","140","192.168.10.22","8081","10.0.0.2","46884","88","190433","38"
,"14.939279000","13.689259000","2570","140","192.168.10.22","8081","10.0.0.2","46884","88","190521","38"
,"14.999774000","13.749754000","2571","52","10.0.0.2","46884","192.168.10.22","8081","0","38","186033"
,"14.999797000","13.749777000","2572","52","10.0.0.2","46884","192.168.10.22","8081","0","38","186209"
,"15.000862000","13.750842000","2573","140","192.168.10.22","8081","10.0.0.2","46884","88","190609","38"
,"15.000926000","13.750906000","2574","140","192.168.10.22","8081","10.0.0.2","46884","88","190697","38"
,"15.000992000","13.750972000","2575","140","192.168.10.22","8081","10.0.0.2","46884","88","190785","38"
,"15.001008000","13.750988000","2576","140","192.168.10.22","8081","10.0.0.2","46884","88","190873","38"
,"15.001063000","13.751043000","2577","140","192.168.10.22","8081","10.0.0.2","46884","88","190961","38"
,"15.001076000","13.751056000","2578","140","192.168.10.22","8081","10.0.0.2","46884","88","191049","38"
,"15.001121000","13.751101000","2579","140","192.168.10.22","8081","10.0.0.2","46884","88","191137","38"
,"15.001134000","13.751114000","2580","140","192.168.10.22","8081","10.0.0.2","46884","88","191225","38"
,"15.001178000","13.751158000","2581","140","192.168.10.22","8081","10.0.0.2","46884","88","191313","38"
,"15.001191000","13.751171000","2582","140","192.168.10.22","8081","10.0.0.2","46884","88","191401","38"
,"15.001237000","13.751217000","2583","140","192.168.10.22","8081","10.0.0.2","46884","88","191489","38"
,"15.001250000","13.751230000","2584","140","192.168.10.22","8081","10.0.0.2","46884","88","191577","38"
,"15.062106000","13.812086000","2585","52","10.0.0.2","46884","192.168.10.22","8081","0","38","186913"
,"15.062135000","13.812115000","2586","52","10.0.0.2","46884","192.168.10.22","8081","0","38","187089"
,"15.063083000","13.813063000","2587","140","192.168.10.22","8081","10.0.0.2","46884","88","191665","38"
,"15.063104000","13.813084000","2588","140","192.168.10.22","8081","10.0.0.2","46884","88","191753","38"
,"15.063151000","13.813131000","2589","140","192.168.10.22","8081","10.0.0.2","46884","88","191841","38"
,"15.063163000","13.813143000","2590","140","192.168.10.22","8081","10.0.0.2","46884","88","191929","38"
,"15.063208000","13.813188000","2591","140","192.168.10.22","8081","10.0.0.2","46884","88","192017","38"
,"15.063219000","13.813199000","2592","140","192.168.10.22","8081","10.0.0.2","46884","88","192105","38"
,"15.063262000","13.813242000","2593","140","192.168.10.22","8081","10.0.0.2","46884","88","192193","38"
,"15.063274000","13.813254000","2594","140","192.168.10.22","8081","10.0.0.2","46884","88","192281","38"
,"15.063317000","13.813297000","2595","140","192.168.10.22","8081","10.0.0.2","46884","88","192369","38"
,"15.063337000","13.813317000","2596","140","192.168.10.22","8081","10.0.0.2","46884","88","192457","38"
,"15.124846000","13.874826000","2597","52","10.0.0.2","46884","192.168.10.22","8081","0","38","187881"
,"15.125466000","13.875446000","2598","140","192.168.10.22","8081","10.0.0.2","46884","88","192545","38"
,"15.125504000","13.875484000","2599","140","192.168.10.22","8081","10.0.0.2","46884","88","192633","38"
,"15.125557000","13.875537000","2600","140","192.168.10.22","8081","10.0.0.2","46884","88","192721","38"
,"15.125568000","13.875548000","2601","140","192.168.10.22","8081","10.0.0.2","46884","88","192809","38"
,"15.125613000","13.875593000","2602","140","192.168.10.22","8081","10.0.0.2","46884","88","192897","38"
,"15.125623000","13.875603000","2603","140","192.168.10.22","8081","10.0.0.2","46884","88","192985","38"
,"15.125667000","13.875647000","2604","140","192.168.10.22","8081","10.0.0.2","46884","88","193073","38"
,"15.125678000","13.875658000","2605","140","192.168.10.22","8081","10.0.0.2","46884","88","193161","38"
,"15.125756000","13.875736000","2606","52","10.0.0.2","46884","192.168.10.22","8081","0","38","188057"
,"15.126542000","13.876522000","2607","140","192.168.10.22","8081","10.0.0.2","46884","88","193249","38"
,"15.126576000","13.876556000","2608","140","192.168.10.22","8081","10.0.0.2","46884","88","193337","38"
,"15.187832000","13.937812000","2609","52","10.0.0.2","46884","192.168.10.22","8081","0","38","188937"
,"15.188901000","13.938881000","2610","140","192.168.10.22","8081","10.0.0.2","46884","88","193425","38"
,"15.188953000","13.938933000","2611","140","192.168.10.22","8081","10.0.0.2","46884","88","193513","38"
,"15.189025000","13.939005000","2612","140","192.168.10.22","8081","10.0.0.2","46884","88","193601","38"
,"15.189039000","13.939019000","2613","140","192.168.10.22","8081","10.0.0.2","46884","88","193689","38"
,"15.189085000","13.939065000","2614","140","192.168.10.22","8081","10.0.0.2","46884","88","193777","38"
,"15.189097000","13.939077000","2615","140","192.168.10.22","8081","10.0.0.2","46884","88","193865","38"
,"15.189142000","13.939122000","2616","140","192.168.10.22","8081","10.0.0.2","46884","88","193953","38"
,"15.189166000","13.939146000","2617","140","192.168.10.22","8081","10.0.0.2","46884","88","194041","38"
,"15.189210000","13.939190000","2618","140","192.168.10.22","8081","10.0.0.2","46884","88","194129","38"
,"15.189223000","13.939203000","2619","140","192.168.10.22","8081","10.0.0.2","46884","88","194217","38"
,"15.249073000","13.999053000","2620","52","10.0.0.2","46884","192.168.10.22","8081","0","38","189729"
,"15.249101000","13.999081000","2621","52","10.0.0.2","46884","192.168.10.22","8081","0","38","189905"
,"15.250004000","13.999984000","2622","140","192.168.10.22","8081","10.0.0.2","46884","88","194305","38"
,"15.250041000","14.000021000","2623","140","192.168.10.22","8081","10.0.0.2","46884","88","194393","38"
,"15.250093000","14.000073000","2624","140","192.168.10.22","8081","10.0.0.2","46884","88","194481","38"
,"15.250105000","14.000085000","2625","140","192.168.10.22","8081","10.0.0.2","46884","88","194569","38"
,"15.250150000","14.000130000","2626","140","192.168.10.22","8081","10.0.0.2","46884","88","194657","38"
,"15.250162000","14.000142000","2627","140","192.168.10.22","8081","10.0.0.2","46884","88","194745","38"
,"15.250208000","14.000188000","2628","140","192.168.10.22","8081","10.0.0.2","46884","88","194833","38"
,"15.250219000","14.000199000","2629","140","192.168.10.22","8081","10.0.0.2","46884","88","194921","38"
,"15.250263000","14.000243000","2630","140","192.168.10.22","8081","10.0.0.2","46884","88","195009","38"
,"15.250276000","14.000256000","2631","140","192.168.10.22","8081","10.0.0.2","46884","88","195097","38"
,"15.250321000","14.000301000","2632","140","192.168.10.22","8081","10.0.0.2","46884","88","195185","38"
,"15.250334000","14.000314000","2633","140","192.168.10.22","8081","10.0.0.2","46884","88","195273","38"
,"15.312392000","14.062372000","2634","52","10.0.0.2","46884","192.168.10.22","8081","0","38","190697"
,"15.312417000","14.062397000","2635","52","10.0.0.2","46884","192.168.10.22","8081","0","38","190785"
,"15.313428000","14.063408000","2636","140","192.168.10.22","8081","10.0.0.2","46884","88","195361","38"
,"15.313472000","14.063452000","2637","140","192.168.10.22","8081","10.0.0.2","46884","88","195449","38"
,"15.313537000","14.063517000","2638","140","192.168.10.22","8081","10.0.0.2","46884","88","195537","38"
,"15.313552000","14.063532000","2639","140","192.168.10.22","8081","10.0.0.2","46884","88","195625","38"
,"15.313605000","14.063585000","2640","140","192.168.10.22","8081","10.0.0.2","46884","88","195713","38"
,"15.313618000","14.063598000","2641","140","192.168.10.22","8081","10.0.0.2","46884","88","195801","38"
,"15.313663000","14.063643000","2642","140","192.168.10.22","8081","10.0.0.2","46884","88","195889","38"
,"15.313675000","14.063655000","2643","140","192.168.10.22","8081","10.0.0.2","46884","88","195977","38"
,"15.313719000","14.063699000","2644","140","192.168.10.22","8081","10.0.0.2","46884","88","196065","38"
,"15.313733000","14.063713000","2645","140","192.168.10.22","8081","10.0.0.2","46884","88","196153","38"
,"15.374995000","14.124975000","2646","52","10.0.0.2","46884","192.168.10.22","8081","0","38","191049"
,"15.375023000","14.125003000","2647","52","10.0.0.2","46884","192.168.10.22","8081","0","38","191753"
,"15.376033000","14.126013000","2648","140","192.168.10.22","8081","10.0.0.2","46884","88","196241","38"
,"15.376076000","14.126056000","2649","140","192.168.10.22","8081","10.0.0.2","46884","88","196329","38"
,"15.376138000","14.126118000","2650","140","192.168.10.22","8081","10.0.0.2","46884","88","196417","38"
,"15.376153000","14.126133000","2651","140","192.168.10.22","8081","10.0.0.2","46884","88","196505","38"
,"15.376209000","14.126189000","2652","140","192.168.10.22","8081","10.0.0.2","46884","88","196593","38"
,"15.376222000","14.126202000","2653","140","192.168.10.22","8081","10.0.0.2","46884","88","196681","38"
,"15.376269000","14.126249000","2654","140","192.168.10.22","8081","10.0.0.2","46884","88","196769","38"
,"15.376280000","14.126260000","2655","140","192.168.10.22","8081","10.0.0.2","46884","88","196857","38"
,"15.376325000","14.126305000","2656","140","192.168.10.22","8081","10.0.0.2","46884","88","196945","38"
,"15.376340000","14.126320000","2657","140","192.168.10.22","8081","10.0.0.2","46884","88","197033","38"
,"15.437825000","14.187805000","2658","52","10.0.0.2","46884","192.168.10.22","8081","0","38","192457"
,"15.437848000","14.187828000","2659","52","10.0.0.2","46884","192.168.10.22","8081","0","38","192633"
,"15.438828000","14.188808000","2660","140","192.168.10.22","8081","10.0.0.2","46884","88","197121","38"
,"15.438870000","14.188850000","2661","140","192.168.10.22","8081","10.0.0.2","46884","88","197209","38"
,"15.438980000","14.188960000","2662","140","192.168.10.22","8081","10.0.0.2","46884","88","197297","38"
,"15.438996000","14.188976000","2663","140","192.168.10.22","8081","10.0.0.2","46884","88","197385","38"
,"15.439042000","14.189022000","2664","140","192.168.10.22","8081","10.0.0.2","46884","88","197473","38"
,"15.439057000","14.189037000","2665","140","192.168.10.22","8081","10.0.0.2","46884","88","197561","38"
,"15.439103000","14.189083000","2666","140","192.168.10.22","8081","10.0.0.2","46884","88","197649","38"
,"15.439117000","14.189097000","2667","140","192.168.10.22","8081","10.0.0.2","46884","88","197737","38"
,"15.439163000","14.189143000","2668","140","192.168.10.22","8081","10.0.0.2","46884","88","197825","38"
,"15.439176000","14.189156000","2669","140","192.168.10.22","8081","10.0.0.2","46884","88","197913","38"
,"15.499403000","14.249383000","2670","52","10.0.0.2","46884","192.168.10.22","8081","0","38","193425"
,"15.499431000","14.249411000","2671","52","10.0.0.2","46884","192.168.10.22","8081","0","38","193513"
,"15.500447000","14.250427000","2672","140","192.168.10.22","8081","10.0.0.2","46884","88","198001","38"
,"15.500488000","14.250468000","2673","140","192.168.10.22","8081","10.0.0.2","46884","88","198089","38"
,"15.500552000","14.250532000","2674","140","192.168.10.22","8081","10.0.0.2","46884","88","198177","38"
,"15.500568000","14.250548000","2675","140","192.168.10.22","8081","10.0.0.2","46884","88","198265","38"
,"15.500620000","14.250600000","2676","140","192.168.10.22","8081","10.0.0.2","46884","88","198353","38"
,"15.500634000","14.250614000","2677","140","192.168.10.22","8081","10.0.0.2","46884","88","198441","38"
,"15.500679000","14.250659000","2678","140","192.168.10.22","8081","10.0.0.2","46884","88","198529","38"
,"15.500690000","14.250670000","2679","140","192.168.10.22","8081","10.0.0.2","46884","88","198617","38"
,"15.500734000","14.250714000","2680","140","192.168.10.22","8081","10.0.0.2","46884","88","198705","38"
,"15.500755000","14.250735000","2681","140","192.168.10.22","8081","10.0.0.2","46884","88","198793","38"
,"15.562777000","14.312757000","2682","52","10.0.0.2","46884","192.168.10.22","8081","0","38","193953"
,"15.562804000","14.312784000","2683","52","10.0.0.2","46884","192.168.10.22","8081","0","38","194481"
,"15.563833000","14.313813000","2684","140","192.168.10.22","8081","10.0.0.2","46884","88","198881","38"
,"15.563922000","14.313902000","2685","140","192.168.10.22","8081","10.0.0.2","46884","88","198969","38"
,"15.563999000","14.313979000","2686","140","192.168.10.22","8081","10.0.0.2","46884","88","199057","38"
,"15.564014000","14.313994000","2687","140","192.168.10.22","8081","10.0.0.2","46884","88","199145","38"
,"15.564059000","14.314039000","2688","140","192.168.10.22","8081","10.0.0.2","46884","88","199233","38"
,"15.564072000","14.314052000","2689","140","192.168.10.22","8081","10.0.0.2","46884","88","199321","38"
,"15.564117000","14.314097000","2690","140","192.168.10.22","8081","10.0.0.2","46884","88","199409","38"
,"15.564131000","14.314111000","2691","140","192.168.10.22","8081","10.0.0.2","46884","88","199497","38"
,"15.564175000","14.314155000","2692","140","192.168.10.22","8081","10.0.0.2","46884","88","199585","38"
,"15.564188000","14.314168000","2693","140","192.168.10.22","8081","10.0.0.2","46884","88","199673","38"
,"15.564234000","14.314214000","2694","140","192.168.10.22","8081","10.0.0.2","46884","88","199761","38"
,"15.564246000","14.314226000","2695","140","192.168.10.22","8081","10.0.0.2","46884","88","199849","38"
,"15.624710000","14.374690000","2696","52","10.0.0.2","46884","192.168.10.22","8081","0","38","195361"
,"15.625679000","14.375659000","2697","140","192.168.10.22","8081","10.0.0.2","46884","88","199937","38"
,"15.625720000","14.375700000","2698","140","192.168.10.22","8081","10.0.0.2","46884","88","200025","38"
,"15.625785000","14.375765000","2699","140","192.168.10.22","8081","10.0.0.2","46884","88","200113","38"
,"15.625802000","14.375782000","2700","140","192.168.10.22","8081","10.0.0.2","46884","88","200201","38"
,"15.625855000","14.375835000","2701","140","192.168.10.22","8081","10.0.0.2","46884","88","200289","38"
,"15.625868000","14.375848000","2702","140","192.168.10.22","8081","10.0.0.2","46884","88","200377","38"
,"15.625956000","14.375936000","2703","140","192.168.10.22","8081","10.0.0.2","46884","88","200465","38"
,"15.625981000","14.375961000","2704","140","192.168.10.22","8081","10.0.0.2","46884","88","200553","38"
,"15.626027000","14.376007000","2705","140","192.168.10.22","8081","10.0.0.2","46884","88","200641","38"
,"15.626040000","14.376020000","2706","140","192.168.10.22","8081","10.0.0.2","46884","88","200729","38"
,"15.687187000","14.437167000","2707","52","10.0.0.2","46884","192.168.10.22","8081","0","38","196153"
,"15.687216000","14.437196000","2708","52","10.0.0.2","46884","192.168.10.22","8081","0","38","196329"
,"15.688249000","14.438229000","2709","140","192.168.10.22","8081","10.0.0.2","46884","88","200817","38"
,"15.688290000","14.438270000","2710","140","192.168.10.22","8081","10.0.0.2","46884","88","200905","38"
,"15.688357000","14.438337000","2711","140","192.168.10.22","8081","10.0.0.2","46884","88","200993","38"
,"15.688373000","14.438353000","2712","140","192.168.10.22","8081","10.0.0.2","46884","88","201081","38"
,"15.688427000","14.438407000","2713","140","192.168.10.22","8081","10.0.0.2","46884","88","201169","38"
,"15.688441000","14.438421000","2714","140","192.168.10.22","8081","10.0.0.2","46884","88","201257","38"
,"15.688487000","14.438467000","2715","140","192.168.10.22","8081","10.0.0.2","46884","88","201345","38"
,"15.688498000","14.438478000","2716","140","192.168.10.22","8081","10.0.0.2","46884","88","201433","38"
,"15.688542000","14.438522000","2717","140","192.168.10.22","8081","10.0.0.2","46884","88","201521","38"
,"15.688556000","14.438536000","2718","140","192.168.10.22","8081","10.0.0.2","46884","88","201609","38"
,"15.749623000","14.499603000","2719","52","10.0.0.2","46884","192.168.10.22","8081","0","38","197209"
,"15.750644000","14.500624000","2720","140","192.168.10.22","8081","10.0.0.2","46884","88","201697","38"
,"15.750685000","14.500665000","2721","140","192.168.10.22","8081","10.0.0.2","46884","88","201785","38"
,"15.750748000","14.500728000","2722","140","192.168.10.22","8081","10.0.0.2","46884","88","201873","38"
,"15.750763000","14.500743000","2723","140","192.168.10.22","8081","10.0.0.2","46884","88","201961","38"
,"15.750820000","14.500800000","2724","140","192.168.10.22","8081","10.0.0.2","46884","88","202049","38"
,"15.750833000","14.500813000","2725","140","192.168.10.22","8081","10.0.0.2","46884","88","202137","38"
,"15.750915000","14.500895000","2726","140","192.168.10.22","8081","10.0.0.2","46884","88","202225","38"
,"15.750932000","14.500912000","2727","140","192.168.10.22","8081","10.0.0.2","46884","88","202313","38"
,"15.750978000","14.500958000","2728","140","192.168.10.22","8081","10.0.0.2","46884","88","202401","38"
,"15.750992000","14.500972000","2729","140","192.168.10.22","8081","10.0.0.2","46884","88","202489","38"
,"15.812378000","14.562358000","2730","52","10.0.0.2","46884","192.168.10.22","8081","0","38","198001"
,"15.812402000","14.562382000","2731","52","10.0.0.2","46884","192.168.10.22","8081","0","38","198177"
,"15.813376000","14.563356000","2732","140","192.168.10.22","8081","10.0.0.2","46884","88","202577","38"
,"15.813419000","14.563399000","2733","140","192.168.10.22","8081","10.0.0.2","46884","88","202665","38"
,"15.813485000","14.563465000","2734","140","192.168.10.22","8081","10.0.0.2","46884","88","202753","38"
,"15.813500000","14.563480000","2735","140","192.168.10.22","8081","10.0.0.2","46884","88","202841","38"
,"15.813554000","14.563534000","2736","140","192.168.10.22","8081","10.0.0.2","46884","88","202929","38"
,"15.813568000","14.563548000","2737","140","192.168.10.22","8081","10.0.0.2","46884","88","203017","38"
,"15.813614000","14.563594000","2738","140","192.168.10.22","8081","10.0.0.2","46884","88","203105","38"
,"15.813625000","14.563605000","2739","140","192.168.10.22","8081","10.0.0.2","46884","88","203193","38"
,"15.813670000","14.563650000","2740","140","192.168.10.22","8081","10.0.0.2","46884","88","203281","38"
,"15.813685000","14.563665000","2741","140","192.168.10.22","8081","10.0.0.2","46884","88","203369","38"
,"15.813730000","14.563710000","2742","140","192.168.10.22","8081","10.0.0.2","46884","88","203457","38"
,"15.813743000","14.563723000","2743","140","192.168.10.22","8081","10.0.0.2","46884","88","203545","38"
,"15.875002000","14.624982000","2744","52","10.0.0.2","46884","192.168.10.22","8081","0","38","199057"
,"15.876031000","14.626011000","2745","140","192.168.10.22","8081","10.0.0.2","46884","88","203633","38"
,"15.876075000","14.626055000","2746","140","192.168.10.22","8081","10.0.0.2","46884","88","203721","38"
,"15.876140000","14.626120000","2747","140","192.168.10.22","8081","10.0.0.2","46884","88","203809","38"
,"15.876157000","14.626137000","2748","140","192.168.10.22","8081","10.0.0.2","46884","88","203897","38"
,"15.876206000","14.626186000","2749","140","192.168.10.22","8081","10.0.0.2","46884","88","203985","38"
,"15.876218000","14.626198000","2750","140","192.168.10.22","8081","10.0.0.2","46884","88","204073","38"
,"15.876263000","14.626243000","2751","140","192.168.10.22","8081","10.0.0.2","46884","88","204161","38"
,"15.876275000","14.626255000","2752","140","192.168.10.22","8081","10.0.0.2","46884","88","204249","38"
,"15.876319000","14.626299000","2753","140","192.168.10.22","8081","10.0.0.2","46884","88","204337","38"
,"15.876333000","14.626313000","2754","140","192.168.10.22","8081","10.0.0.2","46884","88","204425","38"
,"15.937355000","14.687335000","2755","52","10.0.0.2","46884","192.168.10.22","8081","0","38","200025"
,"15.938264000","14.688244000","2756","140","192.168.10.22","8081","10.0.0.2","46884","88","204513","38"
,"15.938300000","14.688280000","2757","140","192.168.10.22","8081","10.0.0.2","46884","88","204601","38"
,"15.938352000","14.688332000","2758","140","192.168.10.22","8081","10.0.0.2","46884","88","204689","38"
,"15.938364000","14.688344000","2759","140","192.168.10.22","8081","10.0.0.2","46884","88","204777","38"
,"15.938410000","14.688390000","2760","140","192.168.10.22","8081","10.0.0.2","46884","88","204865","38"
,"15.938421000","14.688401000","2761","140","192.168.10.22","8081","10.0.0.2","46884","88","204953","38"
,"15.938466000","14.688446000","2762","140","192.168.10.22","8081","10.0.0.2","46884","88","205041","38"
,"15.938478000","14.688458000","2763","140","192.168.10.22","8081","10.0.0.2","46884","88","205129","38"
,"15.938524000","14.688504000","2764","140","192.168.10.22","8081","10.0.0.2","46884","88","205217","38"
,"15.938537000","14.688517000","2765","140","192.168.10.22","8081","10.0.0.2","46884","88","205305","38"
,"15.999835000","14.749815000","2766","52","10.0.0.2","46884","192.168.10.22","8081","0","38","200817"
,"15.999862000","14.749842000","2767","52","10.0.0.2","46884","192.168.10.22","8081","0","38","200905"
,"16.000910000","14.750890000","2768","140","192.168.10.22","8081","10.0.0.2","46884","88","205393","38"
,"16.000960000","14.750940000","2769","140","192.168.10.22","8081","10.0.0.2","46884","88","205481","38"
,"16.001029000","14.751009000","2770","140","192.168.10.22","8081","10.0.0.2","46884","88","205569","38"
,"16.001045000","14.751025000","2771","140","192.168.10.22","8081","10.0.0.2","46884","88","205657","38"
,"16.001091000","14.751071000","2772","140","192.168.10.22","8081","10.0.0.2","46884","88","205745","38"
,"16.001102000","14.751082000","2773","140","192.168.10.22","8081","10.0.0.2","46884","88","205833","38"
,"16.001147000","14.751127000","2774","140","192.168.10.22","8081","10.0.0.2","46884","88","205921","38"
,"16.001159000","14.751139000","2775","140","192.168.10.22","8081","10.0.0.2","46884","88","206009","38"
,"16.001202000","14.751182000","2776","140","192.168.10.22","8081","10.0.0.2","46884","88","206097","38"
,"16.001216000","14.751196000","2777","140","192.168.10.22","8081","10.0.0.2","46884","88","206185","38"
,"16.062965000","14.812945000","2778","52","10.0.0.2","46884","192.168.10.22","8081","0","38","201785"
,"16.063980000","14.813960000","2779","140","192.168.10.22","8081","10.0.0.2","46884","88","206273","38"
,"16.064024000","14.814004000","2780","140","192.168.10.22","8081","10.0.0.2","46884","88","206361","38"
,"16.064087000","14.814067000","2781","140","192.168.10.22","8081","10.0.0.2","46884","88","206449","38"
,"16.064103000","14.814083000","2782","140","192.168.10.22","8081","10.0.0.2","46884","88","206537","38"
,"16.064152000","14.814132000","2783","140","192.168.10.22","8081","10.0.0.2","46884","88","206625","38"
,"16.064164000","14.814144000","2784","140","192.168.10.22","8081","10.0.0.2","46884","88","206713","38"
,"16.064208000","14.814188000","2785","140","192.168.10.22","8081","10.0.0.2","46884","88","206801","38"
,"16.064219000","14.814199000","2786","140","192.168.10.22","8081","10.0.0.2","46884","88","206889","38"
,"16.064264000","14.814244000","2787","140","192.168.10.22","8081","10.0.0.2","46884","88","206977","38"
,"16.064285000","14.814265000","2788","140","192.168.10.22","8081","10.0.0.2","46884","88","207065","38"
,"16.124439000","14.874419000","2789","52","10.0.0.2","46884","192.168.10.22","8081","0","38","202577"
,"16.124468000","14.874448000","2790","52","10.0.0.2","46884","192.168.10.22","8081","0","38","202753"
,"16.125489000","14.875469000","2791","140","192.168.10.22","8081","10.0.0.2","46884","88","207153","38"
,"16.125530000","14.875510000","2792","140","192.168.10.22","8081","10.0.0.2","46884","88","207241","38"
,"16.125594000","14.875574000","2793","140","192.168.10.22","8081","10.0.0.2","46884","88","207329","38"
,"16.125610000","14.875590000","2794","140","192.168.10.22","8081","10.0.0.2","46884","88","207417","38"
,"16.125665000","14.875645000","2795","140","192.168.10.22","8081","10.0.0.2","46884","88","207505","38"
,"16.125679000","14.875659000","2796","140","192.168.10.22","8081","10.0.0.2","46884","88","207593","38"
,"16.125724000","14.875704000","2797","140","192.168.10.22","8081","10.0.0.2","46884","88","207681","38"
,"16.125736000","14.875716000","2798","140","192.168.10.22","8081","10.0.0.2","46884","88","207769","38"
,"16.125779000","14.875759000","2799","140","192.168.10.22","8081","10.0.0.2","46884","88","207857","38"
,"16.125793000","14.875773000","2800","140","192.168.10.22","8081","10.0.0.2","46884","88","207945","38"
,"16.125839000","14.875819000","2801","140","192.168.10.22","8081","10.0.0.2","46884","88","208033","38"
,"16.125852000","14.875832000","2802","140","192.168.10.22","8081","10.0.0.2","46884","88","208121","38"
,"16.187041000","14.937021000","2803","52","10.0.0.2","46884","192.168.10.22","8081","0","38","203281"
,"16.187049000","14.937029000","2804","52","10.0.0.2","46884","192.168.10.22","8081","0","38","203633"
,"16.187747000","14.937727000","2805","140","192.168.10.22","8081","10.0.0.2","46884","88","208209","38"
,"16.187760000","14.937740000","2806","140","192.168.10.22","8081","10.0.0.2","46884","88","208297","38"
,"16.187775000","14.937755000","2807","140","192.168.10.22","8081","10.0.0.2","46884","88","208385","38"
,"16.187778000","14.937758000","2808","140","192.168.10.22","8081","10.0.0.2","46884","88","208473","38"
,"16.187789000","14.937769000","2809","140","192.168.10.22","8081","10.0.0.2","46884","88","208561","38"
,"16.187792000","14.937772000","2810","140","192.168.10.22","8081","10.0.0.2","46884","88","208649","38"
,"16.187803000","14.937783000","2811","140","192.168.10.22","8081","10.0.0.2","46884","88","208737","38"
,"16.187806000","14.937786000","2812","140","192.168.10.22","8081","10.0.0.2","46884","88","208825","38"
,"16.187842000","14.937822000","2813","140","192.168.10.22","8081","10.0.0.2","46884","88","208913","38"
,"16.187847000","14.937827000","2814","140","192.168.10.22","8081","10.0.0.2","46884","88","209001","38"
,"16.249827000","14.999807000","2815","52","10.0.0.2","46884","192.168.10.22","8081","0","38","204425"
,"16.249854000","14.999834000","2816","52","10.0.0.2","46884","192.168.10.22","8081","0","38","204601"
,"16.250849000","15.000829000","2817","140","192.168.10.22","8081","10.0.0.2","46884","88","209089","38"
,"16.250920000","15.000900000","2818","140","192.168.10.22","8081","10.0.0.2","46884","88","209177","38"
,"16.250991000","15.000971000","2819","140","192.168.10.22","8081","10.0.0.2","46884","88","209265","38"
,"16.251009000","15.000989000","2820","140","192.168.10.22","8081","10.0.0.2","46884","88","209353","38"
,"16.251058000","15.001038000","2821","140","192.168.10.22","8081","10.0.0.2","46884","88","209441","38"
,"16.251069000","15.001049000","2822","140","192.168.10.22","8081","10.0.0.2","46884","88","209529","38"
,"16.251115000","15.001095000","2823","140","192.168.10.22","8081","10.0.0.2","46884","88","209617","38"
,"16.251138000","15.001118000","2824","140","192.168.10.22","8081","10.0.0.2","46884","88","209705","38"
,"16.251183000","15.001163000","2825","140","192.168.10.22","8081","10.0.0.2","46884","88","209793","38"
,"16.251197000","15.001177000","2826","140","192.168.10.22","8081","10.0.0.2","46884","88","209881","38"
,"16.312265000","15.062245000","2827","52","10.0.0.2","46884","192.168.10.22","8081","0","38","205393"
,"16.312292000","15.062272000","2828","52","10.0.0.2","46884","192.168.10.22","8081","0","38","205481"
,"16.313291000","15.063271000","2829","140","192.168.10.22","8081","10.0.0.2","46884","88","209969","38"
,"16.313333000","15.063313000","2830","140","192.168.10.22","8081","10.0.0.2","46884","88","210057","38"
,"16.313396000","15.063376000","2831","140","192.168.10.22","8081","10.0.0.2","46884","88","210145","38"
,"16.313411000","15.063391000","2832","140","192.168.10.22","8081","10.0.0.2","46884","88","210233","38"
,"16.313465000","15.063445000","2833","140","192.168.10.22","8081","10.0.0.2","46884","88","210321","38"
,"16.313477000","15.063457000","2834","140","192.168.10.22","8081","10.0.0.2","46884","88","210409","38"
,"16.313523000","15.063503000","2835","140","192.168.10.22","8081","10.0.0.2","46884","88","210497","38"
,"16.313535000","15.063515000","2836","140","192.168.10.22","8081","10.0.0.2","46884","88","210585","38"
,"16.313580000","15.063560000","2837","140","192.168.10.22","8081","10.0.0.2","46884","88","210673","38"
,"16.313594000","15.063574000","2838","140","192.168.10.22","8081","10.0.0.2","46884","88","210761","38"
,"16.374736000","15.124716000","2839","52","10.0.0.2","46884","192.168.10.22","8081","0","38","206097"
,"16.374767000","15.124747000","2840","52","10.0.0.2","46884","192.168.10.22","8081","0","38","206449"
,"16.375802000","15.125782000","2841","140","192.168.10.22","8081","10.0.0.2","46884","88","210849","38"
,"16.375844000","15.125824000","2842","140","192.168.10.22","8081","10.0.0.2","46884","88","210937","38"
,"16.375955000","15.125935000","2843","140","192.168.10.22","8081","10.0.0.2","46884","88","211025","38"
,"16.375972000","15.125952000","2844","140","192.168.10.22","8081","10.0.0.2","46884","88","211113","38"
,"16.376018000","15.125998000","2845","140","192.168.10.22","8081","10.0.0.2","46884","88","211201","38"
,"16.376030000","15.126010000","2846","140","192.168.10.22","8081","10.0.0.2","46884","88","211289","38"
,"16.376074000","15.126054000","2847","140","192.168.10.22","8081","10.0.0.2","46884","88","211377","38"
,"16.376088000","15.126068000","2848","140","192.168.10.22","8081","10.0.0.2","46884","88","211465","38"
,"16.376133000","15.126113000","2849","140","192.168.10.22","8081","10.0.0.2","46884","88","211553","38"
,"16.376146000","15.126126000","2850","140","192.168.10.22","8081","10.0.0.2","46884","88","211641","38"
,"16.376191000","15.126171000","2851","140","192.168.10.22","8081","10.0.0.2","46884","88","211729","38"
,"16.376205000","15.126185000","2852","140","192.168.10.22","8081","10.0.0.2","46884","88","211817","38"
,"16.437592000","15.187572000","2853","52","10.0.0.2","46884","192.168.10.22","8081","0","38","207241"
,"16.437600000","15.187580000","2854","52","10.0.0.2","46884","192.168.10.22","8081","0","38","207329"
,"16.438319000","15.188299000","2855","140","192.168.10.22","8081","10.0.0.2","46884","88","211905","38"
,"16.438335000","15.188315000","2856","140","192.168.10.22","8081","10.0.0.2","46884","88","211993","38"
,"16.438349000","15.188329000","2857","140","192.168.10.22","8081","10.0.0.2","46884","88","212081","38"
,"16.438352000","15.188332000","2858","140","192.168.10.22","8081","10.0.0.2","46884","88","212169","38"
,"16.438363000","15.188343000","2859","140","192.168.10.22","8081","10.0.0.2","46884","88","212257","38"
,"16.438365000","15.188345000","2860","140","192.168.10.22","8081","10.0.0.2","46884","88","212345","38"
,"16.438376000","15.188356000","2861","140","192.168.10.22","8081","10.0.0.2","46884","88","212433","38"
,"16.438379000","15.188359000","2862","140","192.168.10.22","8081","10.0.0.2","46884","88","212521","38"
,"16.438415000","15.188395000","2863","140","192.168.10.22","8081","10.0.0.2","46884","88","212609","38"
,"16.438420000","15.188400000","2864","140","192.168.10.22","8081","10.0.0.2","46884","88","212697","38"
,"16.499845000","15.249825000","2865","52","10.0.0.2","46884","192.168.10.22","8081","0","38","207857"
,"16.499868000","15.249848000","2866","52","10.0.0.2","46884","192.168.10.22","8081","0","38","208297"
,"16.500843000","15.250823000","2867","140","192.168.10.22","8081","10.0.0.2","46884","88","212785","38"
,"16.500918000","15.250898000","2868","140","192.168.10.22","8081","10.0.0.2","46884","88","212873","38"
,"16.500986000","15.250966000","2869","140","192.168.10.22","8081","10.0.0.2","46884","88","212961","38"
,"16.501000000","15.250980000","2870","140","192.168.10.22","8081","10.0.0.2","46884","88","213049","38"
,"16.501046000","15.251026000","2871","140","192.168.10.22","8081","10.0.0.2","46884","88","213137","38"
,"16.501059000","15.251039000","2872","140","192.168.10.22","8081","10.0.0.2","46884","88","213225","38"
,"16.501104000","15.251084000","2873","140","192.168.10.22","8081","10.0.0.2","46884","88","213313","38"
,"16.501117000","15.251097000","2874","140","192.168.10.22","8081","10.0.0.2","46884","88","213401","38"
,"16.501163000","15.251143000","2875","140","192.168.10.22","8081","10.0.0.2","46884","88","213489","38"
,"16.501177000","15.251157000","2876","140","192.168.10.22","8081","10.0.0.2","46884","88","213577","38"
,"16.562265000","15.312245000","2877","52","10.0.0.2","46884","192.168.10.22","8081","0","38","209177"
,"16.563277000","15.313257000","2878","140","192.168.10.22","8081","10.0.0.2","46884","88","213665","38"
,"16.563320000","15.313300000","2879","140","192.168.10.22","8081","10.0.0.2","46884","88","213753","38"
,"16.563387000","15.313367000","2880","140","192.168.10.22","8081","10.0.0.2","46884","88","213841","38"
,"16.563402000","15.313382000","2881","140","192.168.10.22","8081","10.0.0.2","46884","88","213929","38"
,"16.563456000","15.313436000","2882","140","192.168.10.22","8081","10.0.0.2","46884","88","214017","38"
,"16.563470000","15.313450000","2883","140","192.168.10.22","8081","10.0.0.2","46884","88","214105","38"
,"16.563514000","15.313494000","2884","140","192.168.10.22","8081","10.0.0.2","46884","88","214193","38"
,"16.563526000","15.313506000","2885","140","192.168.10.22","8081","10.0.0.2","46884","88","214281","38"
,"16.563570000","15.313550000","2886","140","192.168.10.22","8081","10.0.0.2","46884","88","214369","38"
,"16.563583000","15.313563000","2887","140","192.168.10.22","8081","10.0.0.2","46884","88","214457","38"
,"16.624818000","15.374798000","2888","52","10.0.0.2","46884","192.168.10.22","8081","0","38","210057"
,"16.625902000","15.375882000","2889","140","192.168.10.22","8081","10.0.0.2","46884","88","214545","38"
,"16.625959000","15.375939000","2890","140","192.168.10.22","8081","10.0.0.2","46884","88","214633","38"
,"16.626028000","15.376008000","2891","140","192.168.10.22","8081","10.0.0.2","46884","88","214721","38"
,"16.626045000","15.376025000","2892","140","192.168.10.22","8081","10.0.0.2","46884","88","214809","38"
,"16.626093000","15.376073000","2893","140","192.168.10.22","8081","10.0.0.2","46884","88","214897","38"
,"16.626104000","15.376084000","2894","140","192.168.10.22","8081","10.0.0.2","46884","88","214985","38"
,"16.626149000","15.376129000","2895","140","192.168.10.22","8081","10.0.0.2","46884","88","215073","38"
,"16.626163000","15.376143000","2896","140","192.168.10.22","8081","10.0.0.2","46884","88","215161","38"
,"16.626208000","15.376188000","2897","140","192.168.10.22","8081","10.0.0.2","46884","88","215249","38"
,"16.626222000","15.376202000","2898","140","192.168.10.22","8081","10.0.0.2","46884","88","215337","38"
,"16.687811000","15.437791000","2899","52","10.0.0.2","46884","192.168.10.22","8081","0","38","210849"
,"16.687837000","15.437817000","2900","52","10.0.0.2","46884","192.168.10.22","8081","0","38","211025"
,"16.688832000","15.438812000","2901","140","192.168.10.22","8081","10.0.0.2","46884","88","215425","38"
,"16.688898000","15.438878000","2902","140","192.168.10.22","8081","10.0.0.2","46884","88","215513","38"
,"16.688979000","15.438959000","2903","140","192.168.10.22","8081","10.0.0.2","46884","88","215601","38"
,"16.688994000","15.438974000","2904","140","192.168.10.22","8081","10.0.0.2","46884","88","215689","38"
,"16.689042000","15.439022000","2905","140","192.168.10.22","8081","10.0.0.2","46884","88","215777","38"
,"16.689063000","15.439043000","2906","140","192.168.10.22","8081","10.0.0.2","46884","88","215865","38"
,"16.689108000","15.439088000","2907","140","192.168.10.22","8081","10.0.0.2","46884","88","215953","38"
,"16.689122000","15.439102000","2908","140","192.168.10.22","8081","10.0.0.2","46884","88","216041","38"
,"16.689167000","15.439147000","2909","140","192.168.10.22","8081","10.0.0.2","46884","88","216129","38"
,"16.689179000","15.439159000","2910","140","192.168.10.22","8081","10.0.0.2","46884","88","216217","38"
,"16.689224000","15.439204000","2911","140","192.168.10.22","8081","10.0.0.2","46884","88","216305","38"
,"16.689236000","15.439216000","2912","140","192.168.10.22","8081","10.0.0.2","46884","88","216393","38"
,"16.749242000","15.499222000","2913","52","10.0.0.2","46884","192.168.10.22","8081","0","38","211817"
,"16.749269000","15.499249000","2914","52","10.0.0.2","46884","192.168.10.22","8081","0","38","211905"
,"16.750201000","15.500181000","2915","140","192.168.10.22","8081","10.0.0.2","46884","88","216481","38"
,"16.750242000","15.500222000","2916","140","192.168.10.22","8081","10.0.0.2","46884","88","216569","38"
,"16.750306000","15.500286000","2917","140","192.168.10.22","8081","10.0.0.2","46884","88","216657","38"
,"16.750323000","15.500303000","2918","140","192.168.10.22","8081","10.0.0.2","46884","88","216745","38"
,"16.750378000","15.500358000","2919","140","192.168.10.22","8081","10.0.0.2","46884","88","216833","38"
,"16.750394000","15.500374000","2920","140","192.168.10.22","8081","10.0.0.2","46884","88","216921","38"
,"16.750441000","15.500421000","2921","140","192.168.10.22","8081","10.0.0.2","46884","88","217009","38"
,"16.750454000","15.500434000","2922","140","192.168.10.22","8081","10.0.0.2","46884","88","217097","38"
,"16.750497000","15.500477000","2923","140","192.168.10.22","8081","10.0.0.2","46884","88","217185","38"
,"16.750511000","15.500491000","2924","140","192.168.10.22","8081","10.0.0.2","46884","88","217273","38"
,"16.812697000","15.562677000","2925","52","10.0.0.2","46884","192.168.10.22","8081","0","38","212697"
,"16.812727000","15.562707000","2926","52","10.0.0.2","46884","192.168.10.22","8081","0","38","212873"
,"16.813742000","15.563722000","2927","140","192.168.10.22","8081","10.0.0.2","46884","88","217361","38"
,"16.813783000","15.563763000","2928","140","192.168.10.22","8081","10.0.0.2","46884","88","217449","38"
,"16.813848000","15.563828000","2929","140","192.168.10.22","8081","10.0.0.2","46884","88","217537","38"
,"16.813863000","15.563843000","2930","140","192.168.10.22","8081","10.0.0.2","46884","88","217625","38"
,"16.813958000","15.563938000","2931","140","192.168.10.22","8081","10.0.0.2","46884","88","217713","38"
,"16.813974000","15.563954000","2932","140","192.168.10.22","8081","10.0.0.2","46884","88","217801","38"
,"16.814020000","15.564000000","2933","140","192.168.10.22","8081","10.0.0.2","46884","88","217889","38"
,"16.814035000","15.564015000","2934","140","192.168.10.22","8081","10.0.0.2","46884","88","217977","38"
,"16.814080000","15.564060000","2935","140","192.168.10.22","8081","10.0.0.2","46884","88","218065","38"
,"16.814092000","15.564072000","2936","140","192.168.10.22","8081","10.0.0.2","46884","88","218153","38"
,"16.874586000","15.624566000","2937","52","10.0.0.2","46884","192.168.10.22","8081","0","38","213753"
,"16.875571000","15.625551000","2938","140","192.168.10.22","8081","10.0.0.2","46884","88","218241","38"
,"16.875614000","15.625594000","2939","140","192.168.10.22","8081","10.0.0.2","46884","88","218329","38"
,"16.875680000","15.625660000","2940","140","192.168.10.22","8081","10.0.0.2","46884","88","218417","38"
,"16.875695000","15.625675000","2941","140","192.168.10.22","8081","10.0.0.2","46884","88","218505","38"
,"16.875752000","15.625732000","2942","140","192.168.10.22","8081","10.0.0.2","46884","88","218593","38"
,"16.875764000","15.625744000","2943","140","192.168.10.22","8081","10.0.0.2","46884","88","218681","38"
,"16.875810000","15.625790000","2944","140","192.168.10.22","8081","10.0.0.2","46884","88","218769","38"
,"16.875822000","15.625802000","2945","140","192.168.10.22","8081","10.0.0.2","46884","88","218857","38"
,"16.875867000","15.625847000","2946","140","192.168.10.22","8081","10.0.0.2","46884","88","218945","38"
,"16.875907000","15.625887000","2947","140","192.168.10.22","8081","10.0.0.2","46884","88","219033","38"
,"16.937195000","15.687175000","2948","52","10.0.0.2","46884","192.168.10.22","8081","0","38","214721"
,"16.938213000","15.688193000","2949","140","192.168.10.22","8081","10.0.0.2","46884","88","219121","38"
,"16.938255000","15.688235000","2950","140","192.168.10.22","8081","10.0.0.2","46884","88","219209","38"
,"16.938320000","15.688300000","2951","140","192.168.10.22","8081","10.0.0.2","46884","88","219297","38"
,"16.938336000","15.688316000","2952","140","192.168.10.22","8081","10.0.0.2","46884","88","219385","38"
,"16.938390000","15.688370000","2953","140","192.168.10.22","8081","10.0.0.2","46884","88","219473","38"
,"16.938403000","15.688383000","2954","140","192.168.10.22","8081","10.0.0.2","46884","88","219561","38"
,"16.938451000","15.688431000","2955","140","192.168.10.22","8081","10.0.0.2","46884","88","219649","38"
,"16.938462000","15.688442000","2956","140","192.168.10.22","8081","10.0.0.2","46884","88","219737","38"
,"16.938506000","15.688486000","2957","140","192.168.10.22","8081","10.0.0.2","46884","88","219825","38"
,"16.938520000","15.688500000","2958","140","192.168.10.22","8081","10.0.0.2","46884","88","219913","38"
,"16.938565000","15.688545000","2959","140","192.168.10.22","8081","10.0.0.2","46884","88","220001","38"
,"16.938579000","15.688559000","2960","140","192.168.10.22","8081","10.0.0.2","46884","88","220089","38"
,"16.999574000","15.749554000","2961","52","10.0.0.2","46884","192.168.10.22","8081","0","38","215513"
,"16.999601000","15.749581000","2962","52","10.0.0.2","46884","192.168.10.22","8081","0","38","215601"
,"17.000524000","15.750504000","2963","140","192.168.10.22","8081","10.0.0.2","46884","88","220177","38"
,"17.000568000","15.750548000","2964","140","192.168.10.22","8081","10.0.0.2","46884","88","220265","38"
,"17.000637000","15.750617000","2965","140","192.168.10.22","8081","10.0.0.2","46884","88","220353","38"
,"17.000654000","15.750634000","2966","140","192.168.10.22","8081","10.0.0.2","46884","88","220441","38"
,"17.000707000","15.750687000","2967","140","192.168.10.22","8081","10.0.0.2","46884","88","220529","38"
,"17.000721000","15.750701000","2968","140","192.168.10.22","8081","10.0.0.2","46884","88","220617","38"
,"17.000770000","15.750750000","2969","140","192.168.10.22","8081","10.0.0.2","46884","88","220705","38"
,"17.000791000","15.750771000","2970","140","192.168.10.22","8081","10.0.0.2","46884","88","220793","38"
,"17.000836000","15.750816000","2971","140","192.168.10.22","8081","10.0.0.2","46884","88","220881","38"
,"17.000849000","15.750829000","2972","140","192.168.10.22","8081","10.0.0.2","46884","88","220969","38"
,"17.062176000","15.812156000","2973","52","10.0.0.2","46884","192.168.10.22","8081","0","38","216481"
,"17.062202000","15.812182000","2974","52","10.0.0.2","46884","192.168.10.22","8081","0","38","216569"
,"17.063130000","15.813110000","2975","140","192.168.10.22","8081","10.0.0.2","46884","88","221057","38"
,"17.063166000","15.813146000","2976","140","192.168.10.22","8081","10.0.0.2","46884","88","221145","38"
,"17.063215000","15.813195000","2977","140","192.168.10.22","8081","10.0.0.2","46884","88","221233","38"
,"17.063227000","15.813207000","2978","140","192.168.10.22","8081","10.0.0.2","46884","88","221321","38"
,"17.063273000","15.813253000","2979","140","192.168.10.22","8081","10.0.0.2","46884","88","221409","38"
,"17.063284000","15.813264000","2980","140","192.168.10.22","8081","10.0.0.2","46884","88","221497","38"
,"17.063327000","15.813307000","2981","140","192.168.10.22","8081","10.0.0.2","46884","88","221585","38"
,"17.063339000","15.813319000","2982","140","192.168.10.22","8081","10.0.0.2","46884","88","221673","38"
,"17.063383000","15.813363000","2983","140","192.168.10.22","8081","10.0.0.2","46884","88","221761","38"
,"17.063397000","15.813377000","2984","140","192.168.10.22","8081","10.0.0.2","46884","88","221849","38"
,"17.124468000","15.874448000","2985","52","10.0.0.2","46884","192.168.10.22","8081","0","38","217273"
,"17.124495000","15.874475000","2986","52","10.0.0.2","46884","192.168.10.22","8081","0","38","217449"
,"17.125504000","15.875484000","2987","140","192.168.10.22","8081","10.0.0.2","46884","88","221937","38"
,"17.125546000","15.875526000","2988","140","192.168.10.22","8081","10.0.0.2","46884","88","222025","38"
,"17.125610000","15.875590000","2989","140","192.168.10.22","8081","10.0.0.2","46884","88","222113","38"
,"17.125626000","15.875606000","2990","140","192.168.10.22","8081","10.0.0.2","46884","88","222201","38"
,"17.125681000","15.875661000","2991","140","192.168.10.22","8081","10.0.0.2","46884","88","222289","38"
,"17.125694000","15.875674000","2992","140","192.168.10.22","8081","10.0.0.2","46884","88","222377","38"
,"17.125741000","15.875721000","2993","140","192.168.10.22","8081","10.0.0.2","46884","88","222465","38"
,"17.125752000","15.875732000","2994","140","192.168.10.22","8081","10.0.0.2","46884","88","222553","38"
,"17.125797000","15.875777000","2995","140","192.168.10.22","8081","10.0.0.2","46884","88","222641","38"
,"17.125811000","15.875791000","2996","140","192.168.10.22","8081","10.0.0.2","46884","88","222729","38"
,"17.186927000","15.936907000","2997","52","10.0.0.2","46884","192.168.10.22","8081","0","38","218241"
,"17.186935000","15.936915000","2998","52","10.0.0.2","46884","192.168.10.22","8081","0","38","218329"
,"17.187733000","15.937713000","2999","140","192.168.10.22","8081","10.0.0.2","46884","88","222817","38"
,"17.187773000","15.937753000","3000","140","192.168.10.22","8081","10.0.0.2","46884","88","222905","38"
,"17.187826000","15.937806000","3001","140","192.168.10.22","8081","10.0.0.2","46884","88","222993","38"
,"17.187838000","15.937818000","3002","140","192.168.10.22","8081","10.0.0.2","46884","88","223081","38"
,"17.187916000","15.937896000","3003","140","192.168.10.22","8081","10.0.0.2","46884","88","223169","38"
,"17.187930000","15.937910000","3004","140","192.168.10.22","8081","10.0.0.2","46884","88","223257","38"
,"17.187976000","15.937956000","3005","140","192.168.10.22","8081","10.0.0.2","46884","88","223345","38"
,"17.187987000","15.937967000","3006","140","192.168.10.22","8081","10.0.0.2","46884","88","223433","38"
,"17.188030000","15.938010000","3007","140","192.168.10.22","8081","10.0.0.2","46884","88","223521","38"
,"17.188044000","15.938024000","3008","140","192.168.10.22","8081","10.0.0.2","46884","88","223609","38"
,"17.249338000","15.999318000","3009","52","10.0.0.2","46884","192.168.10.22","8081","0","38","219121"
,"17.249365000","15.999345000","3010","52","10.0.0.2","46884","192.168.10.22","8081","0","38","219297"
,"17.250367000","16.000347000","3011","140","192.168.10.22","8081","10.0.0.2","46884","88","223697","38"
,"17.250411000","16.000391000","3012","140","192.168.10.22","8081","10.0.0.2","46884","88","223785","38"
,"17.250475000","16.000455000","3013","140","192.168.10.22","8081","10.0.0.2","46884","88","223873","38"
,"17.250490000","16.000470000","3014","140","192.168.10.22","8081","10.0.0.2","46884","88","223961","38"
,"17.250541000","16.000521000","3015","140","192.168.10.22","8081","10.0.0.2","46884","88","224049","38"
,"17.250554000","16.000534000","3016","140","192.168.10.22","8081","10.0.0.2","46884","88","224137","38"
,"17.250599000","16.000579000","3017","140","192.168.10.22","8081","10.0.0.2","46884","88","224225","38"
,"17.250610000","16.000590000","3018","140","192.168.10.22","8081","10.0.0.2","46884","88","224313","38"
,"17.250656000","16.000636000","3019","140","192.168.10.22","8081","10.0.0.2","46884","88","224401","38"
,"17.250670000","16.000650000","3020","140","192.168.10.22","8081","10.0.0.2","46884","88","224489","38"
,"17.250714000","16.000694000","3021","140","192.168.10.22","8081","10.0.0.2","46884","88","224577","38"
,"17.250728000","16.000708000","3022","140","192.168.10.22","8081","10.0.0.2","46884","88","224665","38"
,"17.312091000","16.062071000","3023","52","10.0.0.2","46884","192.168.10.22","8081","0","38","220089"
,"17.312118000","16.062098000","3024","52","10.0.0.2","46884","192.168.10.22","8081","0","38","220177"
,"17.313087000","16.063067000","3025","140","192.168.10.22","8081","10.0.0.2","46884","88","224753","38"
,"17.313125000","16.063105000","3026","140","192.168.10.22","8081","10.0.0.2","46884","88","224841","38"
,"17.313176000","16.063156000","3027","140","192.168.10.22","8081","10.0.0.2","46884","88","224929","38"
,"17.313204000","16.063184000","3028","140","192.168.10.22","8081","10.0.0.2","46884","88","225017","38"
,"17.313250000","16.063230000","3029","140","192.168.10.22","8081","10.0.0.2","46884","88","225105","38"
,"17.313264000","16.063244000","3030","140","192.168.10.22","8081","10.0.0.2","46884","88","225193","38"
,"17.313311000","16.063291000","3031","140","192.168.10.22","8081","10.0.0.2","46884","88","225281","38"
,"17.313324000","16.063304000","3032","140","192.168.10.22","8081","10.0.0.2","46884","88","225369","38"
,"17.313369000","16.063349000","3033","140","192.168.10.22","8081","10.0.0.2","46884","88","225457","38"
,"17.313380000","16.063360000","3034","140","192.168.10.22","8081","10.0.0.2","46884","88","225545","38"
,"17.374676000","16.124656000","3035","52","10.0.0.2","46884","192.168.10.22","8081","0","38","221145"
,"17.375678000","16.125658000","3036","140","192.168.10.22","8081","10.0.0.2","46884","88","225633","38"
,"17.375720000","16.125700000","3037","140","192.168.10.22","8081","10.0.0.2","46884","88","225721","38"
,"17.375784000","16.125764000","3038","140","192.168.10.22","8081","10.0.0.2","46884","88","225809","38"
,"17.375800000","16.125780000","3039","140","192.168.10.22","8081","10.0.0.2","46884","88","225897","38"
,"17.375854000","16.125834000","3040","140","192.168.10.22","8081","10.0.0.2","46884","88","225985","38"
,"17.375867000","16.125847000","3041","140","192.168.10.22","8081","10.0.0.2","46884","88","226073","38"
,"17.375952000","16.125932000","3042","140","192.168.10.22","8081","10.0.0.2","46884","88","226161","38"
,"17.375967000","16.125947000","3043","140","192.168.10.22","8081","10.0.0.2","46884","88","226249","38"
,"17.376012000","16.125992000","3044","140","192.168.10.22","8081","10.0.0.2","46884","88","226337","38"
,"17.376027000","16.126007000","3045","140","192.168.10.22","8081","10.0.0.2","46884","88","226425","38"
,"17.437300000","16.187280000","3046","52","10.0.0.2","46884","192.168.10.22","8081","0","38","221497"
,"17.437328000","16.187308000","3047","52","10.0.0.2","46884","192.168.10.22","8081","0","38","222025"
,"17.438343000","16.188323000","3048","140","192.168.10.22","8081","10.0.0.2","46884","88","226513","38"
,"17.438385000","16.188365000","3049","140","192.168.10.22","8081","10.0.0.2","46884","88","226601","38"
,"17.438446000","16.188426000","3050","140","192.168.10.22","8081","10.0.0.2","46884","88","226689","38"
,"17.438462000","16.188442000","3051","140","192.168.10.22","8081","10.0.0.2","46884","88","226777","38"
,"17.438518000","16.188498000","3052","140","192.168.10.22","8081","10.0.0.2","46884","88","226865","38"
,"17.438532000","16.188512000","3053","140","192.168.10.22","8081","10.0.0.2","46884","88","226953","38"
,"17.438577000","16.188557000","3054","140","192.168.10.22","8081","10.0.0.2","46884","88","227041","38"
,"17.438588000","16.188568000","3055","140","192.168.10.22","8081","10.0.0.2","46884","88","227129","38"
,"17.438632000","16.188612000","3056","140","192.168.10.22","8081","10.0.0.2","46884","88","227217","38"
,"17.438645000","16.188625000","3057","140","192.168.10.22","8081","10.0.0.2","46884","88","227305","38"
,"17.499907000","16.249887000","3058","52","10.0.0.2","46884","192.168.10.22","8081","0","38","222817"
,"17.499947000","16.249927000","3059","52","10.0.0.2","46884","192.168.10.22","8081","0","38","222993"
,"17.500960000","16.250940000","3060","140","192.168.10.22","8081","10.0.0.2","46884","88","227393","38"
,"17.501004000","16.250984000","3061","140","192.168.10.22","8081","10.0.0.2","46884","88","227481","38"
,"17.501070000","16.251050000","3062","140","192.168.10.22","8081","10.0.0.2","46884","88","227569","38"
,"17.501084000","16.251064000","3063","140","192.168.10.22","8081","10.0.0.2","46884","88","227657","38"
,"17.501130000","16.251110000","3064","140","192.168.10.22","8081","10.0.0.2","46884","88","227745","38"
,"17.501142000","16.251122000","3065","140","192.168.10.22","8081","10.0.0.2","46884","88","227833","38"
,"17.501186000","16.251166000","3066","140","192.168.10.22","8081","10.0.0.2","46884","88","227921","38"
,"17.501198000","16.251178000","3067","140","192.168.10.22","8081","10.0.0.2","46884","88","228009","38"
,"17.501243000","16.251223000","3068","140","192.168.10.22","8081","10.0.0.2","46884","88","228097","38"
,"17.501256000","16.251236000","3069","140","192.168.10.22","8081","10.0.0.2","46884","88","228185","38"
,"17.501301000","16.251281000","3070","140","192.168.10.22","8081","10.0.0.2","46884","88","228273","38"
,"17.501315000","16.251295000","3071","140","192.168.10.22","8081","10.0.0.2","46884","88","228361","38"
,"17.562532000","16.312512000","3072","52","10.0.0.2","46884","192.168.10.22","8081","0","38","223873"
,"17.563562000","16.313542000","3073","140","192.168.10.22","8081","10.0.0.2","46884","88","228449","38"
,"17.563603000","16.313583000","3074","140","192.168.10.22","8081","10.0.0.2","46884","88","228537","38"
,"17.563668000","16.313648000","3075","140","192.168.10.22","8081","10.0.0.2","46884","88","228625","38"
,"17.563685000","16.313665000","3076","140","192.168.10.22","8081","10.0.0.2","46884","88","228713","38"
,"17.563739000","16.313719000","3077","140","192.168.10.22","8081","10.0.0.2","46884","88","228801","38"
,"17.563753000","16.313733000","3078","140","192.168.10.22","8081","10.0.0.2","46884","88","228889","38"
,"17.563798000","16.313778000","3079","140","192.168.10.22","8081","10.0.0.2","46884","88","228977","38"
,"17.563810000","16.313790000","3080","140","192.168.10.22","8081","10.0.0.2","46884","88","229065","38"
,"17.563855000","16.313835000","3081","140","192.168.10.22","8081","10.0.0.2","46884","88","229153","38"
,"17.563869000","16.313849000","3082","140","192.168.10.22","8081","10.0.0.2","46884","88","229241","38"
,"17.624230000","16.374210000","3083","52","10.0.0.2","46884","192.168.10.22","8081","0","38","224841"
,"17.625255000","16.375235000","3084","140","192.168.10.22","8081","10.0.0.2","46884","88","229329","38"
,"17.625296000","16.375276000","3085","140","192.168.10.22","8081","10.0.0.2","46884","88","229417","38"
,"17.625360000","16.375340000","3086","140","192.168.10.22","8081","10.0.0.2","46884","88","229505","38"
,"17.625375000","16.375355000","3087","140","192.168.10.22","8081","10.0.0.2","46884","88","229593","38"
,"17.625431000","16.375411000","3088","140","192.168.10.22","8081","10.0.0.2","46884","88","229681","38"
,"17.625443000","16.375423000","3089","140","192.168.10.22","8081","10.0.0.2","46884","88","229769","38"
,"17.625488000","16.375468000","3090","140","192.168.10.22","8081","10.0.0.2","46884","88","229857","38"
,"17.625500000","16.375480000","3091","140","192.168.10.22","8081","10.0.0.2","46884","88","229945","38"
,"17.625543000","16.375523000","3092","140","192.168.10.22","8081","10.0.0.2","46884","88","230033","38"
,"17.625557000","16.375537000","3093","140","192.168.10.22","8081","10.0.0.2","46884","88","230121","38"
,"17.687728000","16.437708000","3094","52","10.0.0.2","46884","192.168.10.22","8081","0","38","225633"
,"17.687757000","16.437737000","3095","52","10.0.0.2","46884","192.168.10.22","8081","0","38","225721"
,"17.688796000","16.438776000","3096","140","192.168.10.22","8081","10.0.0.2","46884","88","230209","38"
,"17.688838000","16.438818000","3097","140","192.168.10.22","8081","10.0.0.2","46884","88","230297","38"
,"17.688947000","16.438927000","3098","140","192.168.10.22","8081","10.0.0.2","46884","88","230385","38"
,"17.688965000","16.438945000","3099","140","192.168.10.22","8081","10.0.0.2","46884","88","230473","38"
,"17.689014000","16.438994000","3100","140","192.168.10.22","8081","10.0.0.2","46884","88","230561","38"
,"17.689025000","16.439005000","3101","140","192.168.10.22","8081","10.0.0.2","46884","88","230649","38"
,"17.689072000","16.439052000","3102","140","192.168.10.22","8081","10.0.0.2","46884","88","230737","38"
,"17.689086000","16.439066000","3103","140","192.168.10.22","8081","10.0.0.2","46884","88","230825","38"
,"17.689130000","16.439110000","3104","140","192.168.10.22","8081","10.0.0.2","46884","88","230913","38"
,"17.689144000","16.439124000","3105","140","192.168.10.22","8081","10.0.0.2","46884","88","231001","38"
,"17.750004000","16.499984000","3106","52","10.0.0.2","46884","192.168.10.22","8081","0","38","226601"
,"17.751002000","16.500982000","3107","140","192.168.10.22","8081","10.0.0.2","46884","88","231089","38"
,"17.751045000","16.501025000","3108","140","192.168.10.22","8081","10.0.0.2","46884","88","231177","38"
,"17.751107000","16.501087000","3109","140","192.168.10.22","8081","10.0.0.2","46884","88","231265","38"
,"17.751123000","16.501103000","3110","140","192.168.10.22","8081","10.0.0.2","46884","88","231353","38"
,"17.751174000","16.501154000","3111","140","192.168.10.22","8081","10.0.0.2","46884","88","231441","38"
,"17.751186000","16.501166000","3112","140","192.168.10.22","8081","10.0.0.2","46884","88","231529","38"
,"17.751232000","16.501212000","3113","140","192.168.10.22","8081","10.0.0.2","46884","88","231617","38"
,"17.751244000","16.501224000","3114","140","192.168.10.22","8081","10.0.0.2","46884","88","231705","38"
,"17.751289000","16.501269000","3115","140","192.168.10.22","8081","10.0.0.2","46884","88","231793","38"
,"17.751303000","16.501283000","3116","140","192.168.10.22","8081","10.0.0.2","46884","88","231881","38"
,"17.812262000","16.562242000","3117","52","10.0.0.2","46884","192.168.10.22","8081","0","38","227129"
,"17.812288000","16.562268000","3118","52","10.0.0.2","46884","192.168.10.22","8081","0","38","227569"
,"17.813170000","16.563150000","3119","140","192.168.10.22","8081","10.0.0.2","46884","88","231969","38"
,"17.813206000","16.563186000","3120","140","192.168.10.22","8081","10.0.0.2","46884","88","232057","38"
,"17.813257000","16.563237000","3121","140","192.168.10.22","8081","10.0.0.2","46884","88","232145","38"
,"17.813270000","16.563250000","3122","140","192.168.10.22","8081","10.0.0.2","46884","88","232233","38"
,"17.813315000","16.563295000","3123","140","192.168.10.22","8081","10.0.0.2","46884","88","232321","38"
,"17.813326000","16.563306000","3124","140","192.168.10.22","8081","10.0.0.2","46884","88","232409","38"
,"17.813371000","16.563351000","3125","140","192.168.10.22","8081","10.0.0.2","46884","88","232497","38"
,"17.813382000","16.563362000","3126","140","192.168.10.22","8081","10.0.0.2","46884","88","232585","38"
,"17.813426000","16.563406000","3127","140","192.168.10.22","8081","10.0.0.2","46884","88","232673","38"
,"17.813439000","16.563419000","3128","140","192.168.10.22","8081","10.0.0.2","46884","88","232761","38"
,"17.813484000","16.563464000","3129","140","192.168.10.22","8081","10.0.0.2","46884","88","232849","38"
,"17.813498000","16.563478000","3130","140","192.168.10.22","8081","10.0.0.2","46884","88","232937","38"
,"17.874281000","16.624261000","3131","52","10.0.0.2","46884","192.168.10.22","8081","0","38","228449"
,"17.875143000","16.625123000","3132","140","192.168.10.22","8081","10.0.0.2","46884","88","233025","38"
,"17.875180000","16.625160000","3133","140","192.168.10.22","8081","10.0.0.2","46884","88","233113","38"
,"17.875232000","16.625212000","3134","140","192.168.10.22","8081","10.0.0.2","46884","88","233201","38"
,"17.875244000","16.625224000","3135","140","192.168.10.22","8081","10.0.0.2","46884","88","233289","38"
,"17.875288000","16.625268000","3136","140","192.168.10.22","8081","10.0.0.2","46884","88","233377","38"
,"17.875299000","16.625279000","3137","140","192.168.10.22","8081","10.0.0.2","46884","88","233465","38"
,"17.875344000","16.625324000","3138","140","192.168.10.22","8081","10.0.0.2","46884","88","233553","38"
,"17.875355000","16.625335000","3139","140","192.168.10.22","8081","10.0.0.2","46884","88","233641","38"
,"17.875400000","16.625380000","3140","140","192.168.10.22","8081","10.0.0.2","46884","88","233729","38"
,"17.875413000","16.625393000","3141","140","192.168.10.22","8081","10.0.0.2","46884","88","233817","38"
,"17.937799000","16.687779000","3142","52","10.0.0.2","46884","192.168.10.22","8081","0","38","229417"
,"17.938812000","16.688792000","3143","140","192.168.10.22","8081","10.0.0.2","46884","88","233905","38"
,"17.938854000","16.688834000","3144","140","192.168.10.22","8081","10.0.0.2","46884","88","233993","38"
,"17.938960000","16.688940000","3145","140","192.168.10.22","8081","10.0.0.2","46884","88","234081","38"
,"17.938978000","16.688958000","3146","140","192.168.10.22","8081","10.0.0.2","46884","88","234169","38"
,"17.939025000","16.689005000","3147","140","192.168.10.22","8081","10.0.0.2","46884","88","234257","38"
,"17.939037000","16.689017000","3148","140","192.168.10.22","8081","10.0.0.2","46884","88","234345","38"
,"17.939081000","16.689061000","3149","140","192.168.10.22","8081","10.0.0.2","46884","88","234433","38"
,"17.939103000","16.689083000","3150","140","192.168.10.22","8081","10.0.0.2","46884","88","234521","38"
,"17.939148000","16.689128000","3151","140","192.168.10.22","8081","10.0.0.2","46884","88","234609","38"
,"17.939161000","16.689141000","3152","140","192.168.10.22","8081","10.0.0.2","46884","88","234697","38"
,"17.999682000","16.749662000","3153","52","10.0.0.2","46884","192.168.10.22","8081","0","38","230209"
,"17.999709000","16.749689000","3154","52","10.0.0.2","46884","192.168.10.22","8081","0","38","230297"
,"18.000689000","16.750669000","3155","140","192.168.10.22","8081","10.0.0.2","46884","88","234785","38"
,"18.000730000","16.750710000","3156","140","192.168.10.22","8081","10.0.0.2","46884","88","234873","38"
,"18.000794000","16.750774000","3157","140","192.168.10.22","8081","10.0.0.2","46884","88","234961","38"
,"18.000811000","16.750791000","3158","140","192.168.10.22","8081","10.0.0.2","46884","88","235049","38"
,"18.000865000","16.750845000","3159","140","192.168.10.22","8081","10.0.0.2","46884","88","235137","38"
,"18.000907000","16.750887000","3160","140","192.168.10.22","8081","10.0.0.2","46884","88","235225","38"
,"18.000956000","16.750936000","3161","140","192.168.10.22","8081","10.0.0.2","46884","88","235313","38"
,"18.000967000","16.750947000","3162","140","192.168.10.22","8081","10.0.0.2","46884","88","235401","38"
,"18.001011000","16.750991000","3163","140","192.168.10.22","8081","10.0.0.2","46884","88","235489","38"
,"18.001026000","16.751006000","3164","140","192.168.10.22","8081","10.0.0.2","46884","88","235577","38"
,"18.062179000","16.812159000","3165","52","10.0.0.2","46884","192.168.10.22","8081","0","38","231089"
,"18.062210000","16.812190000","3166","52","10.0.0.2","46884","192.168.10.22","8081","0","38","231265"
,"18.063215000","16.813195000","3167","140","192.168.10.22","8081","10.0.0.2","46884","88","235665","38"
,"18.063259000","16.813239000","3168","140","192.168.10.22","8081","10.0.0.2","46884","88","235753","38"
,"18.063327000","16.813307000","3169","140","192.168.10.22","8081","10.0.0.2","46884","88","235841","38"
,"18.063344000","16.813324000","3170","140","192.168.10.22","8081","10.0.0.2","46884","88","235929","38"
,"18.063397000","16.813377000","3171","140","192.168.10.22","8081","10.0.0.2","46884","88","236017","38"
,"18.063409000","16.813389000","3172","140","192.168.10.22","8081","10.0.0.2","46884","88","236105","38"
,"18.063453000","16.813433000","3173","140","192.168.10.22","8081","10.0.0.2","46884","88","236193","38"
,"18.063464000","16.813444000","3174","140","192.168.10.22","8081","10.0.0.2","46884","88","236281","38"
,"18.063508000","16.813488000","3175","140","192.168.10.22","8081","10.0.0.2","46884","88","236369","38"
,"18.063522000","16.813502000","3176","140","192.168.10.22","8081","10.0.0.2","46884","88","236457","38"
,"18.063566000","16.813546000","3177","140","192.168.10.22","8081","10.0.0.2","46884","88","236545","38"
,"18.063579000","16.813559000","3178","140","192.168.10.22","8081","10.0.0.2","46884","88","236633","38"
,"18.124856000","16.874836000","3179","52","10.0.0.2","46884","192.168.10.22","8081","0","38","232057"
,"18.124910000","16.874890000","3180","52","10.0.0.2","46884","192.168.10.22","8081","0","38","232145"
,"18.125899000","16.875879000","3181","140","192.168.10.22","8081","10.0.0.2","46884","88","236721","38"
,"18.125954000","16.875934000","3182","140","192.168.10.22","8081","10.0.0.2","46884","88","236809","38"
,"18.126022000","16.876002000","3183","140","192.168.10.22","8081","10.0.0.2","46884","88","236897","38"
,"18.126039000","16.876019000","3184","140","192.168.10.22","8081","10.0.0.2","46884","88","236985","38"
,"18.126086000","16.876066000","3185","140","192.168.10.22","8081","10.0.0.2","46884","88","237073","38"
,"18.126098000","16.876078000","3186","140","192.168.10.22","8081","10.0.0.2","46884","88","237161","38"
,"18.126143000","16.876123000","3187","140","192.168.10.22","8081","10.0.0.2","46884","88","237249","38"
,"18.126166000","16.876146000","3188","140","192.168.10.22","8081","10.0.0.2","46884","88","237337","38"
,"18.126211000","16.876191000","3189","140","192.168.10.22","8081","10.0.0.2","46884","88","237425","38"
,"18.126224000","16.876204000","3190","140","192.168.10.22","8081","10.0.0.2","46884","88","237513","38"
,"18.187553000","16.937533000","3191","52","10.0.0.2","46884","192.168.10.22","8081","0","38","232937"
,"18.187562000","16.937542000","3192","52","10.0.0.2","46884","192.168.10.22","8081","0","38","233113"
,"18.188334000","16.938314000","3193","140","192.168.10.22","8081","10.0.0.2","46884","88","237601","38"
,"18.188376000","16.938356000","3194","140","192.168.10.22","8081","10.0.0.2","46884","88","237689","38"
,"18.188430000","16.938410000","3195","140","192.168.10.22","8081","10.0.0.2","46884","88","237777","38"
,"18.188442000","16.938422000","3196","140","192.168.10.22","8081","10.0.0.2","46884","88","237865","38"
,"18.188487000","16.938467000","3197","140","192.168.10.22","8081","10.0.0.2","46884","88","237953","38"
,"18.188499000","16.938479000","3198","140","192.168.10.22","8081","10.0.0.2","46884","88","238041","38"
,"18.188544000","16.938524000","3199","140","192.168.10.22","8081","10.0.0.2","46884","88","238129","38"
,"18.188555000","16.938535000","3200","140","192.168.10.22","8081","10.0.0.2","46884","88","238217","38"
,"18.188599000","16.938579000","3201","140","192.168.10.22","8081","10.0.0.2","46884","88","238305","38"
,"18.188611000","16.938591000","3202","140","192.168.10.22","8081","10.0.0.2","46884","88","238393","38"
,"18.249201000","16.999181000","3203","52","10.0.0.2","46884","192.168.10.22","8081","0","38","233905"
,"18.249211000","16.999191000","3204","52","10.0.0.2","46884","192.168.10.22","8081","0","38","233993"
,"18.249958000","16.999938000","3205","140","192.168.10.22","8081","10.0.0.2","46884","88","238481","38"
,"18.249996000","16.999976000","3206","140","192.168.10.22","8081","10.0.0.2","46884","88","238569","38"
,"18.250045000","17.000025000","3207","140","192.168.10.22","8081","10.0.0.2","46884","88","238657","38"
,"18.250057000","17.000037000","3208","140","192.168.10.22","8081","10.0.0.2","46884","88","238745","38"
,"18.250102000","17.000082000","3209","140","192.168.10.22","8081","10.0.0.2","46884","88","238833","38"
,"18.250114000","17.000094000","3210","140","192.168.10.22","8081","10.0.0.2","46884","88","238921","38"
,"18.250159000","17.000139000","3211","140","192.168.10.22","8081","10.0.0.2","46884","88","239009","38"
,"18.250170000","17.000150000","3212","140","192.168.10.22","8081","10.0.0.2","46884","88","239097","38"
,"18.250215000","17.000195000","3213","140","192.168.10.22","8081","10.0.0.2","46884","88","239185","38"
,"18.250228000","17.000208000","3214","140","192.168.10.22","8081","10.0.0.2","46884","88","239273","38"
,"18.311971000","17.061951000","3215","52","10.0.0.2","46884","192.168.10.22","8081","0","38","234785"
,"18.311981000","17.061961000","3216","52","10.0.0.2","46884","192.168.10.22","8081","0","38","234873"
,"18.312687000","17.062667000","3217","140","192.168.10.22","8081","10.0.0.2","46884","88","239361","38"
,"18.312724000","17.062704000","3218","140","192.168.10.22","8081","10.0.0.2","46884","88","239449","38"
,"18.312776000","17.062756000","3219","140","192.168.10.22","8081","10.0.0.2","46884","88","239537","38"
,"18.312788000","17.062768000","3220","140","192.168.10.22","8081","10.0.0.2","46884","88","239625","38"
,"18.312834000","17.062814000","3221","140","192.168.10.22","8081","10.0.0.2","46884","88","239713","38"
,"18.312845000","17.062825000","3222","140","192.168.10.22","8081","10.0.0.2","46884","88","239801","38"
,"18.312917000","17.062897000","3223","140","192.168.10.22","8081","10.0.0.2","46884","88","239889","38"
,"18.312931000","17.062911000","3224","140","192.168.10.22","8081","10.0.0.2","46884","88","239977","38"
,"18.312976000","17.062956000","3225","140","192.168.10.22","8081","10.0.0.2","46884","88","240065","38"
,"18.312989000","17.062969000","3226","140","192.168.10.22","8081","10.0.0.2","46884","88","240153","38"
,"18.374295000","17.124275000","3227","52","10.0.0.2","46884","192.168.10.22","8081","0","38","235841"
,"18.375318000","17.125298000","3228","140","192.168.10.22","8081","10.0.0.2","46884","88","240241","38"
,"18.375359000","17.125339000","3229","140","192.168.10.22","8081","10.0.0.2","46884","88","240329","38"
,"18.375420000","17.125400000","3230","140","192.168.10.22","8081","10.0.0.2","46884","88","240417","38"
,"18.375437000","17.125417000","3231","140","192.168.10.22","8081","10.0.0.2","46884","88","240505","38"
,"18.375491000","17.125471000","3232","140","192.168.10.22","8081","10.0.0.2","46884","88","240593","38"
,"18.375504000","17.125484000","3233","140","192.168.10.22","8081","10.0.0.2","46884","88","240681","38"
,"18.375550000","17.125530000","3234","140","192.168.10.22","8081","10.0.0.2","46884","88","240769","38"
,"18.375561000","17.125541000","3235","140","192.168.10.22","8081","10.0.0.2","46884","88","240857","38"
,"18.375605000","17.125585000","3236","140","192.168.10.22","8081","10.0.0.2","46884","88","240945","38"
,"18.375619000","17.125599000","3237","140","192.168.10.22","8081","10.0.0.2","46884","88","241033","38"
,"18.375665000","17.125645000","3238","140","192.168.10.22","8081","10.0.0.2","46884","88","241121","38"
,"18.375679000","17.125659000","3239","140","192.168.10.22","8081","10.0.0.2","46884","88","241209","38"
,"18.437685000","17.187665000","3240","52","10.0.0.2","46884","192.168.10.22","8081","0","38","236633"
,"18.437694000","17.187674000","3241","52","10.0.0.2","46884","192.168.10.22","8081","0","38","236721"
,"18.438683000","17.188663000","3242","140","192.168.10.22","8081","10.0.0.2","46884","88","241297","38"
,"18.438727000","17.188707000","3243","140","192.168.10.22","8081","10.0.0.2","46884","88","241385","38"
,"18.438794000","17.188774000","3244","140","192.168.10.22","8081","10.0.0.2","46884","88","241473","38"
,"18.438810000","17.188790000","3245","140","192.168.10.22","8081","10.0.0.2","46884","88","241561","38"
,"18.438864000","17.188844000","3246","140","192.168.10.22","8081","10.0.0.2","46884","88","241649","38"
,"18.438897000","17.188877000","3247","140","192.168.10.22","8081","10.0.0.2","46884","88","241737","38"
,"18.438948000","17.188928000","3248","140","192.168.10.22","8081","10.0.0.2","46884","88","241825","38"
,"18.438960000","17.188940000","3249","140","192.168.10.22","8081","10.0.0.2","46884","88","241913","38"
,"18.439004000","17.188984000","3250","140","192.168.10.22","8081","10.0.0.2","46884","88","242001","38"
,"18.439018000","17.188998000","3251","140","192.168.10.22","8081","10.0.0.2","46884","88","242089","38"
,"18.499343000","17.249323000","3252","52","10.0.0.2","46884","192.168.10.22","8081","0","38","237249"
,"18.499351000","17.249331000","3253","52","10.0.0.2","46884","192.168.10.22","8081","0","38","237689"
,"18.500303000","17.250283000","3254","140","192.168.10.22","8081","10.0.0.2","46884","88","242177","38"
,"18.500344000","17.250324000","3255","140","192.168.10.22","8081","10.0.0.2","46884","88","242265","38"
,"18.500411000","17.250391000","3256","140","192.168.10.22","8081","10.0.0.2","46884","88","242353","38"
,"18.500428000","17.250408000","3257","140","192.168.10.22","8081","10.0.0.2","46884","88","242441","38"
,"18.500481000","17.250461000","3258","140","192.168.10.22","8081","10.0.0.2","46884","88","242529","38"
,"18.500494000","17.250474000","3259","140","192.168.10.22","8081","10.0.0.2","46884","88","242617","38"
,"18.500538000","17.250518000","3260","140","192.168.10.22","8081","10.0.0.2","46884","88","242705","38"
,"18.500550000","17.250530000","3261","140","192.168.10.22","8081","10.0.0.2","46884","88","242793","38"
,"18.500593000","17.250573000","3262","140","192.168.10.22","8081","10.0.0.2","46884","88","242881","38"
,"18.500608000","17.250588000","3263","140","192.168.10.22","8081","10.0.0.2","46884","88","242969","38"
,"18.562777000","17.312757000","3264","52","10.0.0.2","46884","192.168.10.22","8081","0","38","238569"
,"18.563778000","17.313758000","3265","140","192.168.10.22","8081","10.0.0.2","46884","88","243057","38"
,"18.563819000","17.313799000","3266","140","192.168.10.22","8081","10.0.0.2","46884","88","243145","38"
,"18.563921000","17.313901000","3267","140","192.168.10.22","8081","10.0.0.2","46884","88","243233","38"
,"18.563940000","17.313920000","3268","140","192.168.10.22","8081","10.0.0.2","46884","88","243321","38"
,"18.563990000","17.313970000","3269","140","192.168.10.22","8081","10.0.0.2","46884","88","243409","38"
,"18.564002000","17.313982000","3270","140","192.168.10.22","8081","10.0.0.2","46884","88","243497","38"
,"18.564046000","17.314026000","3271","140","192.168.10.22","8081","10.0.0.2","46884","88","243585","38"
,"18.564058000","17.314038000","3272","140","192.168.10.22","8081","10.0.0.2","46884","88","243673","38"
,"18.564102000","17.314082000","3273","140","192.168.10.22","8081","10.0.0.2","46884","88","243761","38"
,"18.564116000","17.314096000","3274","140","192.168.10.22","8081","10.0.0.2","46884","88","243849","38"
,"18.624099000","17.374079000","3275","52","10.0.0.2","46884","192.168.10.22","8081","0","38","239537"
,"18.625011000","17.374991000","3276","140","192.168.10.22","8081","10.0.0.2","46884","88","243937","38"
,"18.625050000","17.375030000","3277","140","192.168.10.22","8081","10.0.0.2","46884","88","244025","38"
,"18.625105000","17.375085000","3278","140","192.168.10.22","8081","10.0.0.2","46884","88","244113","38"
,"18.625118000","17.375098000","3279","140","192.168.10.22","8081","10.0.0.2","46884","88","244201","38"
,"18.625168000","17.375148000","3280","140","192.168.10.22","8081","10.0.0.2","46884","88","244289","38"
,"18.625181000","17.375161000","3281","140","192.168.10.22","8081","10.0.0.2","46884","88","244377","38"
,"18.625228000","17.375208000","3282","140","192.168.10.22","8081","10.0.0.2","46884","88","244465","38"
,"18.625239000","17.375219000","3283","140","192.168.10.22","8081","10.0.0.2","46884","88","244553","38"
,"18.625284000","17.375264000","3284","140","192.168.10.22","8081","10.0.0.2","46884","88","244641","38"
,"18.625297000","17.375277000","3285","140","192.168.10.22","8081","10.0.0.2","46884","88","244729","38"
,"18.625342000","17.375322000","3286","140","192.168.10.22","8081","10.0.0.2","46884","88","244817","38"
,"18.625355000","17.375335000","3287","140","192.168.10.22","8081","10.0.0.2","46884","88","244905","38"
,"18.687856000","17.437836000","3288","52","10.0.0.2","46884","192.168.10.22","8081","0","38","240417"
,"18.688829000","17.438809000","3289","140","192.168.10.22","8081","10.0.0.2","46884","88","244993","38"
,"18.688870000","17.438850000","3290","140","192.168.10.22","8081","10.0.0.2","46884","88","245081","38"
,"18.688975000","17.438955000","3291","140","192.168.10.22","8081","10.0.0.2","46884","88","245169","38"
,"18.688992000","17.438972000","3292","140","192.168.10.22","8081","10.0.0.2","46884","88","245257","38"
,"18.689040000","17.439020000","3293","140","192.168.10.22","8081","10.0.0.2","46884","88","245345","38"
,"18.689062000","17.439042000","3294","140","192.168.10.22","8081","10.0.0.2","46884","88","245433","38"
,"18.689107000","17.439087000","3295","140","192.168.10.22","8081","10.0.0.2","46884","88","245521","38"
,"18.689120000","17.439100000","3296","140","192.168.10.22","8081","10.0.0.2","46884","88","245609","38"
,"18.689165000","17.439145000","3297","140","192.168.10.22","8081","10.0.0.2","46884","88","245697","38"
,"18.689178000","17.439158000","3298","140","192.168.10.22","8081","10.0.0.2","46884","88","245785","38"
,"18.749662000","17.499642000","3299","52","10.0.0.2","46884","192.168.10.22","8081","0","38","241385"
,"18.750629000","17.500609000","3300","140","192.168.10.22","8081","10.0.0.2","46884","88","245873","38"
,"18.750672000","17.500652000","3301","140","192.168.10.22","8081","10.0.0.2","46884","88","245961","38"
,"18.750737000","17.500717000","3302","140","192.168.10.22","8081","10.0.0.2","46884","88","246049","38"
,"18.750753000","17.500733000","3303","140","192.168.10.22","8081","10.0.0.2","46884","88","246137","38"
,"18.750808000","17.500788000","3304","140","192.168.10.22","8081","10.0.0.2","46884","88","246225","38"
,"18.750820000","17.500800000","3305","140","192.168.10.22","8081","10.0.0.2","46884","88","246313","38"
,"18.750868000","17.500848000","3306","140","192.168.10.22","8081","10.0.0.2","46884","88","246401","38"
,"18.750909000","17.500889000","3307","140","192.168.10.22","8081","10.0.0.2","46884","88","246489","38"
,"18.750958000","17.500938000","3308","140","192.168.10.22","8081","10.0.0.2","46884","88","246577","38"
,"18.750972000","17.500952000","3309","140","192.168.10.22","8081","10.0.0.2","46884","88","246665","38"
,"18.811980000","17.561960000","3310","52","10.0.0.2","46884","192.168.10.22","8081","0","38","242089"
,"18.811990000","17.561970000","3311","52","10.0.0.2","46884","192.168.10.22","8081","0","38","242265"
,"18.812981000","17.562961000","3312","140","192.168.10.22","8081","10.0.0.2","46884","88","246753","38"
,"18.813026000","17.563006000","3313","140","192.168.10.22","8081","10.0.0.2","46884","88","246841","38"
,"18.813090000","17.563070000","3314","140","192.168.10.22","8081","10.0.0.2","46884","88","246929","38"
,"18.813104000","17.563084000","3315","140","192.168.10.22","8081","10.0.0.2","46884","88","247017","38"
,"18.813150000","17.563130000","3316","140","192.168.10.22","8081","10.0.0.2","46884","88","247105","38"
,"18.813162000","17.563142000","3317","140","192.168.10.22","8081","10.0.0.2","46884","88","247193","38"
,"18.813207000","17.563187000","3318","140","192.168.10.22","8081","10.0.0.2","46884","88","247281","38"
,"18.813219000","17.563199000","3319","140","192.168.10.22","8081","10.0.0.2","46884","88","247369","38"
,"18.813264000","17.563244000","3320","140","192.168.10.22","8081","10.0.0.2","46884","88","247457","38"
,"18.813286000","17.563266000","3321","140","192.168.10.22","8081","10.0.0.2","46884","88","247545","38"
,"18.874570000","17.624550000","3322","52","10.0.0.2","46884","192.168.10.22","8081","0","38","243057"
,"18.874596000","17.624576000","3323","52","10.0.0.2","46884","192.168.10.22","8081","0","38","243145"
,"18.875600000","17.625580000","3324","140","192.168.10.22","8081","10.0.0.2","46884","88","247633","38"
,"18.875643000","17.625623000","3325","140","192.168.10.22","8081","10.0.0.2","46884","88","247721","38"
,"18.875709000","17.625689000","3326","140","192.168.10.22","8081","10.0.0.2","46884","88","247809","38"
,"18.875725000","17.625705000","3327","140","192.168.10.22","8081","10.0.0.2","46884","88","247897","38"
,"18.875780000","17.625760000","3328","140","192.168.10.22","8081","10.0.0.2","46884","88","247985","38"
,"18.875794000","17.625774000","3329","140","192.168.10.22","8081","10.0.0.2","46884","88","248073","38"
,"18.875841000","17.625821000","3330","140","192.168.10.22","8081","10.0.0.2","46884","88","248161","38"
,"18.875852000","17.625832000","3331","140","192.168.10.22","8081","10.0.0.2","46884","88","248249","38"
,"18.875932000","17.625912000","3332","140","192.168.10.22","8081","10.0.0.2","46884","88","248337","38"
,"18.875950000","17.625930000","3333","140","192.168.10.22","8081","10.0.0.2","46884","88","248425","38"
,"18.937777000","17.687757000","3334","52","10.0.0.2","46884","192.168.10.22","8081","0","38","244113"
,"18.938782000","17.688762000","3335","140","192.168.10.22","8081","10.0.0.2","46884","88","248513","38"
,"18.938824000","17.688804000","3336","140","192.168.10.22","8081","10.0.0.2","46884","88","248601","38"
,"18.938928000","17.688908000","3337","140","192.168.10.22","8081","10.0.0.2","46884","88","248689","38"
,"18.938948000","17.688928000","3338","140","192.168.10.22","8081","10.0.0.2","46884","88","248777","38"
,"18.938998000","17.688978000","3339","140","192.168.10.22","8081","10.0.0.2","46884","88","248865","38"
,"18.939009000","17.688989000","3340","140","192.168.10.22","8081","10.0.0.2","46884","88","248953","38"
,"18.939054000","17.689034000","3341","140","192.168.10.22","8081","10.0.0.2","46884","88","249041","38"
,"18.939078000","17.689058000","3342","140","192.168.10.22","8081","10.0.0.2","46884","88","249129","38"
,"18.939122000","17.689102000","3343","140","192.168.10.22","8081","10.0.0.2","46884","88","249217","38"
,"18.939136000","17.689116000","3344","140","192.168.10.22","8081","10.0.0.2","46884","88","249305","38"
,"18.939181000","17.689161000","3345","140","192.168.10.22","8081","10.0.0.2","46884","88","249393","38"
,"18.939194000","17.689174000","3346","140","192.168.10.22","8081","10.0.0.2","46884","88","249481","38"
,"18.999796000","17.749776000","3347","52","10.0.0.2","46884","192.168.10.22","8081","0","38","244905"
,"18.999807000","17.749787000","3348","52","10.0.0.2","46884","192.168.10.22","8081","0","38","244993"
,"19.000810000","17.750790000","3349","140","192.168.10.22","8081","10.0.0.2","46884","88","249569","38"
,"19.000852000","17.750832000","3350","140","192.168.10.22","8081","10.0.0.2","46884","88","249657","38"
,"19.000956000","17.750936000","3351","140","192.168.10.22","8081","10.0.0.2","46884","88","249745","38"
,"19.000974000","17.750954000","3352","140","192.168.10.22","8081","10.0.0.2","46884","88","249833","38"
,"19.001021000","17.751001000","3353","140","192.168.10.22","8081","10.0.0.2","46884","88","249921","38"
,"19.001033000","17.751013000","3354","140","192.168.10.22","8081","10.0.0.2","46884","88","250009","38"
,"19.001078000","17.751058000","3355","140","192.168.10.22","8081","10.0.0.2","46884","88","250097","38"
,"19.001090000","17.751070000","3356","140","192.168.10.22","8081","10.0.0.2","46884","88","250185","38"
,"19.001134000","17.751114000","3357","140","192.168.10.22","8081","10.0.0.2","46884","88","250273","38"
,"19.001148000","17.751128000","3358","140","192.168.10.22","8081","10.0.0.2","46884","88","250361","38"
,"19.062362000","17.812342000","3359","52","10.0.0.2","46884","192.168.10.22","8081","0","38","245697"
,"19.062370000","17.812350000","3360","52","10.0.0.2","46884","192.168.10.22","8081","0","38","245961"
,"19.063349000","17.813329000","3361","140","192.168.10.22","8081","10.0.0.2","46884","88","250449","38"
,"19.063391000","17.813371000","3362","140","192.168.10.22","8081","10.0.0.2","46884","88","250537","38"
,"19.063455000","17.813435000","3363","140","192.168.10.22","8081","10.0.0.2","46884","88","250625","38"
,"19.063471000","17.813451000","3364","140","192.168.10.22","8081","10.0.0.2","46884","88","250713","38"
,"19.063526000","17.813506000","3365","140","192.168.10.22","8081","10.0.0.2","46884","88","250801","38"
,"19.063540000","17.813520000","3366","140","192.168.10.22","8081","10.0.0.2","46884","88","250889","38"
,"19.063585000","17.813565000","3367","140","192.168.10.22","8081","10.0.0.2","46884","88","250977","38"
,"19.063596000","17.813576000","3368","140","192.168.10.22","8081","10.0.0.2","46884","88","251065","38"
,"19.063640000","17.813620000","3369","140","192.168.10.22","8081","10.0.0.2","46884","88","251153","38"
,"19.063654000","17.813634000","3370","140","192.168.10.22","8081","10.0.0.2","46884","88","251241","38"
,"19.124459000","17.874439000","3371","52","10.0.0.2","46884","192.168.10.22","8081","0","38","246753"
,"19.124469000","17.874449000","3372","52","10.0.0.2","46884","192.168.10.22","8081","0","38","246841"
,"19.125319000","17.875299000","3373","140","192.168.10.22","8081","10.0.0.2","46884","88","251329","38"
,"19.125356000","17.875336000","3374","140","192.168.10.22","8081","10.0.0.2","46884","88","251417","38"
,"19.125406000","17.875386000","3375","140","192.168.10.22","8081","10.0.0.2","46884","88","251505","38"
,"19.125418000","17.875398000","3376","140","192.168.10.22","8081","10.0.0.2","46884","88","251593","38"
,"19.125463000","17.875443000","3377","140","192.168.10.22","8081","10.0.0.2","46884","88","251681","38"
,"19.125475000","17.875455000","3378","140","192.168.10.22","8081","10.0.0.2","46884","88","251769","38"
,"19.125520000","17.875500000","3379","140","192.168.10.22","8081","10.0.0.2","46884","88","251857","38"
,"19.125531000","17.875511000","3380","140","192.168.10.22","8081","10.0.0.2","46884","88","251945","38"
,"19.125575000","17.875555000","3381","140","192.168.10.22","8081","10.0.0.2","46884","88","252033","38"
,"19.125588000","17.875568000","3382","140","192.168.10.22","8081","10.0.0.2","46884","88","252121","38"
,"19.187864000","17.937844000","3383","52","10.0.0.2","46884","192.168.10.22","8081","0","38","247809"
,"19.188673000","17.938653000","3384","140","192.168.10.22","8081","10.0.0.2","46884","88","252209","38"
,"19.188683000","17.938663000","3385","140","192.168.10.22","8081","10.0.0.2","46884","88","252297","38"
,"19.188696000","17.938676000","3386","140","192.168.10.22","8081","10.0.0.2","46884","88","252385","38"
,"19.188699000","17.938679000","3387","140","192.168.10.22","8081","10.0.0.2","46884","88","252473","38"
,"19.188710000","17.938690000","3388","140","192.168.10.22","8081","10.0.0.2","46884","88","252561","38"
,"19.188712000","17.938692000","3389","140","192.168.10.22","8081","10.0.0.2","46884","88","252649","38"
,"19.188723000","17.938703000","3390","140","192.168.10.22","8081","10.0.0.2","46884","88","252737","38"
,"19.188726000","17.938706000","3391","140","192.168.10.22","8081","10.0.0.2","46884","88","252825","38"
,"19.188748000","17.938728000","3392","140","192.168.10.22","8081","10.0.0.2","46884","88","252913","38"
,"19.188753000","17.938733000","3393","140","192.168.10.22","8081","10.0.0.2","46884","88","253001","38"
,"19.188764000","17.938744000","3394","140","192.168.10.22","8081","10.0.0.2","46884","88","253089","38"
,"19.188767000","17.938747000","3395","140","192.168.10.22","8081","10.0.0.2","46884","88","253177","38"
,"19.249259000","17.999239000","3396","52","10.0.0.2","46884","192.168.10.22","8081","0","38","248249"
,"19.249286000","17.999266000","3397","52","10.0.0.2","46884","192.168.10.22","8081","0","38","248689"
,"19.250238000","18.000218000","3398","140","192.168.10.22","8081","10.0.0.2","46884","88","253265","38"
,"19.250279000","18.000259000","3399","140","192.168.10.22","8081","10.0.0.2","46884","88","253353","38"
,"19.250333000","18.000313000","3400","140","192.168.10.22","8081","10.0.0.2","46884","88","253441","38"
,"19.250345000","18.000325000","3401","140","192.168.10.22","8081","10.0.0.2","46884","88","253529","38"
,"19.250390000","18.000370000","3402","140","192.168.10.22","8081","10.0.0.2","46884","88","253617","38"
,"19.250401000","18.000381000","3403","140","192.168.10.22","8081","10.0.0.2","46884","88","253705","38"
,"19.250447000","18.000427000","3404","140","192.168.10.22","8081","10.0.0.2","46884","88","253793","38"
,"19.250459000","18.000439000","3405","140","192.168.10.22","8081","10.0.0.2","46884","88","253881","38"
,"19.250503000","18.000483000","3406","140","192.168.10.22","8081","10.0.0.2","46884","88","253969","38"
,"19.250516000","18.000496000","3407","140","192.168.10.22","8081","10.0.0.2","46884","88","254057","38"
,"19.312167000","18.062147000","3408","52","10.0.0.2","46884","192.168.10.22","8081","0","38","249481"
,"19.312177000","18.062157000","3409","52","10.0.0.2","46884","192.168.10.22","8081","0","38","249657"
,"19.313087000","18.063067000","3410","140","192.168.10.22","8081","10.0.0.2","46884","88","254145","38"
,"19.313127000","18.063107000","3411","140","192.168.10.22","8081","10.0.0.2","46884","88","254233","38"
,"19.313178000","18.063158000","3412","140","192.168.10.22","8081","10.0.0.2","46884","88","254321","38"
,"19.313190000","18.063170000","3413","140","192.168.10.22","8081","10.0.0.2","46884","88","254409","38"
,"19.313236000","18.063216000","3414","140","192.168.10.22","8081","10.0.0.2","46884","88","254497","38"
,"19.313247000","18.063227000","3415","140","192.168.10.22","8081","10.0.0.2","46884","88","254585","38"
,"19.313292000","18.063272000","3416","140","192.168.10.22","8081","10.0.0.2","46884","88","254673","38"
,"19.313304000","18.063284000","3417","140","192.168.10.22","8081","10.0.0.2","46884","88","254761","38"
,"19.313349000","18.063329000","3418","140","192.168.10.22","8081","10.0.0.2","46884","88","254849","38"
,"19.313363000","18.063343000","3419","140","192.168.10.22","8081","10.0.0.2","46884","88","254937","38"
,"19.374372000","18.124352000","3420","52","10.0.0.2","46884","192.168.10.22","8081","0","38","250449"
,"19.374398000","18.124378000","3421","52","10.0.0.2","46884","192.168.10.22","8081","0","38","250537"
,"19.375285000","18.125265000","3422","140","192.168.10.22","8081","10.0.0.2","46884","88","255025","38"
,"19.375322000","18.125302000","3423","140","192.168.10.22","8081","10.0.0.2","46884","88","255113","38"
,"19.375375000","18.125355000","3424","140","192.168.10.22","8081","10.0.0.2","46884","88","255201","38"
,"19.375387000","18.125367000","3425","140","192.168.10.22","8081","10.0.0.2","46884","88","255289","38"
,"19.375431000","18.125411000","3426","140","192.168.10.22","8081","10.0.0.2","46884","88","255377","38"
,"19.375442000","18.125422000","3427","140","192.168.10.22","8081","10.0.0.2","46884","88","255465","38"
,"19.375486000","18.125466000","3428","140","192.168.10.22","8081","10.0.0.2","46884","88","255553","38"
,"19.375498000","18.125478000","3429","140","192.168.10.22","8081","10.0.0.2","46884","88","255641","38"
,"19.375542000","18.125522000","3430","140","192.168.10.22","8081","10.0.0.2","46884","88","255729","38"
,"19.375555000","18.125535000","3431","140","192.168.10.22","8081","10.0.0.2","46884","88","255817","38"
,"19.437545000","18.187525000","3432","52","10.0.0.2","46884","192.168.10.22","8081","0","38","251329"
,"19.437555000","18.187535000","3433","52","10.0.0.2","46884","192.168.10.22","8081","0","38","251417"
,"19.438430000","18.188410000","3434","140","192.168.10.22","8081","10.0.0.2","46884","88","255905","38"
,"19.438467000","18.188447000","3435","140","192.168.10.22","8081","10.0.0.2","46884","88","255993","38"
,"19.438518000","18.188498000","3436","140","192.168.10.22","8081","10.0.0.2","46884","88","256081","38"
,"19.438530000","18.188510000","3437","140","192.168.10.22","8081","10.0.0.2","46884","88","256169","38"
,"19.438575000","18.188555000","3438","140","192.168.10.22","8081","10.0.0.2","46884","88","256257","38"
,"19.438587000","18.188567000","3439","140","192.168.10.22","8081","10.0.0.2","46884","88","256345","38"
,"19.438632000","18.188612000","3440","140","192.168.10.22","8081","10.0.0.2","46884","88","256433","38"
,"19.438644000","18.188624000","3441","140","192.168.10.22","8081","10.0.0.2","46884","88","256521","38"
,"19.438688000","18.188668000","3442","140","192.168.10.22","8081","10.0.0.2","46884","88","256609","38"
,"19.438701000","18.188681000","3443","140","192.168.10.22","8081","10.0.0.2","46884","88","256697","38"
,"19.499895000","18.249875000","3444","52","10.0.0.2","46884","192.168.10.22","8081","0","38","252121"
,"19.499910000","18.249890000","3445","52","10.0.0.2","46884","192.168.10.22","8081","0","38","252385"
,"19.500928000","18.250908000","3446","140","192.168.10.22","8081","10.0.0.2","46884","88","256785","38"
,"19.500976000","18.250956000","3447","140","192.168.10.22","8081","10.0.0.2","46884","88","256873","38"
,"19.501045000","18.251025000","3448","140","192.168.10.22","8081","10.0.0.2","46884","88","256961","38"
,"19.501062000","18.251042000","3449","140","192.168.10.22","8081","10.0.0.2","46884","88","257049","38"
,"19.501111000","18.251091000","3450","140","192.168.10.22","8081","10.0.0.2","46884","88","257137","38"
,"19.501123000","18.251103000","3451","140","192.168.10.22","8081","10.0.0.2","46884","88","257225","38"
,"19.501168000","18.251148000","3452","140","192.168.10.22","8081","10.0.0.2","46884","88","257313","38"
,"19.501179000","18.251159000","3453","140","192.168.10.22","8081","10.0.0.2","46884","88","257401","38"
,"19.501224000","18.251204000","3454","140","192.168.10.22","8081","10.0.0.2","46884","88","257489","38"
,"19.501237000","18.251217000","3455","140","192.168.10.22","8081","10.0.0.2","46884","88","257577","38"
,"19.501282000","18.251262000","3456","140","192.168.10.22","8081","10.0.0.2","46884","88","257665","38"
,"19.501296000","18.251276000","3457","140","192.168.10.22","8081","10.0.0.2","46884","88","257753","38"
,"19.562808000","18.312788000","3458","52","10.0.0.2","46884","192.168.10.22","8081","0","38","253265"
,"19.563808000","18.313788000","3459","140","192.168.10.22","8081","10.0.0.2","46884","88","257841","38"
,"19.563850000","18.313830000","3460","140","192.168.10.22","8081","10.0.0.2","46884","88","257929","38"
,"19.563958000","18.313938000","3461","140","192.168.10.22","8081","10.0.0.2","46884","88","258017","38"
,"19.563976000","18.313956000","3462","140","192.168.10.22","8081","10.0.0.2","46884","88","258105","38"
,"19.564024000","18.314004000","3463","140","192.168.10.22","8081","10.0.0.2","46884","88","258193","38"
,"19.564036000","18.314016000","3464","140","192.168.10.22","8081","10.0.0.2","46884","88","258281","38"
,"19.564081000","18.314061000","3465","140","192.168.10.22","8081","10.0.0.2","46884","88","258369","38"
,"19.564095000","18.314075000","3466","140","192.168.10.22","8081","10.0.0.2","46884","88","258457","38"
,"19.564140000","18.314120000","3467","140","192.168.10.22","8081","10.0.0.2","46884","88","258545","38"
,"19.564153000","18.314133000","3468","140","192.168.10.22","8081","10.0.0.2","46884","88","258633","38"
,"19.624148000","18.374128000","3469","52","10.0.0.2","46884","192.168.10.22","8081","0","38","253617"
,"19.624156000","18.374136000","3470","52","10.0.0.2","46884","192.168.10.22","8081","0","38","254233"
,"19.625165000","18.375145000","3471","140","192.168.10.22","8081","10.0.0.2","46884","88","258721","38"
,"19.625207000","18.375187000","3472","140","192.168.10.22","8081","10.0.0.2","46884","88","258809","38"
,"19.625269000","18.375249000","3473","140","192.168.10.22","8081","10.0.0.2","46884","88","258897","38"
,"19.625286000","18.375266000","3474","140","192.168.10.22","8081","10.0.0.2","46884","88","258985","38"
,"19.625340000","18.375320000","3475","140","192.168.10.22","8081","10.0.0.2","46884","88","259073","38"
,"19.625353000","18.375333000","3476","140","192.168.10.22","8081","10.0.0.2","46884","88","259161","38"
,"19.625397000","18.375377000","3477","140","192.168.10.22","8081","10.0.0.2","46884","88","259249","38"
,"19.625409000","18.375389000","3478","140","192.168.10.22","8081","10.0.0.2","46884","88","259337","38"
,"19.625453000","18.375433000","3479","140","192.168.10.22","8081","10.0.0.2","46884","88","259425","38"
,"19.625467000","18.375447000","3480","140","192.168.10.22","8081","10.0.0.2","46884","88","259513","38"
,"19.687436000","18.437416000","3481","52","10.0.0.2","46884","192.168.10.22","8081","0","38","255113"
,"19.688339000","18.438319000","3482","140","192.168.10.22","8081","10.0.0.2","46884","88","259601","38"
,"19.688377000","18.438357000","3483","140","192.168.10.22","8081","10.0.0.2","46884","88","259689","38"
,"19.688427000","18.438407000","3484","140","192.168.10.22","8081","10.0.0.2","46884","88","259777","38"
,"19.688439000","18.438419000","3485","140","192.168.10.22","8081","10.0.0.2","46884","88","259865","38"
,"19.688484000","18.438464000","3486","140","192.168.10.22","8081","10.0.0.2","46884","88","259953","38"
,"19.688495000","18.438475000","3487","140","192.168.10.22","8081","10.0.0.2","46884","88","260041","38"
,"19.688539000","18.438519000","3488","140","192.168.10.22","8081","10.0.0.2","46884","88","260129","38"
,"19.688551000","18.438531000","3489","140","192.168.10.22","8081","10.0.0.2","46884","88","260217","38"
,"19.688596000","18.438576000","3490","140","192.168.10.22","8081","10.0.0.2","46884","88","260305","38"
,"19.688610000","18.438590000","3491","140","192.168.10.22","8081","10.0.0.2","46884","88","260393","38"
,"19.749643000","18.499623000","3492","52","10.0.0.2","46884","192.168.10.22","8081","0","38","256081"
,"19.750521000","18.500501000","3493","140","192.168.10.22","8081","10.0.0.2","46884","88","260481","38"
,"19.750559000","18.500539000","3494","140","192.168.10.22","8081","10.0.0.2","46884","88","260569","38"
,"19.750618000","18.500598000","3495","140","192.168.10.22","8081","10.0.0.2","46884","88","260657","38"
,"19.750632000","18.500612000","3496","140","192.168.10.22","8081","10.0.0.2","46884","88","260745","38"
,"19.750681000","18.500661000","3497","140","192.168.10.22","8081","10.0.0.2","46884","88","260833","38"
,"19.750693000","18.500673000","3498","140","192.168.10.22","8081","10.0.0.2","46884","88","260921","38"
,"19.750742000","18.500722000","3499","140","192.168.10.22","8081","10.0.0.2","46884","88","261009","38"
,"19.750755000","18.500735000","3500","140","192.168.10.22","8081","10.0.0.2","46884","88","261097","38"
,"19.750800000","18.500780000","3501","140","192.168.10.22","8081","10.0.0.2","46884","88","261185","38"
,"19.750814000","18.500794000","3502","140","192.168.10.22","8081","10.0.0.2","46884","88","261273","38"
,"19.750859000","18.500839000","3503","140","192.168.10.22","8081","10.0.0.2","46884","88","261361","38"
,"19.750891000","18.500871000","3504","140","192.168.10.22","8081","10.0.0.2","46884","88","261449","38"
,"19.812779000","18.562759000","3505","52","10.0.0.2","46884","192.168.10.22","8081","0","38","256521"
,"19.812788000","18.562768000","3506","52","10.0.0.2","46884","192.168.10.22","8081","0","38","256961"
,"19.813795000","18.563775000","3507","140","192.168.10.22","8081","10.0.0.2","46884","88","261537","38"
,"19.813837000","18.563817000","3508","140","192.168.10.22","8081","10.0.0.2","46884","88","261625","38"
,"19.813935000","18.563915000","3509","140","192.168.10.22","8081","10.0.0.2","46884","88","261713","38"
,"19.813954000","18.563934000","3510","140","192.168.10.22","8081","10.0.0.2","46884","88","261801","38"
,"19.814002000","18.563982000","3511","140","192.168.10.22","8081","10.0.0.2","46884","88","261889","38"
,"19.814014000","18.563994000","3512","140","192.168.10.22","8081","10.0.0.2","46884","88","261977","38"
,"19.814060000","18.564040000","3513","140","192.168.10.22","8081","10.0.0.2","46884","88","262065","38"
,"19.814084000","18.564064000","3514","140","192.168.10.22","8081","10.0.0.2","46884","88","262153","38"
,"19.814130000","18.564110000","3515","140","192.168.10.22","8081","10.0.0.2","46884","88","262241","38"
,"19.814143000","18.564123000","3516","140","192.168.10.22","8081","10.0.0.2","46884","88","262329","38"
,"19.874219000","18.624199000","3517","52","10.0.0.2","46884","192.168.10.22","8081","0","38","257929"
,"19.875222000","18.625202000","3518","140","192.168.10.22","8081","10.0.0.2","46884","88","262417","38"
,"19.875264000","18.625244000","3519","140","192.168.10.22","8081","10.0.0.2","46884","88","262505","38"
,"19.875327000","18.625307000","3520","140","192.168.10.22","8081","10.0.0.2","46884","88","262593","38"
,"19.875343000","18.625323000","3521","140","192.168.10.22","8081","10.0.0.2","46884","88","262681","38"
,"19.875399000","18.625379000","3522","140","192.168.10.22","8081","10.0.0.2","46884","88","262769","38"
,"19.875412000","18.625392000","3523","140","192.168.10.22","8081","10.0.0.2","46884","88","262857","38"
,"19.875459000","18.625439000","3524","140","192.168.10.22","8081","10.0.0.2","46884","88","262945","38"
,"19.875470000","18.625450000","3525","140","192.168.10.22","8081","10.0.0.2","46884","88","263033","38"
,"19.875514000","18.625494000","3526","140","192.168.10.22","8081","10.0.0.2","46884","88","263121","38"
,"19.875528000","18.625508000","3527","140","192.168.10.22","8081","10.0.0.2","46884","88","263209","38"
,"19.937191000","18.687171000","3528","52","10.0.0.2","46884","192.168.10.22","8081","0","38","258633"
,"19.937202000","18.687182000","3529","52","10.0.0.2","46884","192.168.10.22","8081","0","38","258809"
,"19.938090000","18.688070000","3530","140","192.168.10.22","8081","10.0.0.2","46884","88","263297","38"
,"19.938131000","18.688111000","3531","140","192.168.10.22","8081","10.0.0.2","46884","88","263385","38"
,"19.938184000","18.688164000","3532","140","192.168.10.22","8081","10.0.0.2","46884","88","263473","38"
,"19.938196000","18.688176000","3533","140","192.168.10.22","8081","10.0.0.2","46884","88","263561","38"
,"19.938242000","18.688222000","3534","140","192.168.10.22","8081","10.0.0.2","46884","88","263649","38"
,"19.938254000","18.688234000","3535","140","192.168.10.22","8081","10.0.0.2","46884","88","263737","38"
,"19.938299000","18.688279000","3536","140","192.168.10.22","8081","10.0.0.2","46884","88","263825","38"
,"19.938311000","18.688291000","3537","140","192.168.10.22","8081","10.0.0.2","46884","88","263913","38"
,"19.938355000","18.688335000","3538","140","192.168.10.22","8081","10.0.0.2","46884","88","264001","38"
,"19.938370000","18.688350000","3539","140","192.168.10.22","8081","10.0.0.2","46884","88","264089","38"
,"19.999173000","18.749153000","3540","52","10.0.0.2","46884","192.168.10.22","8081","0","38","259601"
,"19.999182000","18.749162000","3541","52","10.0.0.2","46884","192.168.10.22","8081","0","38","259689"
,"20.000058000","18.750038000","3542","140","192.168.10.22","8081","10.0.0.2","46884","88","264177","38"
,"20.000095000","18.750075000","3543","140","192.168.10.22","8081","10.0.0.2","46884","88","264265","38"
,"20.000145000","18.750125000","3544","140","192.168.10.22","8081","10.0.0.2","46884","88","264353","38"
,"20.000158000","18.750138000","3545","140","192.168.10.22","8081","10.0.0.2","46884","88","264441","38"
,"20.000203000","18.750183000","3546","140","192.168.10.22","8081","10.0.0.2","46884","88","264529","38"
,"20.000215000","18.750195000","3547","140","192.168.10.22","8081","10.0.0.2","46884","88","264617","38"
,"20.000259000","18.750239000","3548","140","192.168.10.22","8081","10.0.0.2","46884","88","264705","38"
,"20.000271000","18.750251000","3549","140","192.168.10.22","8081","10.0.0.2","46884","88","264793","38"
,"20.000315000","18.750295000","3550","140","192.168.10.22","8081","10.0.0.2","46884","88","264881","38"
,"20.000329000","18.750309000","3551","140","192.168.10.22","8081","10.0.0.2","46884","88","264969","38"
,"20.062419000","18.812399000","3552","52","10.0.0.2","46884","192.168.10.22","8081","0","38","260657"
,"20.063438000","18.813418000","3553","140","192.168.10.22","8081","10.0.0.2","46884","88","265057","38"
,"20.063480000","18.813460000","3554","140","192.168.10.22","8081","10.0.0.2","46884","88","265145","38"
,"20.063545000","18.813525000","3555","140","192.168.10.22","8081","10.0.0.2","46884","88","265233","38"
,"20.063561000","18.813541000","3556","140","192.168.10.22","8081","10.0.0.2","46884","88","265321","38"
,"20.063618000","18.813598000","3557","140","192.168.10.22","8081","10.0.0.2","46884","88","265409","38"
,"20.063631000","18.813611000","3558","140","192.168.10.22","8081","10.0.0.2","46884","88","265497","38"
,"20.063678000","18.813658000","3559","140","192.168.10.22","8081","10.0.0.2","46884","88","265585","38"
,"20.063689000","18.813669000","3560","140","192.168.10.22","8081","10.0.0.2","46884","88","265673","38"
,"20.063733000","18.813713000","3561","140","192.168.10.22","8081","10.0.0.2","46884","88","265761","38"
,"20.063747000","18.813727000","3562","140","192.168.10.22","8081","10.0.0.2","46884","88","265849","38"
,"20.063792000","18.813772000","3563","140","192.168.10.22","8081","10.0.0.2","46884","88","265937","38"
,"20.063805000","18.813785000","3564","140","192.168.10.22","8081","10.0.0.2","46884","88","266025","38"
,"20.124095000","18.874075000","3565","52","10.0.0.2","46884","192.168.10.22","8081","0","38","261449"
,"20.124102000","18.874082000","3566","52","10.0.0.2","46884","192.168.10.22","8081","0","38","261537"
,"20.124973000","18.874953000","3567","140","192.168.10.22","8081","10.0.0.2","46884","88","266113","38"
,"20.125009000","18.874989000","3568","140","192.168.10.22","8081","10.0.0.2","46884","88","266201","38"
,"20.125060000","18.875040000","3569","140","192.168.10.22","8081","10.0.0.2","46884","88","266289","38"
,"20.125072000","18.875052000","3570","140","192.168.10.22","8081","10.0.0.2","46884","88","266377","38"
,"20.125118000","18.875098000","3571","140","192.168.10.22","8081","10.0.0.2","46884","88","266465","38"
,"20.125129000","18.875109000","3572","140","192.168.10.22","8081","10.0.0.2","46884","88","266553","38"
,"20.125175000","18.875155000","3573","140","192.168.10.22","8081","10.0.0.2","46884","88","266641","38"
,"20.125187000","18.875167000","3574","140","192.168.10.22","8081","10.0.0.2","46884","88","266729","38"
,"20.125231000","18.875211000","3575","140","192.168.10.22","8081","10.0.0.2","46884","88","266817","38"
,"20.125244000","18.875224000","3576","140","192.168.10.22","8081","10.0.0.2","46884","88","266905","38"
,"20.187155000","18.937135000","3577","52","10.0.0.2","46884","192.168.10.22","8081","0","38","262329"
,"20.187165000","18.937145000","3578","52","10.0.0.2","46884","192.168.10.22","8081","0","38","262505"
,"20.187957000","18.937937000","3579","140","192.168.10.22","8081","10.0.0.2","46884","88","266993","38"
,"20.187994000","18.937974000","3580","140","192.168.10.22","8081","10.0.0.2","46884","88","267081","38"
,"20.188045000","18.938025000","3581","140","192.168.10.22","8081","10.0.0.2","46884","88","267169","38"
,"20.188058000","18.938038000","3582","140","192.168.10.22","8081","10.0.0.2","46884","88","267257","38"
,"20.188102000","18.938082000","3583","140","192.168.10.22","8081","10.0.0.2","46884","88","267345","38"
,"20.188114000","18.938094000","3584","140","192.168.10.22","8081","10.0.0.2","46884","88","267433","38"
,"20.188160000","18.938140000","3585","140","192.168.10.22","8081","10.0.0.2","46884","88","267521","38"
,"20.188171000","18.938151000","3586","140","192.168.10.22","8081","10.0.0.2","46884","88","267609","38"
,"20.188216000","18.938196000","3587","140","192.168.10.22","8081","10.0.0.2","46884","88","267697","38"
,"20.188229000","18.938209000","3588","140","192.168.10.22","8081","10.0.0.2","46884","88","267785","38"
,"20.249176000","18.999156000","3589","52","10.0.0.2","46884","192.168.10.22","8081","0","38","262945"
,"20.249201000","18.999181000","3590","52","10.0.0.2","46884","192.168.10.22","8081","0","38","263385"
,"20.250065000","19.000045000","3591","140","192.168.10.22","8081","10.0.0.2","46884","88","267873","38"
,"20.250103000","19.000083000","3592","140","192.168.10.22","8081","10.0.0.2","46884","88","267961","38"
,"20.250152000","19.000132000","3593","140","192.168.10.22","8081","10.0.0.2","46884","88","268049","38"
,"20.250164000","19.000144000","3594","140","192.168.10.22","8081","10.0.0.2","46884","88","268137","38"
,"20.250209000","19.000189000","3595","140","192.168.10.22","8081","10.0.0.2","46884","88","268225","38"
,"20.250221000","19.000201000","3596","140","192.168.10.22","8081","10.0.0.2","46884","88","268313","38"
,"20.250265000","19.000245000","3597","140","192.168.10.22","8081","10.0.0.2","46884","88","268401","38"
,"20.250276000","19.000256000","3598","140","192.168.10.22","8081","10.0.0.2","46884","88","268489","38"
,"20.250321000","19.000301000","3599","140","192.168.10.22","8081","10.0.0.2","46884","88","268577","38"
,"20.250334000","19.000314000","3600","140","192.168.10.22","8081","10.0.0.2","46884","88","268665","38"
,"20.312568000","19.062548000","3601","52","10.0.0.2","46884","192.168.10.22","8081","0","38","263825"
,"20.312577000","19.062557000","3602","52","10.0.0.2","46884","192.168.10.22","8081","0","38","264353"
,"20.313548000","19.063528000","3603","140","192.168.10.22","8081","10.0.0.2","46884","88","268753","38"
,"20.313590000","19.063570000","3604","140","192.168.10.22","8081","10.0.0.2","46884","88","268841","38"
,"20.313654000","19.063634000","3605","140","192.168.10.22","8081","10.0.0.2","46884","88","268929","38"
,"20.313671000","19.063651000","3606","140","192.168.10.22","8081","10.0.0.2","46884","88","269017","38"
,"20.313725000","19.063705000","3607","140","192.168.10.22","8081","10.0.0.2","46884","88","269105","38"
,"20.313738000","19.063718000","3608","140","192.168.10.22","8081","10.0.0.2","46884","88","269193","38"
,"20.313784000","19.063764000","3609","140","192.168.10.22","8081","10.0.0.2","46884","88","269281","38"
,"20.313795000","19.063775000","3610","140","192.168.10.22","8081","10.0.0.2","46884","88","269369","38"
,"20.313840000","19.063820000","3611","140","192.168.10.22","8081","10.0.0.2","46884","88","269457","38"
,"20.313854000","19.063834000","3612","140","192.168.10.22","8081","10.0.0.2","46884","88","269545","38"
,"20.313931000","19.063911000","3613","140","192.168.10.22","8081","10.0.0.2","46884","88","269633","38"
,"20.313948000","19.063928000","3614","140","192.168.10.22","8081","10.0.0.2","46884","88","269721","38"
,"20.374774000","19.124754000","3615","52","10.0.0.2","46884","192.168.10.22","8081","0","38","265233"
,"20.375770000","19.125750000","3616","140","192.168.10.22","8081","10.0.0.2","46884","88","269809","38"
,"20.375813000","19.125793000","3617","140","192.168.10.22","8081","10.0.0.2","46884","88","269897","38"
,"20.375900000","19.125880000","3618","140","192.168.10.22","8081","10.0.0.2","46884","88","269985","38"
,"20.375920000","19.125900000","3619","140","192.168.10.22","8081","10.0.0.2","46884","88","270073","38"
,"20.375972000","19.125952000","3620","140","192.168.10.22","8081","10.0.0.2","46884","88","270161","38"
,"20.375984000","19.125964000","3621","140","192.168.10.22","8081","10.0.0.2","46884","88","270249","38"
,"20.376029000","19.126009000","3622","140","192.168.10.22","8081","10.0.0.2","46884","88","270337","38"
,"20.376040000","19.126020000","3623","140","192.168.10.22","8081","10.0.0.2","46884","88","270425","38"
,"20.376084000","19.126064000","3624","140","192.168.10.22","8081","10.0.0.2","46884","88","270513","38"
,"20.376098000","19.126078000","3625","140","192.168.10.22","8081","10.0.0.2","46884","88","270601","38"
,"20.437736000","19.187716000","3626","52","10.0.0.2","46884","192.168.10.22","8081","0","38","266025"
,"20.437746000","19.187726000","3627","52","10.0.0.2","46884","192.168.10.22","8081","0","38","266201"
,"20.438733000","19.188713000","3628","140","192.168.10.22","8081","10.0.0.2","46884","88","270689","38"
,"20.438775000","19.188755000","3629","140","192.168.10.22","8081","10.0.0.2","46884","88","270777","38"
,"20.438837000","19.188817000","3630","140","192.168.10.22","8081","10.0.0.2","46884","88","270865","38"
,"20.438853000","19.188833000","3631","140","192.168.10.22","8081","10.0.0.2","46884","88","270953","38"
,"20.438943000","19.188923000","3632","140","192.168.10.22","8081","10.0.0.2","46884","88","271041","38"
,"20.438958000","19.188938000","3633","140","192.168.10.22","8081","10.0.0.2","46884","88","271129","38"
,"20.439004000","19.188984000","3634","140","192.168.10.22","8081","10.0.0.2","46884","88","271217","38"
,"20.439015000","19.188995000","3635","140","192.168.10.22","8081","10.0.0.2","46884","88","271305","38"
,"20.439059000","19.189039000","3636","140","192.168.10.22","8081","10.0.0.2","46884","88","271393","38"
,"20.439073000","19.189053000","3637","140","192.168.10.22","8081","10.0.0.2","46884","88","271481","38"
,"20.499008000","19.248988000","3638","52","10.0.0.2","46884","192.168.10.22","8081","0","38","266993"
,"20.499018000","19.248998000","3639","52","10.0.0.2","46884","192.168.10.22","8081","0","38","267081"
,"20.499919000","19.249899000","3640","140","192.168.10.22","8081","10.0.0.2","46884","88","271569","38"
,"20.499957000","19.249937000","3641","140","192.168.10.22","8081","10.0.0.2","46884","88","271657","38"
,"20.500009000","19.249989000","3642","140","192.168.10.22","8081","10.0.0.2","46884","88","271745","38"
,"20.500021000","19.250001000","3643","140","192.168.10.22","8081","10.0.0.2","46884","88","271833","38"
,"20.500066000","19.250046000","3644","140","192.168.10.22","8081","10.0.0.2","46884","88","271921","38"
,"20.500077000","19.250057000","3645","140","192.168.10.22","8081","10.0.0.2","46884","88","272009","38"
,"20.500122000","19.250102000","3646","140","192.168.10.22","8081","10.0.0.2","46884","88","272097","38"
,"20.500134000","19.250114000","3647","140","192.168.10.22","8081","10.0.0.2","46884","88","272185","38"
,"20.500178000","19.250158000","3648","140","192.168.10.22","8081","10.0.0.2","46884","88","272273","38"
,"20.500192000","19.250172000","3649","140","192.168.10.22","8081","10.0.0.2","46884","88","272361","38"
,"20.562172000","19.312152000","3650","52","10.0.0.2","46884","192.168.10.22","8081","0","38","267961"
,"20.563044000","19.313024000","3651","140","192.168.10.22","8081","10.0.0.2","46884","88","272449","38"
,"20.563081000","19.313061000","3652","140","192.168.10.22","8081","10.0.0.2","46884","88","272537","38"
,"20.563131000","19.313111000","3653","140","192.168.10.22","8081","10.0.0.2","46884","88","272625","38"
,"20.563144000","19.313124000","3654","140","192.168.10.22","8081","10.0.0.2","46884","88","272713","38"
,"20.563191000","19.313171000","3655","140","192.168.10.22","8081","10.0.0.2","46884","88","272801","38"
,"20.563203000","19.313183000","3656","140","192.168.10.22","8081","10.0.0.2","46884","88","272889","38"
,"20.563248000","19.313228000","3657","140","192.168.10.22","8081","10.0.0.2","46884","88","272977","38"
,"20.563260000","19.313240000","3658","140","192.168.10.22","8081","10.0.0.2","46884","88","273065","38"
,"20.563304000","19.313284000","3659","140","192.168.10.22","8081","10.0.0.2","46884","88","273153","38"
,"20.563318000","19.313298000","3660","140","192.168.10.22","8081","10.0.0.2","46884","88","273241","38"
,"20.624343000","19.374323000","3661","52","10.0.0.2","46884","192.168.10.22","8081","0","38","268929"
,"20.625198000","19.375178000","3662","140","192.168.10.22","8081","10.0.0.2","46884","88","273329","38"
,"20.625235000","19.375215000","3663","140","192.168.10.22","8081","10.0.0.2","46884","88","273417","38"
,"20.625286000","19.375266000","3664","140","192.168.10.22","8081","10.0.0.2","46884","88","273505","38"
,"20.625298000","19.375278000","3665","140","192.168.10.22","8081","10.0.0.2","46884","88","273593","38"
,"20.625343000","19.375323000","3666","140","192.168.10.22","8081","10.0.0.2","46884","88","273681","38"
,"20.625354000","19.375334000","3667","140","192.168.10.22","8081","10.0.0.2","46884","88","273769","38"
,"20.625400000","19.375380000","3668","140","192.168.10.22","8081","10.0.0.2","46884","88","273857","38"
,"20.625412000","19.375392000","3669","140","192.168.10.22","8081","10.0.0.2","46884","88","273945","38"
,"20.625456000","19.375436000","3670","140","192.168.10.22","8081","10.0.0.2","46884","88","274033","38"
,"20.625470000","19.375450000","3671","140","192.168.10.22","8081","10.0.0.2","46884","88","274121","38"
,"20.625516000","19.375496000","3672","140","192.168.10.22","8081","10.0.0.2","46884","88","274209","38"
,"20.625528000","19.375508000","3673","140","192.168.10.22","8081","10.0.0.2","46884","88","274297","38"
,"20.687437000","19.437417000","3674","52","10.0.0.2","46884","192.168.10.22","8081","0","38","269809"
,"20.688388000","19.438368000","3675","140","192.168.10.22","8081","10.0.0.2","46884","88","274385","38"
,"20.688425000","19.438405000","3676","140","192.168.10.22","8081","10.0.0.2","46884","88","274473","38"
,"20.688474000","19.438454000","3677","140","192.168.10.22","8081","10.0.0.2","46884","88","274561","38"
,"20.688486000","19.438466000","3678","140","192.168.10.22","8081","10.0.0.2","46884","88","274649","38"
,"20.688530000","19.438510000","3679","140","192.168.10.22","8081","10.0.0.2","46884","88","274737","38"
,"20.688542000","19.438522000","3680","140","192.168.10.22","8081","10.0.0.2","46884","88","274825","38"
,"20.688587000","19.438567000","3681","140","192.168.10.22","8081","10.0.0.2","46884","88","274913","38"
,"20.688600000","19.438580000","3682","140","192.168.10.22","8081","10.0.0.2","46884","88","275001","38"
,"20.688644000","19.438624000","3683","140","192.168.10.22","8081","10.0.0.2","46884","88","275089","38"
,"20.688658000","19.438638000","3684","140","192.168.10.22","8081","10.0.0.2","46884","88","275177","38"
,"20.749800000","19.499780000","3685","52","10.0.0.2","46884","192.168.10.22","8081","0","38","270777"
,"20.750798000","19.500778000","3686","140","192.168.10.22","8081","10.0.0.2","46884","88","275265","38"
,"20.750840000","19.500820000","3687","140","192.168.10.22","8081","10.0.0.2","46884","88","275353","38"
,"20.750950000","19.500930000","3688","140","192.168.10.22","8081","10.0.0.2","46884","88","275441","38"
,"20.750969000","19.500949000","3689","140","192.168.10.22","8081","10.0.0.2","46884","88","275529","38"
,"20.751017000","19.500997000","3690","140","192.168.10.22","8081","10.0.0.2","46884","88","275617","38"
,"20.751029000","19.501009000","3691","140","192.168.10.22","8081","10.0.0.2","46884","88","275705","38"
,"20.751073000","19.501053000","3692","140","192.168.10.22","8081","10.0.0.2","46884","88","275793","38"
,"20.751087000","19.501067000","3693","140","192.168.10.22","8081","10.0.0.2","46884","88","275881","38"
,"20.751133000","19.501113000","3694","140","192.168.10.22","8081","10.0.0.2","46884","88","275969","38"
,"20.751147000","19.501127000","3695","140","192.168.10.22","8081","10.0.0.2","46884","88","276057","38"
,"20.811970000","19.561950000","3696","52","10.0.0.2","46884","192.168.10.22","8081","0","38","271569"
,"20.811978000","19.561958000","3697","52","10.0.0.2","46884","192.168.10.22","8081","0","38","271657"
,"20.812834000","19.562814000","3698","140","192.168.10.22","8081","10.0.0.2","46884","88","276145","38"
,"20.812871000","19.562851000","3699","140","192.168.10.22","8081","10.0.0.2","46884","88","276233","38"
,"20.812962000","19.562942000","3700","140","192.168.10.22","8081","10.0.0.2","46884","88","276321","38"
,"20.812976000","19.562956000","3701","140","192.168.10.22","8081","10.0.0.2","46884","88","276409","38"
,"20.813021000","19.563001000","3702","140","192.168.10.22","8081","10.0.0.2","46884","88","276497","38"
,"20.813035000","19.563015000","3703","140","192.168.10.22","8081","10.0.0.2","46884","88","276585","38"
,"20.813080000","19.563060000","3704","140","192.168.10.22","8081","10.0.0.2","46884","88","276673","38"
,"20.813094000","19.563074000","3705","140","192.168.10.22","8081","10.0.0.2","46884","88","276761","38"
,"20.813139000","19.563119000","3706","140","192.168.10.22","8081","10.0.0.2","46884","88","276849","38"
,"20.813151000","19.563131000","3707","140","192.168.10.22","8081","10.0.0.2","46884","88","276937","38"
,"20.874396000","19.624376000","3708","52","10.0.0.2","46884","192.168.10.22","8081","0","38","272273"
,"20.874422000","19.624402000","3709","52","10.0.0.2","46884","192.168.10.22","8081","0","38","272625"
,"20.875461000","19.625441000","3710","140","192.168.10.22","8081","10.0.0.2","46884","88","277025","38"
,"20.875503000","19.625483000","3711","140","192.168.10.22","8081","10.0.0.2","46884","88","277113","38"
,"20.875569000","19.625549000","3712","140","192.168.10.22","8081","10.0.0.2","46884","88","277201","38"
,"20.875585000","19.625565000","3713","140","192.168.10.22","8081","10.0.0.2","46884","88","277289","38"
,"20.875639000","19.625619000","3714","140","192.168.10.22","8081","10.0.0.2","46884","88","277377","38"
,"20.875652000","19.625632000","3715","140","192.168.10.22","8081","10.0.0.2","46884","88","277465","38"
,"20.875698000","19.625678000","3716","140","192.168.10.22","8081","10.0.0.2","46884","88","277553","38"
,"20.875710000","19.625690000","3717","140","192.168.10.22","8081","10.0.0.2","46884","88","277641","38"
,"20.875754000","19.625734000","3718","140","192.168.10.22","8081","10.0.0.2","46884","88","277729","38"
,"20.875768000","19.625748000","3719","140","192.168.10.22","8081","10.0.0.2","46884","88","277817","38"
,"20.875812000","19.625792000","3720","140","192.168.10.22","8081","10.0.0.2","46884","88","277905","38"
,"20.875826000","19.625806000","3721","140","192.168.10.22","8081","10.0.0.2","46884","88","277993","38"
,"20.937769000","19.687749000","3722","52","10.0.0.2","46884","192.168.10.22","8081","0","38","273417"
,"20.937778000","19.687758000","3723","52","10.0.0.2","46884","192.168.10.22","8081","0","38","273505"
,"20.938778000","19.688758000","3724","140","192.168.10.22","8081","10.0.0.2","46884","88","278081","38"
,"20.938821000","19.688801000","3725","140","192.168.10.22","8081","10.0.0.2","46884","88","278169","38"
,"20.938921000","19.688901000","3726","140","192.168.10.22","8081","10.0.0.2","46884","88","278257","38"
,"20.938942000","19.688922000","3727","140","192.168.10.22","8081","10.0.0.2","46884","88","278345","38"
,"20.938991000","19.688971000","3728","140","192.168.10.22","8081","10.0.0.2","46884","88","278433","38"
,"20.939002000","19.688982000","3729","140","192.168.10.22","8081","10.0.0.2","46884","88","278521","38"
,"20.939047000","19.689027000","3730","140","192.168.10.22","8081","10.0.0.2","46884","88","278609","38"
,"20.939060000","19.689040000","3731","140","192.168.10.22","8081","10.0.0.2","46884","88","278697","38"
,"20.939105000","19.689085000","3732","140","192.168.10.22","8081","10.0.0.2","46884","88","278785","38"
,"20.939119000","19.689099000","3733","140","192.168.10.22","8081","10.0.0.2","46884","88","278873","38"
,"20.999460000","19.749440000","3734","52","10.0.0.2","46884","192.168.10.22","8081","0","38","274297"
,"20.999468000","19.749448000","3735","52","10.0.0.2","46884","192.168.10.22","8081","0","38","274473"
,"21.000438000","19.750418000","3736","140","192.168.10.22","8081","10.0.0.2","46884","88","278961","38"
,"21.000479000","19.750459000","3737","140","192.168.10.22","8081","10.0.0.2","46884","88","279049","38"
,"21.000542000","19.750522000","3738","140","192.168.10.22","8081","10.0.0.2","46884","88","279137","38"
,"21.000558000","19.750538000","3739","140","192.168.10.22","8081","10.0.0.2","46884","88","279225","38"
,"21.000614000","19.750594000","3740","140","192.168.10.22","8081","10.0.0.2","46884","88","279313","38"
,"21.000627000","19.750607000","3741","140","192.168.10.22","8081","10.0.0.2","46884","88","279401","38"
,"21.000672000","19.750652000","3742","140","192.168.10.22","8081","10.0.0.2","46884","88","279489","38"
,"21.000683000","19.750663000","3743","140","192.168.10.22","8081","10.0.0.2","46884","88","279577","38"
,"21.000728000","19.750708000","3744","140","192.168.10.22","8081","10.0.0.2","46884","88","279665","38"
,"21.000742000","19.750722000","3745","140","192.168.10.22","8081","10.0.0.2","46884","88","279753","38"
,"21.062945000","19.812925000","3746","52","10.0.0.2","46884","192.168.10.22","8081","0","38","275353"
,"21.063965000","19.813945000","3747","140","192.168.10.22","8081","10.0.0.2","46884","88","279841","38"
,"21.064008000","19.813988000","3748","140","192.168.10.22","8081","10.0.0.2","46884","88","279929","38"
,"21.064073000","19.814053000","3749","140","192.168.10.22","8081","10.0.0.2","46884","88","280017","38"
,"21.064090000","19.814070000","3750","140","192.168.10.22","8081","10.0.0.2","46884","88","280105","38"
,"21.064139000","19.814119000","3751","140","192.168.10.22","8081","10.0.0.2","46884","88","280193","38"
,"21.064151000","19.814131000","3752","140","192.168.10.22","8081","10.0.0.2","46884","88","280281","38"
,"21.064198000","19.814178000","3753","140","192.168.10.22","8081","10.0.0.2","46884","88","280369","38"
,"21.064209000","19.814189000","3754","140","192.168.10.22","8081","10.0.0.2","46884","88","280457","38"
,"21.064253000","19.814233000","3755","140","192.168.10.22","8081","10.0.0.2","46884","88","280545","38"
,"21.064268000","19.814248000","3756","140","192.168.10.22","8081","10.0.0.2","46884","88","280633","38"
,"21.124069000","19.874049000","3757","52","10.0.0.2","46884","192.168.10.22","8081","0","38","276145"
,"21.124079000","19.874059000","3758","52","10.0.0.2","46884","192.168.10.22","8081","0","38","276233"
,"21.124967000","19.874947000","3759","140","192.168.10.22","8081","10.0.0.2","46884","88","280721","38"
,"21.125003000","19.874983000","3760","140","192.168.10.22","8081","10.0.0.2","46884","88","280809","38"
,"21.125055000","19.875035000","3761","140","192.168.10.22","8081","10.0.0.2","46884","88","280897","38"
,"21.125067000","19.875047000","3762","140","192.168.10.22","8081","10.0.0.2","46884","88","280985","38"
,"21.125111000","19.875091000","3763","140","192.168.10.22","8081","10.0.0.2","46884","88","281073","38"
,"21.125122000","19.875102000","3764","140","192.168.10.22","8081","10.0.0.2","46884","88","281161","38"
,"21.125168000","19.875148000","3765","140","192.168.10.22","8081","10.0.0.2","46884","88","281249","38"
,"21.125180000","19.875160000","3766","140","192.168.10.22","8081","10.0.0.2","46884","88","281337","38"
,"21.125225000","19.875205000","3767","140","192.168.10.22","8081","10.0.0.2","46884","88","281425","38"
,"21.125238000","19.875218000","3768","140","192.168.10.22","8081","10.0.0.2","46884","88","281513","38"
,"21.187461000","19.937441000","3769","52","10.0.0.2","46884","192.168.10.22","8081","0","38","277201"
,"21.188492000","19.938472000","3770","140","192.168.10.22","8081","10.0.0.2","46884","88","281601","38"
,"21.188534000","19.938514000","3771","140","192.168.10.22","8081","10.0.0.2","46884","88","281689","38"
,"21.188597000","19.938577000","3772","140","192.168.10.22","8081","10.0.0.2","46884","88","281777","38"
,"21.188614000","19.938594000","3773","140","192.168.10.22","8081","10.0.0.2","46884","88","281865","38"
,"21.188666000","19.938646000","3774","140","192.168.10.22","8081","10.0.0.2","46884","88","281953","38"
,"21.188678000","19.938658000","3775","140","192.168.10.22","8081","10.0.0.2","46884","88","282041","38"
,"21.188723000","19.938703000","3776","140","192.168.10.22","8081","10.0.0.2","46884","88","282129","38"
,"21.188734000","19.938714000","3777","140","192.168.10.22","8081","10.0.0.2","46884","88","282217","38"
,"21.188780000","19.938760000","3778","140","192.168.10.22","8081","10.0.0.2","46884","88","282305","38"
,"21.188794000","19.938774000","3779","140","192.168.10.22","8081","10.0.0.2","46884","88","282393","38"
,"21.188839000","19.938819000","3780","140","192.168.10.22","8081","10.0.0.2","46884","88","282481","38"
,"21.188851000","19.938831000","3781","140","192.168.10.22","8081","10.0.0.2","46884","88","282569","38"
,"21.249794000","19.999774000","3782","52","10.0.0.2","46884","192.168.10.22","8081","0","38","277993"
,"21.249819000","19.999799000","3783","52","10.0.0.2","46884","192.168.10.22","8081","0","38","278081"
,"21.250844000","20.000824000","3784","140","192.168.10.22","8081","10.0.0.2","46884","88","282657","38"
,"21.250928000","20.000908000","3785","140","192.168.10.22","8081","10.0.0.2","46884","88","282745","38"
,"21.250997000","20.000977000","3786","140","192.168.10.22","8081","10.0.0.2","46884","88","282833","38"
,"21.251012000","20.000992000","3787","140","192.168.10.22","8081","10.0.0.2","46884","88","282921","38"
,"21.251058000","20.001038000","3788","140","192.168.10.22","8081","10.0.0.2","46884","88","283009","38"
,"21.251074000","20.001054000","3789","140","192.168.10.22","8081","10.0.0.2","46884","88","283097","38"
,"21.251119000","20.001099000","3790","140","192.168.10.22","8081","10.0.0.2","46884","88","283185","38"
,"21.251133000","20.001113000","3791","140","192.168.10.22","8081","10.0.0.2","46884","88","283273","38"
,"21.251179000","20.001159000","3792","140","192.168.10.22","8081","10.0.0.2","46884","88","283361","38"
,"21.251192000","20.001172000","3793","140","192.168.10.22","8081","10.0.0.2","46884","88","283449","38"
,"21.312112000","20.062092000","3794","52","10.0.0.2","46884","192.168.10.22","8081","0","38","278873"
,"21.312121000","20.062101000","3795","52","10.0.0.2","46884","192.168.10.22","8081","0","38","279049"
,"21.312986000","20.062966000","3796","140","192.168.10.22","8081","10.0.0.2","46884","88","283537","38"
,"21.313022000","20.063002000","3797","140","192.168.10.22","8081","10.0.0.2","46884","88","283625","38"
,"21.313074000","20.063054000","3798","140","192.168.10.22","8081","10.0.0.2","46884","88","283713","38"
,"21.313087000","20.063067000","3799","140","192.168.10.22","8081","10.0.0.2","46884","88","283801","38"
,"21.313132000","20.063112000","3800","140","192.168.10.22","8081","10.0.0.2","46884","88","283889","38"
,"21.313143000","20.063123000","3801","140","192.168.10.22","8081","10.0.0.2","46884","88","283977","38"
,"21.313188000","20.063168000","3802","140","192.168.10.22","8081","10.0.0.2","46884","88","284065","38"
,"21.313199000","20.063179000","3803","140","192.168.10.22","8081","10.0.0.2","46884","88","284153","38"
,"21.313242000","20.063222000","3804","140","192.168.10.22","8081","10.0.0.2","46884","88","284241","38"
,"21.313256000","20.063236000","3805","140","192.168.10.22","8081","10.0.0.2","46884","88","284329","38"
,"21.374890000","20.124870000","3806","52","10.0.0.2","46884","192.168.10.22","8081","0","38","279753"
,"21.374937000","20.124917000","3807","52","10.0.0.2","46884","192.168.10.22","8081","0","38","279929"
,"21.375934000","20.125914000","3808","140","192.168.10.22","8081","10.0.0.2","46884","88","284417","38"
,"21.375978000","20.125958000","3809","140","192.168.10.22","8081","10.0.0.2","46884","88","284505","38"
,"21.376046000","20.126026000","3810","140","192.168.10.22","8081","10.0.0.2","46884","88","284593","38"
,"21.376061000","20.126041000","3811","140","192.168.10.22","8081","10.0.0.2","46884","88","284681","38"
,"21.376109000","20.126089000","3812","140","192.168.10.22","8081","10.0.0.2","46884","88","284769","38"
,"21.376121000","20.126101000","3813","140","192.168.10.22","8081","10.0.0.2","46884","88","284857","38"
,"21.376165000","20.126145000","3814","140","192.168.10.22","8081","10.0.0.2","46884","88","284945","38"
,"21.376176000","20.126156000","3815","140","192.168.10.22","8081","10.0.0.2","46884","88","285033","38"
,"21.376221000","20.126201000","3816","140","192.168.10.22","8081","10.0.0.2","46884","88","285121","38"
,"21.376236000","20.126216000","3817","140","192.168.10.22","8081","10.0.0.2","46884","88","285209","38"
,"21.437856000","20.187836000","3818","52","10.0.0.2","46884","192.168.10.22","8081","0","38","280721"
,"21.437866000","20.187846000","3819","52","10.0.0.2","46884","192.168.10.22","8081","0","38","280897"
,"21.438666000","20.188646000","3820","140","192.168.10.22","8081","10.0.0.2","46884","88","285297","38"
,"21.438707000","20.188687000","3821","140","192.168.10.22","8081","10.0.0.2","46884","88","285385","38"
,"21.438762000","20.188742000","3822","140","192.168.10.22","8081","10.0.0.2","46884","88","285473","38"
,"21.438774000","20.188754000","3823","140","192.168.10.22","8081","10.0.0.2","46884","88","285561","38"
,"21.438819000","20.188799000","3824","140","192.168.10.22","8081","10.0.0.2","46884","88","285649","38"
,"21.438830000","20.188810000","3825","140","192.168.10.22","8081","10.0.0.2","46884","88","285737","38"
,"21.438897000","20.188877000","3826","140","192.168.10.22","8081","10.0.0.2","46884","88","285825","38"
,"21.438911000","20.188891000","3827","140","192.168.10.22","8081","10.0.0.2","46884","88","285913","38"
,"21.438957000","20.188937000","3828","140","192.168.10.22","8081","10.0.0.2","46884","88","286001","38"
,"21.438968000","20.188948000","3829","140","192.168.10.22","8081","10.0.0.2","46884","88","286089","38"
,"21.439013000","20.188993000","3830","140","192.168.10.22","8081","10.0.0.2","46884","88","286177","38"
,"21.439026000","20.189006000","3831","140","192.168.10.22","8081","10.0.0.2","46884","88","286265","38"
,"21.499676000","20.249656000","3832","52","10.0.0.2","46884","192.168.10.22","8081","0","38","281073"
,"21.499686000","20.249666000","3833","52","10.0.0.2","46884","192.168.10.22","8081","0","38","281337"
,"21.499689000","20.249669000","3834","52","10.0.0.2","46884","192.168.10.22","8081","0","38","281601"
,"21.499693000","20.249673000","3835","52","10.0.0.2","46884","192.168.10.22","8081","0","38","281777"
,"21.500675000","20.250655000","3836","140","192.168.10.22","8081","10.0.0.2","46884","88","286353","38"
,"21.500717000","20.250697000","3837","140","192.168.10.22","8081","10.0.0.2","46884","88","286441","38"
,"21.500783000","20.250763000","3838","140","192.168.10.22","8081","10.0.0.2","46884","88","286529","38"
,"21.500801000","20.250781000","3839","140","192.168.10.22","8081","10.0.0.2","46884","88","286617","38"
,"21.500853000","20.250833000","3840","140","192.168.10.22","8081","10.0.0.2","46884","88","286705","38"
,"21.500866000","20.250846000","3841","140","192.168.10.22","8081","10.0.0.2","46884","88","286793","38"
,"21.500948000","20.250928000","3842","140","192.168.10.22","8081","10.0.0.2","46884","88","286881","38"
,"21.500964000","20.250944000","3843","140","192.168.10.22","8081","10.0.0.2","46884","88","286969","38"
,"21.501010000","20.250990000","3844","140","192.168.10.22","8081","10.0.0.2","46884","88","287057","38"
,"21.501024000","20.251004000","3845","140","192.168.10.22","8081","10.0.0.2","46884","88","287145","38"
,"21.562540000","20.312520000","3846","52","10.0.0.2","46884","192.168.10.22","8081","0","38","282745"
,"21.563524000","20.313504000","3847","140","192.168.10.22","8081","10.0.0.2","46884","88","287233","38"
,"21.563567000","20.313547000","3848","140","192.168.10.22","8081","10.0.0.2","46884","88","287321","38"
,"21.563627000","20.313607000","3849","140","192.168.10.22","8081","10.0.0.2","46884","88","287409","38"
,"21.563643000","20.313623000","3850","140","192.168.10.22","8081","10.0.0.2","46884","88","287497","38"
,"21.563699000","20.313679000","3851","140","192.168.10.22","8081","10.0.0.2","46884","88","287585","38"
,"21.563713000","20.313693000","3852","140","192.168.10.22","8081","10.0.0.2","46884","88","287673","38"
,"21.563760000","20.313740000","3853","140","192.168.10.22","8081","10.0.0.2","46884","88","287761","38"
,"21.563772000","20.313752000","3854","140","192.168.10.22","8081","10.0.0.2","46884","88","287849","38"
,"21.563816000","20.313796000","3855","140","192.168.10.22","8081","10.0.0.2","46884","88","287937","38"
,"21.563830000","20.313810000","3856","140","192.168.10.22","8081","10.0.0.2","46884","88","288025","38"
,"21.624483000","20.374463000","3857","52","10.0.0.2","46884","192.168.10.22","8081","0","38","283361"
,"21.624494000","20.374474000","3858","52","10.0.0.2","46884","192.168.10.22","8081","0","38","283625"
,"21.625478000","20.375458000","3859","140","192.168.10.22","8081","10.0.0.2","46884","88","288113","38"
,"21.625519000","20.375499000","3860","140","192.168.10.22","8081","10.0.0.2","46884","88","288201","38"
,"21.625584000","20.375564000","3861","140","192.168.10.22","8081","10.0.0.2","46884","88","288289","38"
,"21.625600000","20.375580000","3862","140","192.168.10.22","8081","10.0.0.2","46884","88","288377","38"
,"21.625653000","20.375633000","3863","140","192.168.10.22","8081","10.0.0.2","46884","88","288465","38"
,"21.625665000","20.375645000","3864","140","192.168.10.22","8081","10.0.0.2","46884","88","288553","38"
,"21.625710000","20.375690000","3865","140","192.168.10.22","8081","10.0.0.2","46884","88","288641","38"
,"21.625722000","20.375702000","3866","140","192.168.10.22","8081","10.0.0.2","46884","88","288729","38"
,"21.625767000","20.375747000","3867","140","192.168.10.22","8081","10.0.0.2","46884","88","288817","38"
,"21.625781000","20.375761000","3868","140","192.168.10.22","8081","10.0.0.2","46884","88","288905","38"
,"21.687211000","20.437191000","3869","52","10.0.0.2","46884","192.168.10.22","8081","0","38","284417"
,"21.687241000","20.437221000","3870","52","10.0.0.2","46884","192.168.10.22","8081","0","38","284505"
,"21.688228000","20.438208000","3871","140","192.168.10.22","8081","10.0.0.2","46884","88","288993","38"
,"21.688270000","20.438250000","3872","140","192.168.10.22","8081","10.0.0.2","46884","88","289081","38"
,"21.688331000","20.438311000","3873","140","192.168.10.22","8081","10.0.0.2","46884","88","289169","38"
,"21.688346000","20.438326000","3874","140","192.168.10.22","8081","10.0.0.2","46884","88","289257","38"
,"21.688402000","20.438382000","3875","140","192.168.10.22","8081","10.0.0.2","46884","88","289345","38"
,"21.688415000","20.438395000","3876","140","192.168.10.22","8081","10.0.0.2","46884","88","289433","38"
,"21.688460000","20.438440000","3877","140","192.168.10.22","8081","10.0.0.2","46884","88","289521","38"
,"21.688472000","20.438452000","3878","140","192.168.10.22","8081","10.0.0.2","46884","88","289609","38"
,"21.688518000","20.438498000","3879","140","192.168.10.22","8081","10.0.0.2","46884","88","289697","38"
,"21.688532000","20.438512000","3880","140","192.168.10.22","8081","10.0.0.2","46884","88","289785","38"
,"21.749539000","20.499519000","3881","52","10.0.0.2","46884","192.168.10.22","8081","0","38","285473"
,"21.750447000","20.500427000","3882","140","192.168.10.22","8081","10.0.0.2","46884","88","289873","38"
,"21.750484000","20.500464000","3883","140","192.168.10.22","8081","10.0.0.2","46884","88","289961","38"
,"21.750538000","20.500518000","3884","140","192.168.10.22","8081","10.0.0.2","46884","88","290049","38"
,"21.750550000","20.500530000","3885","140","192.168.10.22","8081","10.0.0.2","46884","88","290137","38"
,"21.750595000","20.500575000","3886","140","192.168.10.22","8081","10.0.0.2","46884","88","290225","38"
,"21.750606000","20.500586000","3887","140","192.168.10.22","8081","10.0.0.2","46884","88","290313","38"
,"21.750651000","20.500631000","3888","140","192.168.10.22","8081","10.0.0.2","46884","88","290401","38"
,"21.750663000","20.500643000","3889","140","192.168.10.22","8081","10.0.0.2","46884","88","290489","38"
,"21.750707000","20.500687000","3890","140","192.168.10.22","8081","10.0.0.2","46884","88","290577","38"
,"21.750720000","20.500700000","3891","140","192.168.10.22","8081","10.0.0.2","46884","88","290665","38"
,"21.750766000","20.500746000","3892","140","192.168.10.22","8081","10.0.0.2","46884","88","290753","38"
,"21.750781000","20.500761000","3893","140","192.168.10.22","8081","10.0.0.2","46884","88","290841","38"
,"21.812384000","20.562364000","3894","52","10.0.0.2","46884","192.168.10.22","8081","0","38","286177"
,"21.812394000","20.562374000","3895","52","10.0.0.2","46884","192.168.10.22","8081","0","38","286353"
,"21.813360000","20.563340000","3896","140","192.168.10.22","8081","10.0.0.2","46884","88","290929","38"
,"21.813402000","20.563382000","3897","140","192.168.10.22","8081","10.0.0.2","46884","88","291017","38"
,"21.813465000","20.563445000","3898","140","192.168.10.22","8081","10.0.0.2","46884","88","291105","38"
,"21.813482000","20.563462000","3899","140","192.168.10.22","8081","10.0.0.2","46884","88","291193","38"
,"21.813536000","20.563516000","3900","140","192.168.10.22","8081","10.0.0.2","46884","88","291281","38"
,"21.813550000","20.563530000","3901","140","192.168.10.22","8081","10.0.0.2","46884","88","291369","38"
,"21.813595000","20.563575000","3902","140","192.168.10.22","8081","10.0.0.2","46884","88","291457","38"
,"21.813607000","20.563587000","3903","140","192.168.10.22","8081","10.0.0.2","46884","88","291545","38"
,"21.813650000","20.563630000","3904","140","192.168.10.22","8081","10.0.0.2","46884","88","291633","38"
,"21.813670000","20.563650000","3905","140","192.168.10.22","8081","10.0.0.2","46884","88","291721","38"
,"21.874224000","20.624204000","3906","52","10.0.0.2","46884","192.168.10.22","8081","0","38","287057"
,"21.874250000","20.624230000","3907","52","10.0.0.2","46884","192.168.10.22","8081","0","38","287321"
,"21.875202000","20.625182000","3908","140","192.168.10.22","8081","10.0.0.2","46884","88","291809","38"
,"21.875241000","20.625221000","3909","140","192.168.10.22","8081","10.0.0.2","46884","88","291897","38"
,"21.875294000","20.625274000","3910","140","192.168.10.22","8081","10.0.0.2","46884","88","291985","38"
,"21.875306000","20.625286000","3911","140","192.168.10.22","8081","10.0.0.2","46884","88","292073","38"
,"21.875351000","20.625331000","3912","140","192.168.10.22","8081","10.0.0.2","46884","88","292161","38"
,"21.875362000","20.625342000","3913","140","192.168.10.22","8081","10.0.0.2","46884","88","292249","38"
,"21.875407000","20.625387000","3914","140","192.168.10.22","8081","10.0.0.2","46884","88","292337","38"
,"21.875419000","20.625399000","3915","140","192.168.10.22","8081","10.0.0.2","46884","88","292425","38"
,"21.875463000","20.625443000","3916","140","192.168.10.22","8081","10.0.0.2","46884","88","292513","38"
,"21.875477000","20.625457000","3917","140","192.168.10.22","8081","10.0.0.2","46884","88","292601","38"
,"21.937015000","20.686995000","3918","52","10.0.0.2","46884","192.168.10.22","8081","0","38","288113"
,"21.937025000","20.687005000","3919","52","10.0.0.2","46884","192.168.10.22","8081","0","38","288201"
,"21.938022000","20.688002000","3920","140","192.168.10.22","8081","10.0.0.2","46884","88","292689","38"
,"21.938061000","20.688041000","3921","140","192.168.10.22","8081","10.0.0.2","46884","88","292777","38"
,"21.938113000","20.688093000","3922","140","192.168.10.22","8081","10.0.0.2","46884","88","292865","38"
,"21.938125000","20.688105000","3923","140","192.168.10.22","8081","10.0.0.2","46884","88","292953","38"
,"21.938172000","20.688152000","3924","140","192.168.10.22","8081","10.0.0.2","46884","88","293041","38"
,"21.938184000","20.688164000","3925","140","192.168.10.22","8081","10.0.0.2","46884","88","293129","38"
,"21.938229000","20.688209000","3926","140","192.168.10.22","8081","10.0.0.2","46884","88","293217","38"
,"21.938240000","20.688220000","3927","140","192.168.10.22","8081","10.0.0.2","46884","88","293305","38"
,"21.938284000","20.688264000","3928","140","192.168.10.22","8081","10.0.0.2","46884","88","293393","38"
,"21.938298000","20.688278000","3929","140","192.168.10.22","8081","10.0.0.2","46884","88","293481","38"
,"21.999358000","20.749338000","3930","52","10.0.0.2","46884","192.168.10.22","8081","0","38","288905"
,"21.999366000","20.749346000","3931","52","10.0.0.2","46884","192.168.10.22","8081","0","38","289169"
,"22.000353000","20.750333000","3932","140","192.168.10.22","8081","10.0.0.2","46884","88","293569","38"
,"22.000395000","20.750375000","3933","140","192.168.10.22","8081","10.0.0.2","46884","88","293657","38"
,"22.000459000","20.750439000","3934","140","192.168.10.22","8081","10.0.0.2","46884","88","293745","38"
,"22.000475000","20.750455000","3935","140","192.168.10.22","8081","10.0.0.2","46884","88","293833","38"
,"22.000527000","20.750507000","3936","140","192.168.10.22","8081","10.0.0.2","46884","88","293921","38"
,"22.000540000","20.750520000","3937","140","192.168.10.22","8081","10.0.0.2","46884","88","294009","38"
,"22.000585000","20.750565000","3938","140","192.168.10.22","8081","10.0.0.2","46884","88","294097","38"
,"22.000597000","20.750577000","3939","140","192.168.10.22","8081","10.0.0.2","46884","88","294185","38"
,"22.000641000","20.750621000","3940","140","192.168.10.22","8081","10.0.0.2","46884","88","294273","38"
,"22.000655000","20.750635000","3941","140","192.168.10.22","8081","10.0.0.2","46884","88","294361","38"
,"22.000699000","20.750679000","3942","140","192.168.10.22","8081","10.0.0.2","46884","88","294449","38"
,"22.000713000","20.750693000","3943","140","192.168.10.22","8081","10.0.0.2","46884","88","294537","38"
,"22.062147000","20.812127000","3944","52","10.0.0.2","46884","192.168.10.22","8081","0","38","290049"
,"22.063136000","20.813116000","3945","140","192.168.10.22","8081","10.0.0.2","46884","88","294625","38"
,"22.063178000","20.813158000","3946","140","192.168.10.22","8081","10.0.0.2","46884","88","294713","38"
,"22.063234000","20.813214000","3947","140","192.168.10.22","8081","10.0.0.2","46884","88","294801","38"
,"22.063248000","20.813228000","3948","140","192.168.10.22","8081","10.0.0.2","46884","88","294889","38"
,"22.063295000","20.813275000","3949","140","192.168.10.22","8081","10.0.0.2","46884","88","294977","38"
,"22.063311000","20.813291000","3950","140","192.168.10.22","8081","10.0.0.2","46884","88","295065","38"
,"22.063358000","20.813338000","3951","140","192.168.10.22","8081","10.0.0.2","46884","88","295153","38"
,"22.063369000","20.813349000","3952","140","192.168.10.22","8081","10.0.0.2","46884","88","295241","38"
,"22.063413000","20.813393000","3953","140","192.168.10.22","8081","10.0.0.2","46884","88","295329","38"
,"22.063426000","20.813406000","3954","140","192.168.10.22","8081","10.0.0.2","46884","88","295417","38"
,"22.124764000","20.874744000","3955","52","10.0.0.2","46884","192.168.10.22","8081","0","38","290841"
,"22.124771000","20.874751000","3956","52","10.0.0.2","46884","192.168.10.22","8081","0","38","291017"
,"22.125572000","20.875552000","3957","140","192.168.10.22","8081","10.0.0.2","46884","88","295505","38"
,"22.125614000","20.875594000","3958","140","192.168.10.22","8081","10.0.0.2","46884","88","295593","38"
,"22.125667000","20.875647000","3959","140","192.168.10.22","8081","10.0.0.2","46884","88","295681","38"
,"22.125679000","20.875659000","3960","140","192.168.10.22","8081","10.0.0.2","46884","88","295769","38"
,"22.125725000","20.875705000","3961","140","192.168.10.22","8081","10.0.0.2","46884","88","295857","38"
,"22.125736000","20.875716000","3962","140","192.168.10.22","8081","10.0.0.2","46884","88","295945","38"
,"22.125781000","20.875761000","3963","140","192.168.10.22","8081","10.0.0.2","46884","88","296033","38"
,"22.125793000","20.875773000","3964","140","192.168.10.22","8081","10.0.0.2","46884","88","296121","38"
,"22.125837000","20.875817000","3965","140","192.168.10.22","8081","10.0.0.2","46884","88","296209","38"
,"22.125850000","20.875830000","3966","140","192.168.10.22","8081","10.0.0.2","46884","88","296297","38"
,"22.187839000","20.937819000","3967","52","10.0.0.2","46884","192.168.10.22","8081","0","38","291809"
,"22.187865000","20.937845000","3968","52","10.0.0.2","46884","192.168.10.22","8081","0","38","291897"
,"22.188862000","20.938842000","3969","140","192.168.10.22","8081","10.0.0.2","46884","88","296385","38"
,"22.188944000","20.938924000","3970","140","192.168.10.22","8081","10.0.0.2","46884","88","296473","38"
,"22.189010000","20.938990000","3971","140","192.168.10.22","8081","10.0.0.2","46884","88","296561","38"
,"22.189026000","20.939006000","3972","140","192.168.10.22","8081","10.0.0.2","46884","88","296649","38"
,"22.189074000","20.939054000","3973","140","192.168.10.22","8081","10.0.0.2","46884","88","296737","38"
,"22.189086000","20.939066000","3974","140","192.168.10.22","8081","10.0.0.2","46884","88","296825","38"
,"22.189129000","20.939109000","3975","140","192.168.10.22","8081","10.0.0.2","46884","88","296913","38"
,"22.189144000","20.939124000","3976","140","192.168.10.22","8081","10.0.0.2","46884","88","297001","38"
,"22.189190000","20.939170000","3977","140","192.168.10.22","8081","10.0.0.2","46884","88","297089","38"
,"22.189204000","20.939184000","3978","140","192.168.10.22","8081","10.0.0.2","46884","88","297177","38"
,"22.249020000","20.999000000","3979","52","10.0.0.2","46884","192.168.10.22","8081","0","38","292601"
,"22.249030000","20.999010000","3980","52","10.0.0.2","46884","192.168.10.22","8081","0","38","292777"
,"22.249862000","20.999842000","3981","140","192.168.10.22","8081","10.0.0.2","46884","88","297265","38"
,"22.249926000","20.999906000","3982","140","192.168.10.22","8081","10.0.0.2","46884","88","297353","38"
,"22.249981000","20.999961000","3983","140","192.168.10.22","8081","10.0.0.2","46884","88","297441","38"
,"22.249993000","20.999973000","3984","140","192.168.10.22","8081","10.0.0.2","46884","88","297529","38"
,"22.250038000","21.000018000","3985","140","192.168.10.22","8081","10.0.0.2","46884","88","297617","38"
,"22.250050000","21.000030000","3986","140","192.168.10.22","8081","10.0.0.2","46884","88","297705","38"
,"22.250094000","21.000074000","3987","140","192.168.10.22","8081","10.0.0.2","46884","88","297793","38"
,"22.250107000","21.000087000","3988","140","192.168.10.22","8081","10.0.0.2","46884","88","297881","38"
,"22.250152000","21.000132000","3989","140","192.168.10.22","8081","10.0.0.2","46884","88","297969","38"
,"22.250166000","21.000146000","3990","140","192.168.10.22","8081","10.0.0.2","46884","88","298057","38"
,"22.312294000","21.062274000","3991","52","10.0.0.2","46884","192.168.10.22","8081","0","38","293569"
,"22.312305000","21.062285000","3992","52","10.0.0.2","46884","192.168.10.22","8081","0","38","293745"
,"22.313305000","21.063285000","3993","140","192.168.10.22","8081","10.0.0.2","46884","88","298145","38"
,"22.313347000","21.063327000","3994","140","192.168.10.22","8081","10.0.0.2","46884","88","298233","38"
,"22.313409000","21.063389000","3995","140","192.168.10.22","8081","10.0.0.2","46884","88","298321","38"
,"22.313425000","21.063405000","3996","140","192.168.10.22","8081","10.0.0.2","46884","88","298409","38"
,"22.313480000","21.063460000","3997","140","192.168.10.22","8081","10.0.0.2","46884","88","298497","38"
,"22.313493000","21.063473000","3998","140","192.168.10.22","8081","10.0.0.2","46884","88","298585","38"
,"22.313538000","21.063518000","3999","140","192.168.10.22","8081","10.0.0.2","46884","88","298673","38"
,"22.313549000","21.063529000","4000","140","192.168.10.22","8081","10.0.0.2","46884","88","298761","38"
,"22.313594000","21.063574000","4001","140","192.168.10.22","8081","10.0.0.2","46884","88","298849","38"
,"22.313608000","21.063588000","4002","140","192.168.10.22","8081","10.0.0.2","46884","88","298937","38"
,"22.313652000","21.063632000","4003","140","192.168.10.22","8081","10.0.0.2","46884","88","299025","38"
,"22.313666000","21.063646000","4004","140","192.168.10.22","8081","10.0.0.2","46884","88","299113","38"
,"22.374903000","21.124883000","4005","52","10.0.0.2","46884","192.168.10.22","8081","0","38","294625"
,"22.375832000","21.125812000","4006","140","192.168.10.22","8081","10.0.0.2","46884","88","299201","38"
,"22.375869000","21.125849000","4007","140","192.168.10.22","8081","10.0.0.2","46884","88","299289","38"
,"22.375951000","21.125931000","4008","140","192.168.10.22","8081","10.0.0.2","46884","88","299377","38"
,"22.375967000","21.125947000","4009","140","192.168.10.22","8081","10.0.0.2","46884","88","299465","38"
,"22.376013000","21.125993000","4010","140","192.168.10.22","8081","10.0.0.2","46884","88","299553","38"
,"22.376027000","21.126007000","4011","140","192.168.10.22","8081","10.0.0.2","46884","88","299641","38"
,"22.376072000","21.126052000","4012","140","192.168.10.22","8081","10.0.0.2","46884","88","299729","38"
,"22.376085000","21.126065000","4013","140","192.168.10.22","8081","10.0.0.2","46884","88","299817","38"
,"22.376130000","21.126110000","4014","140","192.168.10.22","8081","10.0.0.2","46884","88","299905","38"
,"22.376144000","21.126124000","4015","140","192.168.10.22","8081","10.0.0.2","46884","88","299993","38"
,"22.437621000","21.187601000","4016","52","10.0.0.2","46884","192.168.10.22","8081","0","38","295417"
,"22.437627000","21.187607000","4017","52","10.0.0.2","46884","192.168.10.22","8081","0","38","295593"
,"22.438592000","21.188572000","4018","140","192.168.10.22","8081","10.0.0.2","46884","88","300081","38"
,"22.438634000","21.188614000","4019","140","192.168.10.22","8081","10.0.0.2","46884","88","300169","38"
,"22.438700000","21.188680000","4020","140","192.168.10.22","8081","10.0.0.2","46884","88","300257","38"
,"22.438716000","21.188696000","4021","140","192.168.10.22","8081","10.0.0.2","46884","88","300345","38"
,"22.438771000","21.188751000","4022","140","192.168.10.22","8081","10.0.0.2","46884","88","300433","38"
,"22.438784000","21.188764000","4023","140","192.168.10.22","8081","10.0.0.2","46884","88","300521","38"
,"22.438829000","21.188809000","4024","140","192.168.10.22","8081","10.0.0.2","46884","88","300609","38"
,"22.438841000","21.188821000","4025","140","192.168.10.22","8081","10.0.0.2","46884","88","300697","38"
,"22.438917000","21.188897000","4026","140","192.168.10.22","8081","10.0.0.2","46884","88","300785","38"
,"22.438932000","21.188912000","4027","140","192.168.10.22","8081","10.0.0.2","46884","88","300873","38"
,"22.498997000","21.248977000","4028","52","10.0.0.2","46884","192.168.10.22","8081","0","38","296033"
,"22.499007000","21.248987000","4029","52","10.0.0.2","46884","192.168.10.22","8081","0","38","296473"
,"22.500015000","21.249995000","4030","140","192.168.10.22","8081","10.0.0.2","46884","88","300961","38"
,"22.500058000","21.250038000","4031","140","192.168.10.22","8081","10.0.0.2","46884","88","301049","38"
,"22.500120000","21.250100000","4032","140","192.168.10.22","8081","10.0.0.2","46884","88","301137","38"
,"22.500136000","21.250116000","4033","140","192.168.10.22","8081","10.0.0.2","46884","88","301225","38"
,"22.500187000","21.250167000","4034","140","192.168.10.22","8081","10.0.0.2","46884","88","301313","38"
,"22.500200000","21.250180000","4035","140","192.168.10.22","8081","10.0.0.2","46884","88","301401","38"
,"22.500244000","21.250224000","4036","140","192.168.10.22","8081","10.0.0.2","46884","88","301489","38"
,"22.500256000","21.250236000","4037","140","192.168.10.22","8081","10.0.0.2","46884","88","301577","38"
,"22.500301000","21.250281000","4038","140","192.168.10.22","8081","10.0.0.2","46884","88","301665","38"
,"22.500315000","21.250295000","4039","140","192.168.10.22","8081","10.0.0.2","46884","88","301753","38"
,"22.562076000","21.312056000","4040","52","10.0.0.2","46884","192.168.10.22","8081","0","38","297441"
,"22.562984000","21.312964000","4041","140","192.168.10.22","8081","10.0.0.2","46884","88","301841","38"
,"22.563023000","21.313003000","4042","140","192.168.10.22","8081","10.0.0.2","46884","88","301929","38"
,"22.563077000","21.313057000","4043","140","192.168.10.22","8081","10.0.0.2","46884","88","302017","38"
,"22.563089000","21.313069000","4044","140","192.168.10.22","8081","10.0.0.2","46884","88","302105","38"
,"22.563134000","21.313114000","4045","140","192.168.10.22","8081","10.0.0.2","46884","88","302193","38"
,"22.563146000","21.313126000","4046","140","192.168.10.22","8081","10.0.0.2","46884","88","302281","38"
,"22.563191000","21.313171000","4047","140","192.168.10.22","8081","10.0.0.2","46884","88","302369","38"
,"22.563203000","21.313183000","4048","140","192.168.10.22","8081","10.0.0.2","46884","88","302457","38"
,"22.563247000","21.313227000","4049","140","192.168.10.22","8081","10.0.0.2","46884","88","302545","38"
,"22.563261000","21.313241000","4050","140","192.168.10.22","8081","10.0.0.2","46884","88","302633","38"
,"22.563306000","21.313286000","4051","140","192.168.10.22","8081","10.0.0.2","46884","88","302721","38"
,"22.563320000","21.313300000","4052","140","192.168.10.22","8081","10.0.0.2","46884","88","302809","38"
,"22.624256000","21.374236000","4053","52","10.0.0.2","46884","192.168.10.22","8081","0","38","298321"
,"22.624813000","21.374793000","4054","140","192.168.10.22","8081","10.0.0.2","46884","88","302897","38"
,"22.624849000","21.374829000","4055","140","192.168.10.22","8081","10.0.0.2","46884","88","302985","38"
,"22.624933000","21.374913000","4056","140","192.168.10.22","8081","10.0.0.2","46884","88","303073","38"
,"22.624948000","21.374928000","4057","140","192.168.10.22","8081","10.0.0.2","46884","88","303161","38"
,"22.624993000","21.374973000","4058","140","192.168.10.22","8081","10.0.0.2","46884","88","303249","38"
,"22.625004000","21.374984000","4059","140","192.168.10.22","8081","10.0.0.2","46884","88","303337","38"
,"22.625050000","21.375030000","4060","140","192.168.10.22","8081","10.0.0.2","46884","88","303425","38"
,"22.625064000","21.375044000","4061","140","192.168.10.22","8081","10.0.0.2","46884","88","303513","38"
,"22.625109000","21.375089000","4062","140","192.168.10.22","8081","10.0.0.2","46884","88","303601","38"
,"22.625122000","21.375102000","4063","140","192.168.10.22","8081","10.0.0.2","46884","88","303689","38"
,"22.687946000","21.437926000","4064","52","10.0.0.2","46884","192.168.10.22","8081","0","38","299289"
,"22.688963000","21.438943000","4065","140","192.168.10.22","8081","10.0.0.2","46884","88","303777","38"
,"22.689007000","21.438987000","4066","140","192.168.10.22","8081","10.0.0.2","46884","88","303865","38"
,"22.689068000","21.439048000","4067","140","192.168.10.22","8081","10.0.0.2","46884","88","303953","38"
,"22.689083000","21.439063000","4068","140","192.168.10.22","8081","10.0.0.2","46884","88","304041","38"
,"22.689133000","21.439113000","4069","140","192.168.10.22","8081","10.0.0.2","46884","88","304129","38"
,"22.689146000","21.439126000","4070","140","192.168.10.22","8081","10.0.0.2","46884","88","304217","38"
,"22.689190000","21.439170000","4071","140","192.168.10.22","8081","10.0.0.2","46884","88","304305","38"
,"22.689201000","21.439181000","4072","140","192.168.10.22","8081","10.0.0.2","46884","88","304393","38"
,"22.689246000","21.439226000","4073","140","192.168.10.22","8081","10.0.0.2","46884","88","304481","38"
,"22.689268000","21.439248000","4074","140","192.168.10.22","8081","10.0.0.2","46884","88","304569","38"
,"22.749268000","21.499248000","4075","52","10.0.0.2","46884","192.168.10.22","8081","0","38","300169"
,"22.750165000","21.500145000","4076","140","192.168.10.22","8081","10.0.0.2","46884","88","304657","38"
,"22.750201000","21.500181000","4077","140","192.168.10.22","8081","10.0.0.2","46884","88","304745","38"
,"22.750254000","21.500234000","4078","140","192.168.10.22","8081","10.0.0.2","46884","88","304833","38"
,"22.750266000","21.500246000","4079","140","192.168.10.22","8081","10.0.0.2","46884","88","304921","38"
,"22.750310000","21.500290000","4080","140","192.168.10.22","8081","10.0.0.2","46884","88","305009","38"
,"22.750322000","21.500302000","4081","140","192.168.10.22","8081","10.0.0.2","46884","88","305097","38"
,"22.750366000","21.500346000","4082","140","192.168.10.22","8081","10.0.0.2","46884","88","305185","38"
,"22.750377000","21.500357000","4083","140","192.168.10.22","8081","10.0.0.2","46884","88","305273","38"
,"22.750422000","21.500402000","4084","140","192.168.10.22","8081","10.0.0.2","46884","88","305361","38"
,"22.750435000","21.500415000","4085","140","192.168.10.22","8081","10.0.0.2","46884","88","305449","38"
,"22.812727000","21.562707000","4086","52","10.0.0.2","46884","192.168.10.22","8081","0","38","300257"
,"22.812735000","21.562715000","4087","52","10.0.0.2","46884","192.168.10.22","8081","0","38","301049"
,"22.813686000","21.563666000","4088","140","192.168.10.22","8081","10.0.0.2","46884","88","305537","38"
,"22.813730000","21.563710000","4089","140","192.168.10.22","8081","10.0.0.2","46884","88","305625","38"
,"22.813798000","21.563778000","4090","140","192.168.10.22","8081","10.0.0.2","46884","88","305713","38"
,"22.813815000","21.563795000","4091","140","192.168.10.22","8081","10.0.0.2","46884","88","305801","38"
,"22.813867000","21.563847000","4092","140","192.168.10.22","8081","10.0.0.2","46884","88","305889","38"
,"22.813914000","21.563894000","4093","140","192.168.10.22","8081","10.0.0.2","46884","88","305977","38"
,"22.813963000","21.563943000","4094","140","192.168.10.22","8081","10.0.0.2","46884","88","306065","38"
,"22.813975000","21.563955000","4095","140","192.168.10.22","8081","10.0.0.2","46884","88","306153","38"
,"22.814019000","21.563999000","4096","140","192.168.10.22","8081","10.0.0.2","46884","88","306241","38"
,"22.814033000","21.564013000","4097","140","192.168.10.22","8081","10.0.0.2","46884","88","306329","38"
,"22.874846000","21.624826000","4098","52","10.0.0.2","46884","192.168.10.22","8081","0","38","301665"
,"22.874870000","21.624850000","4099","52","10.0.0.2","46884","192.168.10.22","8081","0","38","302017"
,"22.875836000","21.625816000","4100","140","192.168.10.22","8081","10.0.0.2","46884","88","306417","38"
,"22.875924000","21.625904000","4101","140","192.168.10.22","8081","10.0.0.2","46884","88","306505","38"
,"22.875992000","21.625972000","4102","140","192.168.10.22","8081","10.0.0.2","46884","88","306593","38"
,"22.876007000","21.625987000","4103","140","192.168.10.22","8081","10.0.0.2","46884","88","306681","38"
,"22.876054000","21.626034000","4104","140","192.168.10.22","8081","10.0.0.2","46884","88","306769","38"
,"22.876069000","21.626049000","4105","140","192.168.10.22","8081","10.0.0.2","46884","88","306857","38"
,"22.876114000","21.626094000","4106","140","192.168.10.22","8081","10.0.0.2","46884","88","306945","38"
,"22.876125000","21.626105000","4107","140","192.168.10.22","8081","10.0.0.2","46884","88","307033","38"
,"22.876170000","21.626150000","4108","140","192.168.10.22","8081","10.0.0.2","46884","88","307121","38"
,"22.876182000","21.626162000","4109","140","192.168.10.22","8081","10.0.0.2","46884","88","307209","38"
,"22.876226000","21.626206000","4110","140","192.168.10.22","8081","10.0.0.2","46884","88","307297","38"
,"22.876240000","21.626220000","4111","140","192.168.10.22","8081","10.0.0.2","46884","88","307385","38"
,"22.937709000","21.687689000","4112","52","10.0.0.2","46884","192.168.10.22","8081","0","38","302809"
,"22.937715000","21.687695000","4113","52","10.0.0.2","46884","192.168.10.22","8081","0","38","302897"
,"22.938638000","21.688618000","4114","140","192.168.10.22","8081","10.0.0.2","46884","88","307473","38"
,"22.938681000","21.688661000","4115","140","192.168.10.22","8081","10.0.0.2","46884","88","307561","38"
,"22.938745000","21.688725000","4116","140","192.168.10.22","8081","10.0.0.2","46884","88","307649","38"
,"22.938762000","21.688742000","4117","140","192.168.10.22","8081","10.0.0.2","46884","88","307737","38"
,"22.938818000","21.688798000","4118","140","192.168.10.22","8081","10.0.0.2","46884","88","307825","38"
,"22.938832000","21.688812000","4119","140","192.168.10.22","8081","10.0.0.2","46884","88","307913","38"
,"22.938903000","21.688883000","4120","140","192.168.10.22","8081","10.0.0.2","46884","88","308001","38"
,"22.938920000","21.688900000","4121","140","192.168.10.22","8081","10.0.0.2","46884","88","308089","38"
,"22.938966000","21.688946000","4122","140","192.168.10.22","8081","10.0.0.2","46884","88","308177","38"
,"22.938979000","21.688959000","4123","140","192.168.10.22","8081","10.0.0.2","46884","88","308265","38"
,"22.999392000","21.749372000","4124","52","10.0.0.2","46884","192.168.10.22","8081","0","38","303689"
,"22.999399000","21.749379000","4125","52","10.0.0.2","46884","192.168.10.22","8081","0","38","303865"
,"23.000354000","21.750334000","4126","140","192.168.10.22","8081","10.0.0.2","46884","88","308353","38"
,"23.000395000","21.750375000","4127","140","192.168.10.22","8081","10.0.0.2","46884","88","308441","38"
,"23.000460000","21.750440000","4128","140","192.168.10.22","8081","10.0.0.2","46884","88","308529","38"
,"23.000477000","21.750457000","4129","140","192.168.10.22","8081","10.0.0.2","46884","88","308617","38"
,"23.000532000","21.750512000","4130","140","192.168.10.22","8081","10.0.0.2","46884","88","308705","38"
,"23.000545000","21.750525000","4131","140","192.168.10.22","8081","10.0.0.2","46884","88","308793","38"
,"23.000590000","21.750570000","4132","140","192.168.10.22","8081","10.0.0.2","46884","88","308881","38"
,"23.000602000","21.750582000","4133","140","192.168.10.22","8081","10.0.0.2","46884","88","308969","38"
,"23.000647000","21.750627000","4134","140","192.168.10.22","8081","10.0.0.2","46884","88","309057","38"
,"23.000662000","21.750642000","4135","140","192.168.10.22","8081","10.0.0.2","46884","88","309145","38"
,"23.062409000","21.812389000","4136","52","10.0.0.2","46884","192.168.10.22","8081","0","38","304745"
,"23.063253000","21.813233000","4137","140","192.168.10.22","8081","10.0.0.2","46884","88","309233","38"
,"23.063290000","21.813270000","4138","140","192.168.10.22","8081","10.0.0.2","46884","88","309321","38"
,"23.063341000","21.813321000","4139","140","192.168.10.22","8081","10.0.0.2","46884","88","309409","38"
,"23.063353000","21.813333000","4140","140","192.168.10.22","8081","10.0.0.2","46884","88","309497","38"
,"23.063398000","21.813378000","4141","140","192.168.10.22","8081","10.0.0.2","46884","88","309585","38"
,"23.063410000","21.813390000","4142","140","192.168.10.22","8081","10.0.0.2","46884","88","309673","38"
,"23.063454000","21.813434000","4143","140","192.168.10.22","8081","10.0.0.2","46884","88","309761","38"
,"23.063466000","21.813446000","4144","140","192.168.10.22","8081","10.0.0.2","46884","88","309849","38"
,"23.063511000","21.813491000","4145","140","192.168.10.22","8081","10.0.0.2","46884","88","309937","38"
,"23.063525000","21.813505000","4146","140","192.168.10.22","8081","10.0.0.2","46884","88","310025","38"
,"23.124095000","21.874075000","4147","52","10.0.0.2","46884","192.168.10.22","8081","0","38","305713"
,"23.125026000","21.875006000","4148","140","192.168.10.22","8081","10.0.0.2","46884","88","310113","38"
,"23.125065000","21.875045000","4149","140","192.168.10.22","8081","10.0.0.2","46884","88","310201","38"
,"23.125115000","21.875095000","4150","140","192.168.10.22","8081","10.0.0.2","46884","88","310289","38"
,"23.125127000","21.875107000","4151","140","192.168.10.22","8081","10.0.0.2","46884","88","310377","38"
,"23.125173000","21.875153000","4152","140","192.168.10.22","8081","10.0.0.2","46884","88","310465","38"
,"23.125185000","21.875165000","4153","140","192.168.10.22","8081","10.0.0.2","46884","88","310553","38"
,"23.125229000","21.875209000","4154","140","192.168.10.22","8081","10.0.0.2","46884","88","310641","38"
,"23.125241000","21.875221000","4155","140","192.168.10.22","8081","10.0.0.2","46884","88","310729","38"
,"23.125287000","21.875267000","4156","140","192.168.10.22","8081","10.0.0.2","46884","88","310817","38"
,"23.125300000","21.875280000","4157","140","192.168.10.22","8081","10.0.0.2","46884","88","310905","38"
,"23.125345000","21.875325000","4158","140","192.168.10.22","8081","10.0.0.2","46884","88","310993","38"
,"23.125361000","21.875341000","4159","140","192.168.10.22","8081","10.0.0.2","46884","88","311081","38"
,"23.187446000","21.937426000","4160","52","10.0.0.2","46884","192.168.10.22","8081","0","38","306593"
,"23.188455000","21.938435000","4161","140","192.168.10.22","8081","10.0.0.2","46884","88","311169","38"
,"23.188496000","21.938476000","4162","140","192.168.10.22","8081","10.0.0.2","46884","88","311257","38"
,"23.188560000","21.938540000","4163","140","192.168.10.22","8081","10.0.0.2","46884","88","311345","38"
,"23.188576000","21.938556000","4164","140","192.168.10.22","8081","10.0.0.2","46884","88","311433","38"
,"23.188631000","21.938611000","4165","140","192.168.10.22","8081","10.0.0.2","46884","88","311521","38"
,"23.188644000","21.938624000","4166","140","192.168.10.22","8081","10.0.0.2","46884","88","311609","38"
,"23.188690000","21.938670000","4167","140","192.168.10.22","8081","10.0.0.2","46884","88","311697","38"
,"23.188701000","21.938681000","4168","140","192.168.10.22","8081","10.0.0.2","46884","88","311785","38"
,"23.188747000","21.938727000","4169","140","192.168.10.22","8081","10.0.0.2","46884","88","311873","38"
,"23.188761000","21.938741000","4170","140","192.168.10.22","8081","10.0.0.2","46884","88","311961","38"
,"23.249009000","21.998989000","4171","52","10.0.0.2","46884","192.168.10.22","8081","0","38","307385"
,"23.249017000","21.998997000","4172","52","10.0.0.2","46884","192.168.10.22","8081","0","38","307561"
,"23.250007000","21.999987000","4173","140","192.168.10.22","8081","10.0.0.2","46884","88","312049","38"
,"23.250049000","22.000029000","4174","140","192.168.10.22","8081","10.0.0.2","46884","88","312137","38"
,"23.250116000","22.000096000","4175","140","192.168.10.22","8081","10.0.0.2","46884","88","312225","38"
,"23.250132000","22.000112000","4176","140","192.168.10.22","8081","10.0.0.2","46884","88","312313","38"
,"23.250180000","22.000160000","4177","140","192.168.10.22","8081","10.0.0.2","46884","88","312401","38"
,"23.250192000","22.000172000","4178","140","192.168.10.22","8081","10.0.0.2","46884","88","312489","38"
,"23.250236000","22.000216000","4179","140","192.168.10.22","8081","10.0.0.2","46884","88","312577","38"
,"23.250247000","22.000227000","4180","140","192.168.10.22","8081","10.0.0.2","46884","88","312665","38"
,"23.250291000","22.000271000","4181","140","192.168.10.22","8081","10.0.0.2","46884","88","312753","38"
,"23.250306000","22.000286000","4182","140","192.168.10.22","8081","10.0.0.2","46884","88","312841","38"
,"23.312178000","22.062158000","4183","52","10.0.0.2","46884","192.168.10.22","8081","0","38","308353"
,"23.312188000","22.062168000","4184","52","10.0.0.2","46884","192.168.10.22","8081","0","38","308441"
,"23.313059000","22.063039000","4185","140","192.168.10.22","8081","10.0.0.2","46884","88","312929","38"
,"23.313095000","22.063075000","4186","140","192.168.10.22","8081","10.0.0.2","46884","88","313017","38"
,"23.313148000","22.063128000","4187","140","192.168.10.22","8081","10.0.0.2","46884","88","313105","38"
,"23.313160000","22.063140000","4188","140","192.168.10.22","8081","10.0.0.2","46884","88","313193","38"
,"23.313205000","22.063185000","4189","140","192.168.10.22","8081","10.0.0.2","46884","88","313281","38"
,"23.313216000","22.063196000","4190","140","192.168.10.22","8081","10.0.0.2","46884","88","313369","38"
,"23.313260000","22.063240000","4191","140","192.168.10.22","8081","10.0.0.2","46884","88","313457","38"
,"23.313272000","22.063252000","4192","140","192.168.10.22","8081","10.0.0.2","46884","88","313545","38"
,"23.313315000","22.063295000","4193","140","192.168.10.22","8081","10.0.0.2","46884","88","313633","38"
,"23.313328000","22.063308000","4194","140","192.168.10.22","8081","10.0.0.2","46884","88","313721","38"
,"23.374573000","22.124553000","4195","52","10.0.0.2","46884","192.168.10.22","8081","0","38","309321"
,"23.375605000","22.125585000","4196","140","192.168.10.22","8081","10.0.0.2","46884","88","313809","38"
,"23.375648000","22.125628000","4197","140","192.168.10.22","8081","10.0.0.2","46884","88","313897","38"
,"23.375710000","22.125690000","4198","140","192.168.10.22","8081","10.0.0.2","46884","88","313985","38"
,"23.375726000","22.125706000","4199","140","192.168.10.22","8081","10.0.0.2","46884","88","314073","38"
,"23.375782000","22.125762000","4200","140","192.168.10.22","8081","10.0.0.2","46884","88","314161","38"
,"23.375795000","22.125775000","4201","140","192.168.10.22","8081","10.0.0.2","46884","88","314249","38"
,"23.375840000","22.125820000","4202","140","192.168.10.22","8081","10.0.0.2","46884","88","314337","38"
,"23.375851000","22.125831000","4203","140","192.168.10.22","8081","10.0.0.2","46884","88","314425","38"
,"23.375930000","22.125910000","4204","140","192.168.10.22","8081","10.0.0.2","46884","88","314513","38"
,"23.375946000","22.125926000","4205","140","192.168.10.22","8081","10.0.0.2","46884","88","314601","38"
,"23.437107000","22.187087000","4206","52","10.0.0.2","46884","192.168.10.22","8081","0","38","309673"
,"23.437115000","22.187095000","4207","52","10.0.0.2","46884","192.168.10.22","8081","0","38","310289"
,"23.437990000","22.187970000","4208","140","192.168.10.22","8081","10.0.0.2","46884","88","314689","38"
,"23.438027000","22.188007000","4209","140","192.168.10.22","8081","10.0.0.2","46884","88","314777","38"
,"23.438078000","22.188058000","4210","140","192.168.10.22","8081","10.0.0.2","46884","88","314865","38"
,"23.438090000","22.188070000","4211","140","192.168.10.22","8081","10.0.0.2","46884","88","314953","38"
,"23.438135000","22.188115000","4212","140","192.168.10.22","8081","10.0.0.2","46884","88","315041","38"
,"23.438146000","22.188126000","4213","140","192.168.10.22","8081","10.0.0.2","46884","88","315129","38"
,"23.438191000","22.188171000","4214","140","192.168.10.22","8081","10.0.0.2","46884","88","315217","38"
,"23.438202000","22.188182000","4215","140","192.168.10.22","8081","10.0.0.2","46884","88","315305","38"
,"23.438246000","22.188226000","4216","140","192.168.10.22","8081","10.0.0.2","46884","88","315393","38"
,"23.438260000","22.188240000","4217","140","192.168.10.22","8081","10.0.0.2","46884","88","315481","38"
,"23.438304000","22.188284000","4218","140","192.168.10.22","8081","10.0.0.2","46884","88","315569","38"
,"23.438317000","22.188297000","4219","140","192.168.10.22","8081","10.0.0.2","46884","88","315657","38"
,"23.499830000","22.249810000","4220","52","10.0.0.2","46884","192.168.10.22","8081","0","38","311081"
,"23.499840000","22.249820000","4221","52","10.0.0.2","46884","192.168.10.22","8081","0","38","311169"
,"23.500827000","22.250807000","4222","140","192.168.10.22","8081","10.0.0.2","46884","88","315745","38"
,"23.500868000","22.250848000","4223","140","192.168.10.22","8081","10.0.0.2","46884","88","315833","38"
,"23.500974000","22.250954000","4224","140","192.168.10.22","8081","10.0.0.2","46884","88","315921","38"
,"23.500992000","22.250972000","4225","140","192.168.10.22","8081","10.0.0.2","46884","88","316009","38"
,"23.501040000","22.251020000","4226","140","192.168.10.22","8081","10.0.0.2","46884","88","316097","38"
,"23.501061000","22.251041000","4227","140","192.168.10.22","8081","10.0.0.2","46884","88","316185","38"
,"23.501108000","22.251088000","4228","140","192.168.10.22","8081","10.0.0.2","46884","88","316273","38"
,"23.501121000","22.251101000","4229","140","192.168.10.22","8081","10.0.0.2","46884","88","316361","38"
,"23.501166000","22.251146000","4230","140","192.168.10.22","8081","10.0.0.2","46884","88","316449","38"
,"23.501179000","22.251159000","4231","140","192.168.10.22","8081","10.0.0.2","46884","88","316537","38"
,"23.562171000","22.312151000","4232","52","10.0.0.2","46884","192.168.10.22","8081","0","38","311961"
,"23.562180000","22.312160000","4233","52","10.0.0.2","46884","192.168.10.22","8081","0","38","312137"
,"23.563118000","22.313098000","4234","140","192.168.10.22","8081","10.0.0.2","46884","88","316625","38"
,"23.563161000","22.313141000","4235","140","192.168.10.22","8081","10.0.0.2","46884","88","316713","38"
,"23.563231000","22.313211000","4236","140","192.168.10.22","8081","10.0.0.2","46884","88","316801","38"
,"23.563250000","22.313230000","4237","140","192.168.10.22","8081","10.0.0.2","46884","88","316889","38"
,"23.563300000","22.313280000","4238","140","192.168.10.22","8081","10.0.0.2","46884","88","316977","38"
,"23.563311000","22.313291000","4239","140","192.168.10.22","8081","10.0.0.2","46884","88","317065","38"
,"23.563356000","22.313336000","4240","140","192.168.10.22","8081","10.0.0.2","46884","88","317153","38"
,"23.563367000","22.313347000","4241","140","192.168.10.22","8081","10.0.0.2","46884","88","317241","38"
,"23.563412000","22.313392000","4242","140","192.168.10.22","8081","10.0.0.2","46884","88","317329","38"
,"23.563425000","22.313405000","4243","140","192.168.10.22","8081","10.0.0.2","46884","88","317417","38"
,"23.624661000","22.374641000","4244","52","10.0.0.2","46884","192.168.10.22","8081","0","38","312577"
,"23.624689000","22.374669000","4245","52","10.0.0.2","46884","192.168.10.22","8081","0","38","313017"
,"23.625711000","22.375691000","4246","140","192.168.10.22","8081","10.0.0.2","46884","88","317505","38"
,"23.625753000","22.375733000","4247","140","192.168.10.22","8081","10.0.0.2","46884","88","317593","38"
,"23.625820000","22.375800000","4248","140","192.168.10.22","8081","10.0.0.2","46884","88","317681","38"
,"23.625836000","22.375816000","4249","140","192.168.10.22","8081","10.0.0.2","46884","88","317769","38"
,"23.625925000","22.375905000","4250","140","192.168.10.22","8081","10.0.0.2","46884","88","317857","38"
,"23.625941000","22.375921000","4251","140","192.168.10.22","8081","10.0.0.2","46884","88","317945","38"
,"23.625989000","22.375969000","4252","140","192.168.10.22","8081","10.0.0.2","46884","88","318033","38"
,"23.626001000","22.375981000","4253","140","192.168.10.22","8081","10.0.0.2","46884","88","318121","38"
,"23.626046000","22.376026000","4254","140","192.168.10.22","8081","10.0.0.2","46884","88","318209","38"
,"23.626060000","22.376040000","4255","140","192.168.10.22","8081","10.0.0.2","46884","88","318297","38"
,"23.687462000","22.437442000","4256","52","10.0.0.2","46884","192.168.10.22","8081","0","38","313985"
,"23.688474000","22.438454000","4257","140","192.168.10.22","8081","10.0.0.2","46884","88","318385","38"
,"23.688516000","22.438496000","4258","140","192.168.10.22","8081","10.0.0.2","46884","88","318473","38"
,"23.688579000","22.438559000","4259","140","192.168.10.22","8081","10.0.0.2","46884","88","318561","38"
,"23.688595000","22.438575000","4260","140","192.168.10.22","8081","10.0.0.2","46884","88","318649","38"
,"23.688650000","22.438630000","4261","140","192.168.10.22","8081","10.0.0.2","46884","88","318737","38"
,"23.688663000","22.438643000","4262","140","192.168.10.22","8081","10.0.0.2","46884","88","318825","38"
,"23.688708000","22.438688000","4263","140","192.168.10.22","8081","10.0.0.2","46884","88","318913","38"
,"23.688719000","22.438699000","4264","140","192.168.10.22","8081","10.0.0.2","46884","88","319001","38"
,"23.688764000","22.438744000","4265","140","192.168.10.22","8081","10.0.0.2","46884","88","319089","38"
,"23.688777000","22.438757000","4266","140","192.168.10.22","8081","10.0.0.2","46884","88","319177","38"
,"23.688822000","22.438802000","4267","140","192.168.10.22","8081","10.0.0.2","46884","88","319265","38"
,"23.688835000","22.438815000","4268","140","192.168.10.22","8081","10.0.0.2","46884","88","319353","38"
,"23.749034000","22.499014000","4269","52","10.0.0.2","46884","192.168.10.22","8081","0","38","314865"
,"23.749937000","22.499917000","4270","140","192.168.10.22","8081","10.0.0.2","46884","88","319441","38"
,"23.749984000","22.499964000","4271","140","192.168.10.22","8081","10.0.0.2","46884","88","319529","38"
,"23.750036000","22.500016000","4272","140","192.168.10.22","8081","10.0.0.2","46884","88","319617","38"
,"23.750049000","22.500029000","4273","140","192.168.10.22","8081","10.0.0.2","46884","88","319705","38"
,"23.750094000","22.500074000","4274","140","192.168.10.22","8081","10.0.0.2","46884","88","319793","38"
,"23.750106000","22.500086000","4275","140","192.168.10.22","8081","10.0.0.2","46884","88","319881","38"
,"23.750150000","22.500130000","4276","140","192.168.10.22","8081","10.0.0.2","46884","88","319969","38"
,"23.750161000","22.500141000","4277","140","192.168.10.22","8081","10.0.0.2","46884","88","320057","38"
,"23.750206000","22.500186000","4278","140","192.168.10.22","8081","10.0.0.2","46884","88","320145","38"
,"23.750226000","22.500206000","4279","140","192.168.10.22","8081","10.0.0.2","46884","88","320233","38"
,"23.812371000","22.562351000","4280","52","10.0.0.2","46884","192.168.10.22","8081","0","38","315657"
,"23.812380000","22.562360000","4281","52","10.0.0.2","46884","192.168.10.22","8081","0","38","315833"
,"23.813343000","22.563323000","4282","140","192.168.10.22","8081","10.0.0.2","46884","88","320321","38"
,"23.813384000","22.563364000","4283","140","192.168.10.22","8081","10.0.0.2","46884","88","320409","38"
,"23.813444000","22.563424000","4284","140","192.168.10.22","8081","10.0.0.2","46884","88","320497","38"
,"23.813459000","22.563439000","4285","140","192.168.10.22","8081","10.0.0.2","46884","88","320585","38"
,"23.813513000","22.563493000","4286","140","192.168.10.22","8081","10.0.0.2","46884","88","320673","38"
,"23.813528000","22.563508000","4287","140","192.168.10.22","8081","10.0.0.2","46884","88","320761","38"
,"23.813573000","22.563553000","4288","140","192.168.10.22","8081","10.0.0.2","46884","88","320849","38"
,"23.813584000","22.563564000","4289","140","192.168.10.22","8081","10.0.0.2","46884","88","320937","38"
,"23.813629000","22.563609000","4290","140","192.168.10.22","8081","10.0.0.2","46884","88","321025","38"
,"23.813651000","22.563631000","4291","140","192.168.10.22","8081","10.0.0.2","46884","88","321113","38"
,"23.874474000","22.624454000","4292","52","10.0.0.2","46884","192.168.10.22","8081","0","38","316713"
,"23.875367000","22.625347000","4293","140","192.168.10.22","8081","10.0.0.2","46884","88","321201","38"
,"23.875405000","22.625385000","4294","140","192.168.10.22","8081","10.0.0.2","46884","88","321289","38"
,"23.875457000","22.625437000","4295","140","192.168.10.22","8081","10.0.0.2","46884","88","321377","38"
,"23.875469000","22.625449000","4296","140","192.168.10.22","8081","10.0.0.2","46884","88","321465","38"
,"23.875514000","22.625494000","4297","140","192.168.10.22","8081","10.0.0.2","46884","88","321553","38"
,"23.875525000","22.625505000","4298","140","192.168.10.22","8081","10.0.0.2","46884","88","321641","38"
,"23.875570000","22.625550000","4299","140","192.168.10.22","8081","10.0.0.2","46884","88","321729","38"
,"23.875583000","22.625563000","4300","140","192.168.10.22","8081","10.0.0.2","46884","88","321817","38"
,"23.875628000","22.625608000","4301","140","192.168.10.22","8081","10.0.0.2","46884","88","321905","38"
,"23.875640000","22.625620000","4302","140","192.168.10.22","8081","10.0.0.2","46884","88","321993","38"
,"23.937232000","22.687212000","4303","52","10.0.0.2","46884","192.168.10.22","8081","0","38","317505"
,"23.937259000","22.687239000","4304","52","10.0.0.2","46884","192.168.10.22","8081","0","38","317593"
,"23.938137000","22.688117000","4305","140","192.168.10.22","8081","10.0.0.2","46884","88","322081","38"
,"23.938171000","22.688151000","4306","140","192.168.10.22","8081","10.0.0.2","46884","88","322169","38"
,"23.938221000","22.688201000","4307","140","192.168.10.22","8081","10.0.0.2","46884","88","322257","38"
,"23.938233000","22.688213000","4308","140","192.168.10.22","8081","10.0.0.2","46884","88","322345","38"
,"23.938279000","22.688259000","4309","140","192.168.10.22","8081","10.0.0.2","46884","88","322433","38"
,"23.938292000","22.688272000","4310","140","192.168.10.22","8081","10.0.0.2","46884","88","322521","38"
,"23.938338000","22.688318000","4311","140","192.168.10.22","8081","10.0.0.2","46884","88","322609","38"
,"23.938362000","22.688342000","4312","140","192.168.10.22","8081","10.0.0.2","46884","88","322697","38"
,"23.938407000","22.688387000","4313","140","192.168.10.22","8081","10.0.0.2","46884","88","322785","38"
,"23.938421000","22.688401000","4314","140","192.168.10.22","8081","10.0.0.2","46884","88","322873","38"
,"23.999414000","22.749394000","4315","52","10.0.0.2","46884","192.168.10.22","8081","0","38","317945"
,"23.999424000","22.749404000","4316","52","10.0.0.2","46884","192.168.10.22","8081","0","38","318473"
,"23.999428000","22.749408000","4317","52","10.0.0.2","46884","192.168.10.22","8081","0","38","318561"
,"24.000208000","22.750188000","4318","140","192.168.10.22","8081","10.0.0.2","46884","88","322961","38"
,"24.000245000","22.750225000","4319","140","192.168.10.22","8081","10.0.0.2","46884","88","323049","38"
,"24.000299000","22.750279000","4320","140","192.168.10.22","8081","10.0.0.2","46884","88","323137","38"
,"24.000311000","22.750291000","4321","140","192.168.10.22","8081","10.0.0.2","46884","88","323225","38"
,"24.000360000","22.750340000","4322","140","192.168.10.22","8081","10.0.0.2","46884","88","323313","38"
,"24.000372000","22.750352000","4323","140","192.168.10.22","8081","10.0.0.2","46884","88","323401","38"
,"24.000419000","22.750399000","4324","140","192.168.10.22","8081","10.0.0.2","46884","88","323489","38"
,"24.000431000","22.750411000","4325","140","192.168.10.22","8081","10.0.0.2","46884","88","323577","38"
,"24.000478000","22.750458000","4326","140","192.168.10.22","8081","10.0.0.2","46884","88","323665","38"
,"24.000489000","22.750469000","4327","140","192.168.10.22","8081","10.0.0.2","46884","88","323753","38"
,"24.000534000","22.750514000","4328","140","192.168.10.22","8081","10.0.0.2","46884","88","323841","38"
,"24.000545000","22.750525000","4329","140","192.168.10.22","8081","10.0.0.2","46884","88","323929","38"
,"24.062223000","22.812203000","4330","52","10.0.0.2","46884","192.168.10.22","8081","0","38","319353"
,"24.062250000","22.812230000","4331","52","10.0.0.2","46884","192.168.10.22","8081","0","38","319441"
,"24.063117000","22.813097000","4332","140","192.168.10.22","8081","10.0.0.2","46884","88","324017","38"
,"24.063155000","22.813135000","4333","140","192.168.10.22","8081","10.0.0.2","46884","88","324105","38"
,"24.063207000","22.813187000","4334","140","192.168.10.22","8081","10.0.0.2","46884","88","324193","38"
,"24.063220000","22.813200000","4335","140","192.168.10.22","8081","10.0.0.2","46884","88","324281","38"
,"24.063265000","22.813245000","4336","140","192.168.10.22","8081","10.0.0.2","46884","88","324369","38"
,"24.063277000","22.813257000","4337","140","192.168.10.22","8081","10.0.0.2","46884","88","324457","38"
,"24.063322000","22.813302000","4338","140","192.168.10.22","8081","10.0.0.2","46884","88","324545","38"
,"24.063334000","22.813314000","4339","140","192.168.10.22","8081","10.0.0.2","46884","88","324633","38"
,"24.063380000","22.813360000","4340","140","192.168.10.22","8081","10.0.0.2","46884","88","324721","38"
,"24.063393000","22.813373000","4341","140","192.168.10.22","8081","10.0.0.2","46884","88","324809","38"
,"24.124893000","22.874873000","4342","52","10.0.0.2","46884","192.168.10.22","8081","0","38","320233"
,"24.124946000","22.874926000","4343","52","10.0.0.2","46884","192.168.10.22","8081","0","38","320409"
,"24.125871000","22.875851000","4344","140","192.168.10.22","8081","10.0.0.2","46884","88","324897","38"
,"24.125942000","22.875922000","4345","140","192.168.10.22","8081","10.0.0.2","46884","88","324985","38"
,"24.126007000","22.875987000","4346","140","192.168.10.22","8081","10.0.0.2","46884","88","325073","38"
,"24.126025000","22.876005000","4347","140","192.168.10.22","8081","10.0.0.2","46884","88","325161","38"
,"24.126074000","22.876054000","4348","140","192.168.10.22","8081","10.0.0.2","46884","88","325249","38"
,"24.126086000","22.876066000","4349","140","192.168.10.22","8081","10.0.0.2","46884","88","325337","38"
,"24.126130000","22.876110000","4350","140","192.168.10.22","8081","10.0.0.2","46884","88","325425","38"
,"24.126142000","22.876122000","4351","140","192.168.10.22","8081","10.0.0.2","46884","88","325513","38"
,"24.126187000","22.876167000","4352","140","192.168.10.22","8081","10.0.0.2","46884","88","325601","38"
,"24.126200000","22.876180000","4353","140","192.168.10.22","8081","10.0.0.2","46884","88","325689","38"
,"24.187961000","22.937941000","4354","52","10.0.0.2","46884","192.168.10.22","8081","0","38","321201"
,"24.187984000","22.937964000","4355","52","10.0.0.2","46884","192.168.10.22","8081","0","38","321289"
,"24.188982000","22.938962000","4356","140","192.168.10.22","8081","10.0.0.2","46884","88","325777","38"
,"24.189024000","22.939004000","4357","140","192.168.10.22","8081","10.0.0.2","46884","88","325865","38"
,"24.189086000","22.939066000","4358","140","192.168.10.22","8081","10.0.0.2","46884","88","325953","38"
,"24.189103000","22.939083000","4359","140","192.168.10.22","8081","10.0.0.2","46884","88","326041","38"
,"24.189153000","22.939133000","4360","140","192.168.10.22","8081","10.0.0.2","46884","88","326129","38"
,"24.189165000","22.939145000","4361","140","192.168.10.22","8081","10.0.0.2","46884","88","326217","38"
,"24.189209000","22.939189000","4362","140","192.168.10.22","8081","10.0.0.2","46884","88","326305","38"
,"24.189220000","22.939200000","4363","140","192.168.10.22","8081","10.0.0.2","46884","88","326393","38"
,"24.189264000","22.939244000","4364","140","192.168.10.22","8081","10.0.0.2","46884","88","326481","38"
,"24.189287000","22.939267000","4365","140","192.168.10.22","8081","10.0.0.2","46884","88","326569","38"
,"24.249256000","22.999236000","4366","52","10.0.0.2","46884","192.168.10.22","8081","0","38","321993"
,"24.249281000","22.999261000","4367","52","10.0.0.2","46884","192.168.10.22","8081","0","38","322257"
,"24.250184000","23.000164000","4368","140","192.168.10.22","8081","10.0.0.2","46884","88","326657","38"
,"24.250222000","23.000202000","4369","140","192.168.10.22","8081","10.0.0.2","46884","88","326745","38"
,"24.250275000","23.000255000","4370","140","192.168.10.22","8081","10.0.0.2","46884","88","326833","38"
,"24.250287000","23.000267000","4371","140","192.168.10.22","8081","10.0.0.2","46884","88","326921","38"
,"24.250333000","23.000313000","4372","140","192.168.10.22","8081","10.0.0.2","46884","88","327009","38"
,"24.250345000","23.000325000","4373","140","192.168.10.22","8081","10.0.0.2","46884","88","327097","38"
,"24.250389000","23.000369000","4374","140","192.168.10.22","8081","10.0.0.2","46884","88","327185","38"
,"24.250402000","23.000382000","4375","140","192.168.10.22","8081","10.0.0.2","46884","88","327273","38"
,"24.250446000","23.000426000","4376","140","192.168.10.22","8081","10.0.0.2","46884","88","327361","38"
,"24.250458000","23.000438000","4377","140","192.168.10.22","8081","10.0.0.2","46884","88","327449","38"
,"24.250503000","23.000483000","4378","140","192.168.10.22","8081","10.0.0.2","46884","88","327537","38"
,"24.250517000","23.000497000","4379","140","192.168.10.22","8081","10.0.0.2","46884","88","327625","38"
,"24.312752000","23.062732000","4380","52","10.0.0.2","46884","192.168.10.22","8081","0","38","323049"
,"24.312761000","23.062741000","4381","52","10.0.0.2","46884","192.168.10.22","8081","0","38","323137"
,"24.313746000","23.063726000","4382","140","192.168.10.22","8081","10.0.0.2","46884","88","327713","38"
,"24.313788000","23.063768000","4383","140","192.168.10.22","8081","10.0.0.2","46884","88","327801","38"
,"24.313853000","23.063833000","4384","140","192.168.10.22","8081","10.0.0.2","46884","88","327889","38"
,"24.313869000","23.063849000","4385","140","192.168.10.22","8081","10.0.0.2","46884","88","327977","38"
,"24.313970000","23.063950000","4386","140","192.168.10.22","8081","10.0.0.2","46884","88","328065","38"
,"24.313986000","23.063966000","4387","140","192.168.10.22","8081","10.0.0.2","46884","88","328153","38"
,"24.314031000","23.064011000","4388","140","192.168.10.22","8081","10.0.0.2","46884","88","328241","38"
,"24.314045000","23.064025000","4389","140","192.168.10.22","8081","10.0.0.2","46884","88","328329","38"
,"24.314090000","23.064070000","4390","140","192.168.10.22","8081","10.0.0.2","46884","88","328417","38"
,"24.314103000","23.064083000","4391","140","192.168.10.22","8081","10.0.0.2","46884","88","328505","38"
,"24.374853000","23.124833000","4392","52","10.0.0.2","46884","192.168.10.22","8081","0","38","323929"
,"24.374896000","23.124876000","4393","52","10.0.0.2","46884","192.168.10.22","8081","0","38","324105"
,"24.375831000","23.125811000","4394","140","192.168.10.22","8081","10.0.0.2","46884","88","328593","38"
,"24.375872000","23.125852000","4395","140","192.168.10.22","8081","10.0.0.2","46884","88","328681","38"
,"24.375978000","23.125958000","4396","140","192.168.10.22","8081","10.0.0.2","46884","88","328769","38"
,"24.375995000","23.125975000","4397","140","192.168.10.22","8081","10.0.0.2","46884","88","328857","38"
,"24.376043000","23.126023000","4398","140","192.168.10.22","8081","10.0.0.2","46884","88","328945","38"
,"24.376064000","23.126044000","4399","140","192.168.10.22","8081","10.0.0.2","46884","88","329033","38"
,"24.376109000","23.126089000","4400","140","192.168.10.22","8081","10.0.0.2","46884","88","329121","38"
,"24.376122000","23.126102000","4401","140","192.168.10.22","8081","10.0.0.2","46884","88","329209","38"
,"24.376167000","23.126147000","4402","140","192.168.10.22","8081","10.0.0.2","46884","88","329297","38"
,"24.376180000","23.126160000","4403","140","192.168.10.22","8081","10.0.0.2","46884","88","329385","38"
,"24.437708000","23.187688000","4404","52","10.0.0.2","46884","192.168.10.22","8081","0","38","324897"
,"24.437737000","23.187717000","4405","52","10.0.0.2","46884","192.168.10.22","8081","0","38","324985"
,"24.438711000","23.188691000","4406","140","192.168.10.22","8081","10.0.0.2","46884","88","329473","38"
,"24.438752000","23.188732000","4407","140","192.168.10.22","8081","10.0.0.2","46884","88","329561","38"
,"24.438817000","23.188797000","4408","140","192.168.10.22","8081","10.0.0.2","46884","88","329649","38"
,"24.438832000","23.188812000","4409","140","192.168.10.22","8081","10.0.0.2","46884","88","329737","38"
,"24.438924000","23.188904000","4410","140","192.168.10.22","8081","10.0.0.2","46884","88","329825","38"
,"24.438940000","23.188920000","4411","140","192.168.10.22","8081","10.0.0.2","46884","88","329913","38"
,"24.438988000","23.188968000","4412","140","192.168.10.22","8081","10.0.0.2","46884","88","330001","38"
,"24.439009000","23.188989000","4413","140","192.168.10.22","8081","10.0.0.2","46884","88","330089","38"
,"24.439055000","23.189035000","4414","140","192.168.10.22","8081","10.0.0.2","46884","88","330177","38"
,"24.439068000","23.189048000","4415","140","192.168.10.22","8081","10.0.0.2","46884","88","330265","38"
,"24.499255000","23.249235000","4416","52","10.0.0.2","46884","192.168.10.22","8081","0","38","325689"
,"24.499283000","23.249263000","4417","52","10.0.0.2","46884","192.168.10.22","8081","0","38","325865"
,"24.500159000","23.250139000","4418","140","192.168.10.22","8081","10.0.0.2","46884","88","330353","38"
,"24.500197000","23.250177000","4419","140","192.168.10.22","8081","10.0.0.2","46884","88","330441","38"
,"24.500246000","23.250226000","4420","140","192.168.10.22","8081","10.0.0.2","46884","88","330529","38"
,"24.500258000","23.250238000","4421","140","192.168.10.22","8081","10.0.0.2","46884","88","330617","38"
,"24.500303000","23.250283000","4422","140","192.168.10.22","8081","10.0.0.2","46884","88","330705","38"
,"24.500315000","23.250295000","4423","140","192.168.10.22","8081","10.0.0.2","46884","88","330793","38"
,"24.500360000","23.250340000","4424","140","192.168.10.22","8081","10.0.0.2","46884","88","330881","38"
,"24.500374000","23.250354000","4425","140","192.168.10.22","8081","10.0.0.2","46884","88","330969","38"
,"24.500420000","23.250400000","4426","140","192.168.10.22","8081","10.0.0.2","46884","88","331057","38"
,"24.500434000","23.250414000","4427","140","192.168.10.22","8081","10.0.0.2","46884","88","331145","38"
,"24.562846000","23.312826000","4428","52","10.0.0.2","46884","192.168.10.22","8081","0","38","326305"
,"24.562893000","23.312873000","4429","52","10.0.0.2","46884","192.168.10.22","8081","0","38","326833"
,"24.563848000","23.313828000","4430","140","192.168.10.22","8081","10.0.0.2","46884","88","331233","38"
,"24.563928000","23.313908000","4431","140","192.168.10.22","8081","10.0.0.2","46884","88","331321","38"
,"24.564003000","23.313983000","4432","140","192.168.10.22","8081","10.0.0.2","46884","88","331409","38"
,"24.564017000","23.313997000","4433","140","192.168.10.22","8081","10.0.0.2","46884","88","331497","38"
,"24.564063000","23.314043000","4434","140","192.168.10.22","8081","10.0.0.2","46884","88","331585","38"
,"24.564075000","23.314055000","4435","140","192.168.10.22","8081","10.0.0.2","46884","88","331673","38"
,"24.564119000","23.314099000","4436","140","192.168.10.22","8081","10.0.0.2","46884","88","331761","38"
,"24.564134000","23.314114000","4437","140","192.168.10.22","8081","10.0.0.2","46884","88","331849","38"
,"24.564180000","23.314160000","4438","140","192.168.10.22","8081","10.0.0.2","46884","88","331937","38"
,"24.564194000","23.314174000","4439","140","192.168.10.22","8081","10.0.0.2","46884","88","332025","38"
,"24.564239000","23.314219000","4440","140","192.168.10.22","8081","10.0.0.2","46884","88","332113","38"
,"24.564252000","23.314232000","4441","140","192.168.10.22","8081","10.0.0.2","46884","88","332201","38"
,"24.624654000","23.374634000","4442","52","10.0.0.2","46884","192.168.10.22","8081","0","38","327625"
,"24.624677000","23.374657000","4443","52","10.0.0.2","46884","192.168.10.22","8081","0","38","327713"
,"24.625651000","23.375631000","4444","140","192.168.10.22","8081","10.0.0.2","46884","88","332289","38"
,"24.625692000","23.375672000","4445","140","192.168.10.22","8081","10.0.0.2","46884","88","332377","38"
,"24.625756000","23.375736000","4446","140","192.168.10.22","8081","10.0.0.2","46884","88","332465","38"
,"24.625773000","23.375753000","4447","140","192.168.10.22","8081","10.0.0.2","46884","88","332553","38"
,"24.625826000","23.375806000","4448","140","192.168.10.22","8081","10.0.0.2","46884","88","332641","38"
,"24.625839000","23.375819000","4449","140","192.168.10.22","8081","10.0.0.2","46884","88","332729","38"
,"24.625914000","23.375894000","4450","140","192.168.10.22","8081","10.0.0.2","46884","88","332817","38"
,"24.625928000","23.375908000","4451","140","192.168.10.22","8081","10.0.0.2","46884","88","332905","38"
,"24.625974000","23.375954000","4452","140","192.168.10.22","8081","10.0.0.2","46884","88","332993","38"
,"24.625988000","23.375968000","4453","140","192.168.10.22","8081","10.0.0.2","46884","88","333081","38"
,"24.687165000","23.437145000","4454","52","10.0.0.2","46884","192.168.10.22","8081","0","38","328505"
,"24.687193000","23.437173000","4455","52","10.0.0.2","46884","192.168.10.22","8081","0","38","328681"
,"24.688229000","23.438209000","4456","140","192.168.10.22","8081","10.0.0.2","46884","88","333169","38"
,"24.688270000","23.438250000","4457","140","192.168.10.22","8081","10.0.0.2","46884","88","333257","38"
,"24.688333000","23.438313000","4458","140","192.168.10.22","8081","10.0.0.2","46884","88","333345","38"
,"24.688350000","23.438330000","4459","140","192.168.10.22","8081","10.0.0.2","46884","88","333433","38"
,"24.688403000","23.438383000","4460","140","192.168.10.22","8081","10.0.0.2","46884","88","333521","38"
,"24.688415000","23.438395000","4461","140","192.168.10.22","8081","10.0.0.2","46884","88","333609","38"
,"24.688462000","23.438442000","4462","140","192.168.10.22","8081","10.0.0.2","46884","88","333697","38"
,"24.688473000","23.438453000","4463","140","192.168.10.22","8081","10.0.0.2","46884","88","333785","38"
,"24.688518000","23.438498000","4464","140","192.168.10.22","8081","10.0.0.2","46884","88","333873","38"
,"24.688532000","23.438512000","4465","140","192.168.10.22","8081","10.0.0.2","46884","88","333961","38"
,"24.749606000","23.499586000","4466","52","10.0.0.2","46884","192.168.10.22","8081","0","38","329473"
,"24.749632000","23.499612000","4467","52","10.0.0.2","46884","192.168.10.22","8081","0","38","329561"
,"24.750646000","23.500626000","4468","140","192.168.10.22","8081","10.0.0.2","46884","88","334049","38"
,"24.750687000","23.500667000","4469","140","192.168.10.22","8081","10.0.0.2","46884","88","334137","38"
,"24.750750000","23.500730000","4470","140","192.168.10.22","8081","10.0.0.2","46884","88","334225","38"
,"24.750766000","23.500746000","4471","140","192.168.10.22","8081","10.0.0.2","46884","88","334313","38"
,"24.750821000","23.500801000","4472","140","192.168.10.22","8081","10.0.0.2","46884","88","334401","38"
,"24.750836000","23.500816000","4473","140","192.168.10.22","8081","10.0.0.2","46884","88","334489","38"
,"24.750918000","23.500898000","4474","140","192.168.10.22","8081","10.0.0.2","46884","88","334577","38"
,"24.750932000","23.500912000","4475","140","192.168.10.22","8081","10.0.0.2","46884","88","334665","38"
,"24.750977000","23.500957000","4476","140","192.168.10.22","8081","10.0.0.2","46884","88","334753","38"
,"24.750990000","23.500970000","4477","140","192.168.10.22","8081","10.0.0.2","46884","88","334841","38"
,"24.812900000","23.562880000","4478","52","10.0.0.2","46884","192.168.10.22","8081","0","38","330353"
,"24.812943000","23.562923000","4479","52","10.0.0.2","46884","192.168.10.22","8081","0","38","330529"
,"24.813926000","23.563906000","4480","140","192.168.10.22","8081","10.0.0.2","46884","88","334929","38"
,"24.813969000","23.563949000","4481","140","192.168.10.22","8081","10.0.0.2","46884","88","335017","38"
,"24.814036000","23.564016000","4482","140","192.168.10.22","8081","10.0.0.2","46884","88","335105","38"
,"24.814052000","23.564032000","4483","140","192.168.10.22","8081","10.0.0.2","46884","88","335193","38"
,"24.814100000","23.564080000","4484","140","192.168.10.22","8081","10.0.0.2","46884","88","335281","38"
,"24.814111000","23.564091000","4485","140","192.168.10.22","8081","10.0.0.2","46884","88","335369","38"
,"24.814156000","23.564136000","4486","140","192.168.10.22","8081","10.0.0.2","46884","88","335457","38"
,"24.814168000","23.564148000","4487","140","192.168.10.22","8081","10.0.0.2","46884","88","335545","38"
,"24.814212000","23.564192000","4488","140","192.168.10.22","8081","10.0.0.2","46884","88","335633","38"
,"24.814226000","23.564206000","4489","140","192.168.10.22","8081","10.0.0.2","46884","88","335721","38"
,"24.814273000","23.564253000","4490","140","192.168.10.22","8081","10.0.0.2","46884","88","335809","38"
,"24.814286000","23.564266000","4491","140","192.168.10.22","8081","10.0.0.2","46884","88","335897","38"
,"24.874218000","23.624198000","4492","52","10.0.0.2","46884","192.168.10.22","8081","0","38","331321"
,"24.874244000","23.624224000","4493","52","10.0.0.2","46884","192.168.10.22","8081","0","38","331409"
,"24.875157000","23.625137000","4494","140","192.168.10.22","8081","10.0.0.2","46884","88","335985","38"
,"24.875196000","23.625176000","4495","140","192.168.10.22","8081","10.0.0.2","46884","88","336073","38"
,"24.875249000","23.625229000","4496","140","192.168.10.22","8081","10.0.0.2","46884","88","336161","38"
,"24.875261000","23.625241000","4497","140","192.168.10.22","8081","10.0.0.2","46884","88","336249","38"
,"24.875307000","23.625287000","4498","140","192.168.10.22","8081","10.0.0.2","46884","88","336337","38"
,"24.875318000","23.625298000","4499","140","192.168.10.22","8081","10.0.0.2","46884","88","336425","38"
,"24.875363000","23.625343000","4500","140","192.168.10.22","8081","10.0.0.2","46884","88","336513","38"
,"24.875375000","23.625355000","4501","140","192.168.10.22","8081","10.0.0.2","46884","88","336601","38"
,"24.875419000","23.625399000","4502","140","192.168.10.22","8081","10.0.0.2","46884","88","336689","38"
,"24.875439000","23.625419000","4503","140","192.168.10.22","8081","10.0.0.2","46884","88","336777","38"
,"24.937586000","23.687566000","4504","52","10.0.0.2","46884","192.168.10.22","8081","0","38","332201"
,"24.937616000","23.687596000","4505","52","10.0.0.2","46884","192.168.10.22","8081","0","38","332377"
,"24.938618000","23.688598000","4506","140","192.168.10.22","8081","10.0.0.2","46884","88","336865","38"
,"24.938659000","23.688639000","4507","140","192.168.10.22","8081","10.0.0.2","46884","88","336953","38"
,"24.938721000","23.688701000","4508","140","192.168.10.22","8081","10.0.0.2","46884","88","337041","38"
,"24.938736000","23.688716000","4509","140","192.168.10.22","8081","10.0.0.2","46884","88","337129","38"
,"24.938791000","23.688771000","4510","140","192.168.10.22","8081","10.0.0.2","46884","88","337217","38"
,"24.938807000","23.688787000","4511","140","192.168.10.22","8081","10.0.0.2","46884","88","337305","38"
,"24.938853000","23.688833000","4512","140","192.168.10.22","8081","10.0.0.2","46884","88","337393","38"
,"24.938865000","23.688845000","4513","140","192.168.10.22","8081","10.0.0.2","46884","88","337481","38"
,"24.938955000","23.688935000","4514","140","192.168.10.22","8081","10.0.0.2","46884","88","337569","38"
,"24.938975000","23.688955000","4515","140","192.168.10.22","8081","10.0.0.2","46884","88","337657","38"
,"24.999242000","23.749222000","4516","52","10.0.0.2","46884","192.168.10.22","8081","0","38","333169"
,"24.999251000","23.749231000","4517","52","10.0.0.2","46884","192.168.10.22","8081","0","38","333257"
,"25.000237000","23.750217000","4518","140","192.168.10.22","8081","10.0.0.2","46884","88","337745","38"
,"25.000278000","23.750258000","4519","140","192.168.10.22","8081","10.0.0.2","46884","88","337833","38"
,"25.000343000","23.750323000","4520","140","192.168.10.22","8081","10.0.0.2","46884","88","337921","38"
,"25.000360000","23.750340000","4521","140","192.168.10.22","8081","10.0.0.2","46884","88","338009","38"
,"25.000413000","23.750393000","4522","140","192.168.10.22","8081","10.0.0.2","46884","88","338097","38"
,"25.000426000","23.750406000","4523","140","192.168.10.22","8081","10.0.0.2","46884","88","338185","38"
,"25.000472000","23.750452000","4524","140","192.168.10.22","8081","10.0.0.2","46884","88","338273","38"
,"25.000484000","23.750464000","4525","140","192.168.10.22","8081","10.0.0.2","46884","88","338361","38"
,"25.000528000","23.750508000","4526","140","192.168.10.22","8081","10.0.0.2","46884","88","338449","38"
,"25.000541000","23.750521000","4527","140","192.168.10.22","8081","10.0.0.2","46884","88","338537","38"
,"25.062576000","23.812556000","4528","52","10.0.0.2","46884","192.168.10.22","8081","0","38","334049"
,"25.062604000","23.812584000","4529","52","10.0.0.2","46884","192.168.10.22","8081","0","38","334137"
,"25.063625000","23.813605000","4530","140","192.168.10.22","8081","10.0.0.2","46884","88","338625","38"
,"25.063667000","23.813647000","4531","140","192.168.10.22","8081","10.0.0.2","46884","88","338713","38"
,"25.063727000","23.813707000","4532","140","192.168.10.22","8081","10.0.0.2","46884","88","338801","38"
,"25.063743000","23.813723000","4533","140","192.168.10.22","8081","10.0.0.2","46884","88","338889","38"
,"25.063798000","23.813778000","4534","140","192.168.10.22","8081","10.0.0.2","46884","88","338977","38"
,"25.063812000","23.813792000","4535","140","192.168.10.22","8081","10.0.0.2","46884","88","339065","38"
,"25.063857000","23.813837000","4536","140","192.168.10.22","8081","10.0.0.2","46884","88","339153","38"
,"25.063869000","23.813849000","4537","140","192.168.10.22","8081","10.0.0.2","46884","88","339241","38"
,"25.063952000","23.813932000","4538","140","192.168.10.22","8081","10.0.0.2","46884","88","339329","38"
,"25.063968000","23.813948000","4539","140","192.168.10.22","8081","10.0.0.2","46884","88","339417","38"
,"25.124997000","23.874977000","4540","52","10.0.0.2","46884","192.168.10.22","8081","0","38","334841"
,"25.125025000","23.875005000","4541","52","10.0.0.2","46884","192.168.10.22","8081","0","38","335105"
,"25.126026000","23.876006000","4542","140","192.168.10.22","8081","10.0.0.2","46884","88","339505","38"
,"25.126069000","23.876049000","4543","140","192.168.10.22","8081","10.0.0.2","46884","88","339593","38"
,"25.126130000","23.876110000","4544","140","192.168.10.22","8081","10.0.0.2","46884","88","339681","38"
,"25.126145000","23.876125000","4545","140","192.168.10.22","8081","10.0.0.2","46884","88","339769","38"
,"25.126197000","23.876177000","4546","140","192.168.10.22","8081","10.0.0.2","46884","88","339857","38"
,"25.126210000","23.876190000","4547","140","192.168.10.22","8081","10.0.0.2","46884","88","339945","38"
,"25.126255000","23.876235000","4548","140","192.168.10.22","8081","10.0.0.2","46884","88","340033","38"
,"25.126266000","23.876246000","4549","140","192.168.10.22","8081","10.0.0.2","46884","88","340121","38"
,"25.126311000","23.876291000","4550","140","192.168.10.22","8081","10.0.0.2","46884","88","340209","38"
,"25.126325000","23.876305000","4551","140","192.168.10.22","8081","10.0.0.2","46884","88","340297","38"
,"25.126371000","23.876351000","4552","140","192.168.10.22","8081","10.0.0.2","46884","88","340385","38"
,"25.126384000","23.876364000","4553","140","192.168.10.22","8081","10.0.0.2","46884","88","340473","38"
,"25.187225000","23.937205000","4554","52","10.0.0.2","46884","192.168.10.22","8081","0","38","335809"
,"25.187252000","23.937232000","4555","52","10.0.0.2","46884","192.168.10.22","8081","0","38","335985"
,"25.188159000","23.938139000","4556","140","192.168.10.22","8081","10.0.0.2","46884","88","340561","38"
,"25.188196000","23.938176000","4557","140","192.168.10.22","8081","10.0.0.2","46884","88","340649","38"
,"25.188246000","23.938226000","4558","140","192.168.10.22","8081","10.0.0.2","46884","88","340737","38"
,"25.188258000","23.938238000","4559","140","192.168.10.22","8081","10.0.0.2","46884","88","340825","38"
,"25.188303000","23.938283000","4560","140","192.168.10.22","8081","10.0.0.2","46884","88","340913","38"
,"25.188315000","23.938295000","4561","140","192.168.10.22","8081","10.0.0.2","46884","88","341001","38"
,"25.188359000","23.938339000","4562","140","192.168.10.22","8081","10.0.0.2","46884","88","341089","38"
,"25.188370000","23.938350000","4563","140","192.168.10.22","8081","10.0.0.2","46884","88","341177","38"
,"25.188415000","23.938395000","4564","140","192.168.10.22","8081","10.0.0.2","46884","88","341265","38"
,"25.188428000","23.938408000","4565","140","192.168.10.22","8081","10.0.0.2","46884","88","341353","38"
,"25.249541000","23.999521000","4566","52","10.0.0.2","46884","192.168.10.22","8081","0","38","336777"
,"25.249569000","23.999549000","4567","52","10.0.0.2","46884","192.168.10.22","8081","0","38","336953"
,"25.250562000","24.000542000","4568","140","192.168.10.22","8081","10.0.0.2","46884","88","341441","38"
,"25.250605000","24.000585000","4569","140","192.168.10.22","8081","10.0.0.2","46884","88","341529","38"
,"25.250671000","24.000651000","4570","140","192.168.10.22","8081","10.0.0.2","46884","88","341617","38"
,"25.250687000","24.000667000","4571","140","192.168.10.22","8081","10.0.0.2","46884","88","341705","38"
,"25.250744000","24.000724000","4572","140","192.168.10.22","8081","10.0.0.2","46884","88","341793","38"
,"25.250757000","24.000737000","4573","140","192.168.10.22","8081","10.0.0.2","46884","88","341881","38"
,"25.250803000","24.000783000","4574","140","192.168.10.22","8081","10.0.0.2","46884","88","341969","38"
,"25.250814000","24.000794000","4575","140","192.168.10.22","8081","10.0.0.2","46884","88","342057","38"
,"25.250858000","24.000838000","4576","140","192.168.10.22","8081","10.0.0.2","46884","88","342145","38"
,"25.250872000","24.000852000","4577","140","192.168.10.22","8081","10.0.0.2","46884","88","342233","38"
,"25.313013000","24.062993000","4578","52","10.0.0.2","46884","192.168.10.22","8081","0","38","337657"
,"25.313041000","24.063021000","4579","52","10.0.0.2","46884","192.168.10.22","8081","0","38","337833"
,"25.314036000","24.064016000","4580","140","192.168.10.22","8081","10.0.0.2","46884","88","342321","38"
,"25.314077000","24.064057000","4581","140","192.168.10.22","8081","10.0.0.2","46884","88","342409","38"
,"25.314140000","24.064120000","4582","140","192.168.10.22","8081","10.0.0.2","46884","88","342497","38"
,"25.314156000","24.064136000","4583","140","192.168.10.22","8081","10.0.0.2","46884","88","342585","38"
,"25.314212000","24.064192000","4584","140","192.168.10.22","8081","10.0.0.2","46884","88","342673","38"
,"25.314225000","24.064205000","4585","140","192.168.10.22","8081","10.0.0.2","46884","88","342761","38"
,"25.314270000","24.064250000","4586","140","192.168.10.22","8081","10.0.0.2","46884","88","342849","38"
,"25.314282000","24.064262000","4587","140","192.168.10.22","8081","10.0.0.2","46884","88","342937","38"
,"25.314326000","24.064306000","4588","140","192.168.10.22","8081","10.0.0.2","46884","88","343025","38"
,"25.314340000","24.064320000","4589","140","192.168.10.22","8081","10.0.0.2","46884","88","343113","38"
,"25.374285000","24.124265000","4590","52","10.0.0.2","46884","192.168.10.22","8081","0","38","338625"
,"25.374310000","24.124290000","4591","52","10.0.0.2","46884","192.168.10.22","8081","0","38","338801"
,"25.375224000","24.125204000","4592","140","192.168.10.22","8081","10.0.0.2","46884","88","343201","38"
,"25.375261000","24.125241000","4593","140","192.168.10.22","8081","10.0.0.2","46884","88","343289","38"
,"25.375314000","24.125294000","4594","140","192.168.10.22","8081","10.0.0.2","46884","88","343377","38"
,"25.375326000","24.125306000","4595","140","192.168.10.22","8081","10.0.0.2","46884","88","343465","38"
,"25.375372000","24.125352000","4596","140","192.168.10.22","8081","10.0.0.2","46884","88","343553","38"
,"25.375384000","24.125364000","4597","140","192.168.10.22","8081","10.0.0.2","46884","88","343641","38"
,"25.375429000","24.125409000","4598","140","192.168.10.22","8081","10.0.0.2","46884","88","343729","38"
,"25.375440000","24.125420000","4599","140","192.168.10.22","8081","10.0.0.2","46884","88","343817","38"
,"25.375485000","24.125465000","4600","140","192.168.10.22","8081","10.0.0.2","46884","88","343905","38"
,"25.375498000","24.125478000","4601","140","192.168.10.22","8081","10.0.0.2","46884","88","343993","38"
,"25.375543000","24.125523000","4602","140","192.168.10.22","8081","10.0.0.2","46884","88","344081","38"
,"25.375556000","24.125536000","4603","140","192.168.10.22","8081","10.0.0.2","46884","88","344169","38"
,"25.437854000","24.187834000","4604","52","10.0.0.2","46884","192.168.10.22","8081","0","38","339153"
,"25.437903000","24.187883000","4605","52","10.0.0.2","46884","192.168.10.22","8081","0","38","339681"
,"25.438843000","24.188823000","4606","140","192.168.10.22","8081","10.0.0.2","46884","88","344257","38"
,"25.438922000","24.188902000","4607","140","192.168.10.22","8081","10.0.0.2","46884","88","344345","38"
,"25.438994000","24.188974000","4608","140","192.168.10.22","8081","10.0.0.2","46884","88","344433","38"
,"25.439010000","24.188990000","4609","140","192.168.10.22","8081","10.0.0.2","46884","88","344521","38"
,"25.439056000","24.189036000","4610","140","192.168.10.22","8081","10.0.0.2","46884","88","344609","38"
,"25.439071000","24.189051000","4611","140","192.168.10.22","8081","10.0.0.2","46884","88","344697","38"
,"25.439117000","24.189097000","4612","140","192.168.10.22","8081","10.0.0.2","46884","88","344785","38"
,"25.439131000","24.189111000","4613","140","192.168.10.22","8081","10.0.0.2","46884","88","344873","38"
,"25.439176000","24.189156000","4614","140","192.168.10.22","8081","10.0.0.2","46884","88","344961","38"
,"25.439189000","24.189169000","4615","140","192.168.10.22","8081","10.0.0.2","46884","88","345049","38"
,"25.499399000","24.249379000","4616","52","10.0.0.2","46884","192.168.10.22","8081","0","38","340561"
,"25.499425000","24.249405000","4617","52","10.0.0.2","46884","192.168.10.22","8081","0","38","340649"
,"25.500439000","24.250419000","4618","140","192.168.10.22","8081","10.0.0.2","46884","88","345137","38"
,"25.500480000","24.250460000","4619","140","192.168.10.22","8081","10.0.0.2","46884","88","345225","38"
,"25.500540000","24.250520000","4620","140","192.168.10.22","8081","10.0.0.2","46884","88","345313","38"
,"25.500556000","24.250536000","4621","140","192.168.10.22","8081","10.0.0.2","46884","88","345401","38"
,"25.500611000","24.250591000","4622","140","192.168.10.22","8081","10.0.0.2","46884","88","345489","38"
,"25.500627000","24.250607000","4623","140","192.168.10.22","8081","10.0.0.2","46884","88","345577","38"
,"25.500676000","24.250656000","4624","140","192.168.10.22","8081","10.0.0.2","46884","88","345665","38"
,"25.500687000","24.250667000","4625","140","192.168.10.22","8081","10.0.0.2","46884","88","345753","38"
,"25.500732000","24.250712000","4626","140","192.168.10.22","8081","10.0.0.2","46884","88","345841","38"
,"25.500747000","24.250727000","4627","140","192.168.10.22","8081","10.0.0.2","46884","88","345929","38"
,"25.562799000","24.312779000","4628","52","10.0.0.2","46884","192.168.10.22","8081","0","38","341441"
,"25.562825000","24.312805000","4629","52","10.0.0.2","46884","192.168.10.22","8081","0","38","341529"
,"25.563867000","24.313847000","4630","140","192.168.10.22","8081","10.0.0.2","46884","88","346017","38"
,"25.563956000","24.313936000","4631","140","192.168.10.22","8081","10.0.0.2","46884","88","346105","38"
,"25.564022000","24.314002000","4632","140","192.168.10.22","8081","10.0.0.2","46884","88","346193","38"
,"25.564036000","24.314016000","4633","140","192.168.10.22","8081","10.0.0.2","46884","88","346281","38"
,"25.564081000","24.314061000","4634","140","192.168.10.22","8081","10.0.0.2","46884","88","346369","38"
,"25.564096000","24.314076000","4635","140","192.168.10.22","8081","10.0.0.2","46884","88","346457","38"
,"25.564142000","24.314122000","4636","140","192.168.10.22","8081","10.0.0.2","46884","88","346545","38"
,"25.564155000","24.314135000","4637","140","192.168.10.22","8081","10.0.0.2","46884","88","346633","38"
,"25.564199000","24.314179000","4638","140","192.168.10.22","8081","10.0.0.2","46884","88","346721","38"
,"25.564214000","24.314194000","4639","140","192.168.10.22","8081","10.0.0.2","46884","88","346809","38"
,"25.624286000","24.374266000","4640","52","10.0.0.2","46884","192.168.10.22","8081","0","38","342057"
,"25.624313000","24.374293000","4641","52","10.0.0.2","46884","192.168.10.22","8081","0","38","342409"
,"25.625325000","24.375305000","4642","140","192.168.10.22","8081","10.0.0.2","46884","88","346897","38"
,"25.625366000","24.375346000","4643","140","192.168.10.22","8081","10.0.0.2","46884","88","346985","38"
,"25.625429000","24.375409000","4644","140","192.168.10.22","8081","10.0.0.2","46884","88","347073","38"
,"25.625445000","24.375425000","4645","140","192.168.10.22","8081","10.0.0.2","46884","88","347161","38"
,"25.625500000","24.375480000","4646","140","192.168.10.22","8081","10.0.0.2","46884","88","347249","38"
,"25.625513000","24.375493000","4647","140","192.168.10.22","8081","10.0.0.2","46884","88","347337","38"
,"25.625559000","24.375539000","4648","140","192.168.10.22","8081","10.0.0.2","46884","88","347425","38"
,"25.625571000","24.375551000","4649","140","192.168.10.22","8081","10.0.0.2","46884","88","347513","38"
,"25.625615000","24.375595000","4650","140","192.168.10.22","8081","10.0.0.2","46884","88","347601","38"
,"25.625628000","24.375608000","4651","140","192.168.10.22","8081","10.0.0.2","46884","88","347689","38"
,"25.687382000","24.437362000","4652","52","10.0.0.2","46884","192.168.10.22","8081","0","38","343025"
,"25.687409000","24.437389000","4653","52","10.0.0.2","46884","192.168.10.22","8081","0","38","343377"
,"25.688368000","24.438348000","4654","140","192.168.10.22","8081","10.0.0.2","46884","88","347777","38"
,"25.688407000","24.438387000","4655","140","192.168.10.22","8081","10.0.0.2","46884","88","347865","38"
,"25.688457000","24.438437000","4656","140","192.168.10.22","8081","10.0.0.2","46884","88","347953","38"
,"25.688469000","24.438449000","4657","140","192.168.10.22","8081","10.0.0.2","46884","88","348041","38"
,"25.688515000","24.438495000","4658","140","192.168.10.22","8081","10.0.0.2","46884","88","348129","38"
,"25.688527000","24.438507000","4659","140","192.168.10.22","8081","10.0.0.2","46884","88","348217","38"
,"25.688571000","24.438551000","4660","140","192.168.10.22","8081","10.0.0.2","46884","88","348305","38"
,"25.688583000","24.438563000","4661","140","192.168.10.22","8081","10.0.0.2","46884","88","348393","38"
,"25.688628000","24.438608000","4662","140","192.168.10.22","8081","10.0.0.2","46884","88","348481","38"
,"25.688641000","24.438621000","4663","140","192.168.10.22","8081","10.0.0.2","46884","88","348569","38"
,"25.688685000","24.438665000","4664","140","192.168.10.22","8081","10.0.0.2","46884","88","348657","38"
,"25.688698000","24.438678000","4665","140","192.168.10.22","8081","10.0.0.2","46884","88","348745","38"
,"25.749850000","24.499830000","4666","52","10.0.0.2","46884","192.168.10.22","8081","0","38","344169"
,"25.749898000","24.499878000","4667","52","10.0.0.2","46884","192.168.10.22","8081","0","38","344257"
,"25.750936000","24.500916000","4668","140","192.168.10.22","8081","10.0.0.2","46884","88","348833","38"
,"25.750979000","24.500959000","4669","140","192.168.10.22","8081","10.0.0.2","46884","88","348921","38"
,"25.751044000","24.501024000","4670","140","192.168.10.22","8081","10.0.0.2","46884","88","349009","38"
,"25.751059000","24.501039000","4671","140","192.168.10.22","8081","10.0.0.2","46884","88","349097","38"
,"25.751108000","24.501088000","4672","140","192.168.10.22","8081","10.0.0.2","46884","88","349185","38"
,"25.751119000","24.501099000","4673","140","192.168.10.22","8081","10.0.0.2","46884","88","349273","38"
,"25.751163000","24.501143000","4674","140","192.168.10.22","8081","10.0.0.2","46884","88","349361","38"
,"25.751177000","24.501157000","4675","140","192.168.10.22","8081","10.0.0.2","46884","88","349449","38"
,"25.751222000","24.501202000","4676","140","192.168.10.22","8081","10.0.0.2","46884","88","349537","38"
,"25.751236000","24.501216000","4677","140","192.168.10.22","8081","10.0.0.2","46884","88","349625","38"
,"25.812214000","24.562194000","4678","52","10.0.0.2","46884","192.168.10.22","8081","0","38","345049"
,"25.812224000","24.562204000","4679","52","10.0.0.2","46884","192.168.10.22","8081","0","38","345225"
,"25.813044000","24.563024000","4680","140","192.168.10.22","8081","10.0.0.2","46884","88","349713","38"
,"25.813080000","24.563060000","4681","140","192.168.10.22","8081","10.0.0.2","46884","88","349801","38"
,"25.813134000","24.563114000","4682","140","192.168.10.22","8081","10.0.0.2","46884","88","349889","38"
,"25.813147000","24.563127000","4683","140","192.168.10.22","8081","10.0.0.2","46884","88","349977","38"
,"25.813192000","24.563172000","4684","140","192.168.10.22","8081","10.0.0.2","46884","88","350065","38"
,"25.813203000","24.563183000","4685","140","192.168.10.22","8081","10.0.0.2","46884","88","350153","38"
,"25.813248000","24.563228000","4686","140","192.168.10.22","8081","10.0.0.2","46884","88","350241","38"
,"25.813260000","24.563240000","4687","140","192.168.10.22","8081","10.0.0.2","46884","88","350329","38"
,"25.813304000","24.563284000","4688","140","192.168.10.22","8081","10.0.0.2","46884","88","350417","38"
,"25.813317000","24.563297000","4689","140","192.168.10.22","8081","10.0.0.2","46884","88","350505","38"
,"25.874691000","24.624671000","4690","52","10.0.0.2","46884","192.168.10.22","8081","0","38","346017"
,"25.874717000","24.624697000","4691","52","10.0.0.2","46884","192.168.10.22","8081","0","38","346105"
,"25.875735000","24.625715000","4692","140","192.168.10.22","8081","10.0.0.2","46884","88","350593","38"
,"25.875776000","24.625756000","4693","140","192.168.10.22","8081","10.0.0.2","46884","88","350681","38"
,"25.875838000","24.625818000","4694","140","192.168.10.22","8081","10.0.0.2","46884","88","350769","38"
,"25.875854000","24.625834000","4695","140","192.168.10.22","8081","10.0.0.2","46884","88","350857","38"
,"25.875954000","24.625934000","4696","140","192.168.10.22","8081","10.0.0.2","46884","88","350945","38"
,"25.875970000","24.625950000","4697","140","192.168.10.22","8081","10.0.0.2","46884","88","351033","38"
,"25.876016000","24.625996000","4698","140","192.168.10.22","8081","10.0.0.2","46884","88","351121","38"
,"25.876030000","24.626010000","4699","140","192.168.10.22","8081","10.0.0.2","46884","88","351209","38"
,"25.876075000","24.626055000","4700","140","192.168.10.22","8081","10.0.0.2","46884","88","351297","38"
,"25.876090000","24.626070000","4701","140","192.168.10.22","8081","10.0.0.2","46884","88","351385","38"
,"25.938019000","24.687999000","4702","52","10.0.0.2","46884","192.168.10.22","8081","0","38","346897"
,"25.938045000","24.688025000","4703","52","10.0.0.2","46884","192.168.10.22","8081","0","38","347073"
,"25.939041000","24.689021000","4704","140","192.168.10.22","8081","10.0.0.2","46884","88","351473","38"
,"25.939082000","24.689062000","4705","140","192.168.10.22","8081","10.0.0.2","46884","88","351561","38"
,"25.939150000","24.689130000","4706","140","192.168.10.22","8081","10.0.0.2","46884","88","351649","38"
,"25.939167000","24.689147000","4707","140","192.168.10.22","8081","10.0.0.2","46884","88","351737","38"
,"25.939219000","24.689199000","4708","140","192.168.10.22","8081","10.0.0.2","46884","88","351825","38"
,"25.939232000","24.689212000","4709","140","192.168.10.22","8081","10.0.0.2","46884","88","351913","38"
,"25.939278000","24.689258000","4710","140","192.168.10.22","8081","10.0.0.2","46884","88","352001","38"
,"25.939289000","24.689269000","4711","140","192.168.10.22","8081","10.0.0.2","46884","88","352089","38"
,"25.939334000","24.689314000","4712","140","192.168.10.22","8081","10.0.0.2","46884","88","352177","38"
,"25.939348000","24.689328000","4713","140","192.168.10.22","8081","10.0.0.2","46884","88","352265","38"
,"25.939393000","24.689373000","4714","140","192.168.10.22","8081","10.0.0.2","46884","88","352353","38"
,"25.939406000","24.689386000","4715","140","192.168.10.22","8081","10.0.0.2","46884","88","352441","38"
,"25.999991000","24.749971000","4716","52","10.0.0.2","46884","192.168.10.22","8081","0","38","347513"
,"26.000015000","24.749995000","4717","52","10.0.0.2","46884","192.168.10.22","8081","0","38","347953"
,"26.001013000","24.750993000","4718","140","192.168.10.22","8081","10.0.0.2","46884","88","352529","38"
,"26.001054000","24.751034000","4719","140","192.168.10.22","8081","10.0.0.2","46884","88","352617","38"
,"26.001120000","24.751100000","4720","140","192.168.10.22","8081","10.0.0.2","46884","88","352705","38"
,"26.001135000","24.751115000","4721","140","192.168.10.22","8081","10.0.0.2","46884","88","352793","38"
,"26.001182000","24.751162000","4722","140","192.168.10.22","8081","10.0.0.2","46884","88","352881","38"
,"26.001193000","24.751173000","4723","140","192.168.10.22","8081","10.0.0.2","46884","88","352969","38"
,"26.001239000","24.751219000","4724","140","192.168.10.22","8081","10.0.0.2","46884","88","353057","38"
,"26.001251000","24.751231000","4725","140","192.168.10.22","8081","10.0.0.2","46884","88","353145","38"
,"26.001296000","24.751276000","4726","140","192.168.10.22","8081","10.0.0.2","46884","88","353233","38"
,"26.001310000","24.751290000","4727","140","192.168.10.22","8081","10.0.0.2","46884","88","353321","38"
,"26.062608000","24.812588000","4728","52","10.0.0.2","46884","192.168.10.22","8081","0","38","348745"
,"26.062634000","24.812614000","4729","52","10.0.0.2","46884","192.168.10.22","8081","0","38","348921"
,"26.063627000","24.813607000","4730","140","192.168.10.22","8081","10.0.0.2","46884","88","353409","38"
,"26.063669000","24.813649000","4731","140","192.168.10.22","8081","10.0.0.2","46884","88","353497","38"
,"26.063733000","24.813713000","4732","140","192.168.10.22","8081","10.0.0.2","46884","88","353585","38"
,"26.063750000","24.813730000","4733","140","192.168.10.22","8081","10.0.0.2","46884","88","353673","38"
,"26.063806000","24.813786000","4734","140","192.168.10.22","8081","10.0.0.2","46884","88","353761","38"
,"26.063820000","24.813800000","4735","140","192.168.10.22","8081","10.0.0.2","46884","88","353849","38"
,"26.063864000","24.813844000","4736","140","192.168.10.22","8081","10.0.0.2","46884","88","353937","38"
,"26.063905000","24.813885000","4737","140","192.168.10.22","8081","10.0.0.2","46884","88","354025","38"
,"26.063956000","24.813936000","4738","140","192.168.10.22","8081","10.0.0.2","46884","88","354113","38"
,"26.063970000","24.813950000","4739","140","192.168.10.22","8081","10.0.0.2","46884","88","354201","38"
,"26.125042000","24.875022000","4740","52","10.0.0.2","46884","192.168.10.22","8081","0","38","349361"
,"26.125067000","24.875047000","4741","52","10.0.0.2","46884","192.168.10.22","8081","0","38","349625"
,"26.125082000","24.875062000","4742","52","10.0.0.2","46884","192.168.10.22","8081","0","38","349713"
,"26.125097000","24.875077000","4743","52","10.0.0.2","46884","192.168.10.22","8081","0","38","349801"
,"26.126103000","24.876083000","4744","140","192.168.10.22","8081","10.0.0.2","46884","88","354289","38"
,"26.126144000","24.876124000","4745","140","192.168.10.22","8081","10.0.0.2","46884","88","354377","38"
,"26.126209000","24.876189000","4746","140","192.168.10.22","8081","10.0.0.2","46884","88","354465","38"
,"26.126225000","24.876205000","4747","140","192.168.10.22","8081","10.0.0.2","46884","88","354553","38"
,"26.126277000","24.876257000","4748","140","192.168.10.22","8081","10.0.0.2","46884","88","354641","38"
,"26.126290000","24.876270000","4749","140","192.168.10.22","8081","10.0.0.2","46884","88","354729","38"
,"26.126334000","24.876314000","4750","140","192.168.10.22","8081","10.0.0.2","46884","88","354817","38"
,"26.126346000","24.876326000","4751","140","192.168.10.22","8081","10.0.0.2","46884","88","354905","38"
,"26.126389000","24.876369000","4752","140","192.168.10.22","8081","10.0.0.2","46884","88","354993","38"
,"26.126404000","24.876384000","4753","140","192.168.10.22","8081","10.0.0.2","46884","88","355081","38"
,"26.187765000","24.937745000","4754","52","10.0.0.2","46884","192.168.10.22","8081","0","38","350593"
,"26.187792000","24.937772000","4755","52","10.0.0.2","46884","192.168.10.22","8081","0","38","350681"
,"26.188808000","24.938788000","4756","140","192.168.10.22","8081","10.0.0.2","46884","88","355169","38"
,"26.188850000","24.938830000","4757","140","192.168.10.22","8081","10.0.0.2","46884","88","355257","38"
,"26.188963000","24.938943000","4758","140","192.168.10.22","8081","10.0.0.2","46884","88","355345","38"
,"26.188983000","24.938963000","4759","140","192.168.10.22","8081","10.0.0.2","46884","88","355433","38"
,"26.189031000","24.939011000","4760","140","192.168.10.22","8081","10.0.0.2","46884","88","355521","38"
,"26.189043000","24.939023000","4761","140","192.168.10.22","8081","10.0.0.2","46884","88","355609","38"
,"26.189087000","24.939067000","4762","140","192.168.10.22","8081","10.0.0.2","46884","88","355697","38"
,"26.189102000","24.939082000","4763","140","192.168.10.22","8081","10.0.0.2","46884","88","355785","38"
,"26.189148000","24.939128000","4764","140","192.168.10.22","8081","10.0.0.2","46884","88","355873","38"
,"26.189159000","24.939139000","4765","140","192.168.10.22","8081","10.0.0.2","46884","88","355961","38"
,"26.249076000","24.999056000","4766","52","10.0.0.2","46884","192.168.10.22","8081","0","38","351121"
,"26.249103000","24.999083000","4767","52","10.0.0.2","46884","192.168.10.22","8081","0","38","351649"
,"26.250010000","24.999990000","4768","140","192.168.10.22","8081","10.0.0.2","46884","88","356049","38"
,"26.250047000","25.000027000","4769","140","192.168.10.22","8081","10.0.0.2","46884","88","356137","38"
,"26.250098000","25.000078000","4770","140","192.168.10.22","8081","10.0.0.2","46884","88","356225","38"
,"26.250110000","25.000090000","4771","140","192.168.10.22","8081","10.0.0.2","46884","88","356313","38"
,"26.250156000","25.000136000","4772","140","192.168.10.22","8081","10.0.0.2","46884","88","356401","38"
,"26.250169000","25.000149000","4773","140","192.168.10.22","8081","10.0.0.2","46884","88","356489","38"
,"26.250213000","25.000193000","4774","140","192.168.10.22","8081","10.0.0.2","46884","88","356577","38"
,"26.250224000","25.000204000","4775","140","192.168.10.22","8081","10.0.0.2","46884","88","356665","38"
,"26.250268000","25.000248000","4776","140","192.168.10.22","8081","10.0.0.2","46884","88","356753","38"
,"26.250282000","25.000262000","4777","140","192.168.10.22","8081","10.0.0.2","46884","88","356841","38"
,"26.250327000","25.000307000","4778","140","192.168.10.22","8081","10.0.0.2","46884","88","356929","38"
,"26.250339000","25.000319000","4779","140","192.168.10.22","8081","10.0.0.2","46884","88","357017","38"
,"26.312275000","25.062255000","4780","52","10.0.0.2","46884","192.168.10.22","8081","0","38","352001"
,"26.312284000","25.062264000","4781","52","10.0.0.2","46884","192.168.10.22","8081","0","38","352529"
,"26.313074000","25.063054000","4782","140","192.168.10.22","8081","10.0.0.2","46884","88","357105","38"
,"26.313111000","25.063091000","4783","140","192.168.10.22","8081","10.0.0.2","46884","88","357193","38"
,"26.313162000","25.063142000","4784","140","192.168.10.22","8081","10.0.0.2","46884","88","357281","38"
,"26.313174000","25.063154000","4785","140","192.168.10.22","8081","10.0.0.2","46884","88","357369","38"
,"26.313220000","25.063200000","4786","140","192.168.10.22","8081","10.0.0.2","46884","88","357457","38"
,"26.313232000","25.063212000","4787","140","192.168.10.22","8081","10.0.0.2","46884","88","357545","38"
,"26.313276000","25.063256000","4788","140","192.168.10.22","8081","10.0.0.2","46884","88","357633","38"
,"26.313287000","25.063267000","4789","140","192.168.10.22","8081","10.0.0.2","46884","88","357721","38"
,"26.313331000","25.063311000","4790","140","192.168.10.22","8081","10.0.0.2","46884","88","357809","38"
,"26.313344000","25.063324000","4791","140","192.168.10.22","8081","10.0.0.2","46884","88","357897","38"
,"26.374742000","25.124722000","4792","52","10.0.0.2","46884","192.168.10.22","8081","0","38","353321"
,"26.374768000","25.124748000","4793","52","10.0.0.2","46884","192.168.10.22","8081","0","38","353497"
,"26.375763000","25.125743000","4794","140","192.168.10.22","8081","10.0.0.2","46884","88","357985","38"
,"26.375804000","25.125784000","4795","140","192.168.10.22","8081","10.0.0.2","46884","88","358073","38"
,"26.375869000","25.125849000","4796","140","192.168.10.22","8081","10.0.0.2","46884","88","358161","38"
,"26.375932000","25.125912000","4797","140","192.168.10.22","8081","10.0.0.2","46884","88","358249","38"
,"26.375986000","25.125966000","4798","140","192.168.10.22","8081","10.0.0.2","46884","88","358337","38"
,"26.375999000","25.125979000","4799","140","192.168.10.22","8081","10.0.0.2","46884","88","358425","38"
,"26.376045000","25.126025000","4800","140","192.168.10.22","8081","10.0.0.2","46884","88","358513","38"
,"26.376059000","25.126039000","4801","140","192.168.10.22","8081","10.0.0.2","46884","88","358601","38"
,"26.376104000","25.126084000","4802","140","192.168.10.22","8081","10.0.0.2","46884","88","358689","38"
,"26.376117000","25.126097000","4803","140","192.168.10.22","8081","10.0.0.2","46884","88","358777","38"
,"26.437767000","25.187747000","4804","52","10.0.0.2","46884","192.168.10.22","8081","0","38","353937"
,"26.437789000","25.187769000","4805","52","10.0.0.2","46884","192.168.10.22","8081","0","38","354377"
,"26.438799000","25.188779000","4806","140","192.168.10.22","8081","10.0.0.2","46884","88","358865","38"
,"26.438841000","25.188821000","4807","140","192.168.10.22","8081","10.0.0.2","46884","88","358953","38"
,"26.438938000","25.188918000","4808","140","192.168.10.22","8081","10.0.0.2","46884","88","359041","38"
,"26.438957000","25.188937000","4809","140","192.168.10.22","8081","10.0.0.2","46884","88","359129","38"
,"26.439008000","25.188988000","4810","140","192.168.10.22","8081","10.0.0.2","46884","88","359217","38"
,"26.439020000","25.189000000","4811","140","192.168.10.22","8081","10.0.0.2","46884","88","359305","38"
,"26.439065000","25.189045000","4812","140","192.168.10.22","8081","10.0.0.2","46884","88","359393","38"
,"26.439076000","25.189056000","4813","140","192.168.10.22","8081","10.0.0.2","46884","88","359481","38"
,"26.439122000","25.189102000","4814","140","192.168.10.22","8081","10.0.0.2","46884","88","359569","38"
,"26.439136000","25.189116000","4815","140","192.168.10.22","8081","10.0.0.2","46884","88","359657","38"
,"26.499074000","25.249054000","4816","52","10.0.0.2","46884","192.168.10.22","8081","0","38","355169"
,"26.499101000","25.249081000","4817","52","10.0.0.2","46884","192.168.10.22","8081","0","38","355345"
,"26.500024000","25.250004000","4818","140","192.168.10.22","8081","10.0.0.2","46884","88","359745","38"
,"26.500061000","25.250041000","4819","140","192.168.10.22","8081","10.0.0.2","46884","88","359833","38"
,"26.500114000","25.250094000","4820","140","192.168.10.22","8081","10.0.0.2","46884","88","359921","38"
,"26.500127000","25.250107000","4821","140","192.168.10.22","8081","10.0.0.2","46884","88","360009","38"
,"26.500175000","25.250155000","4822","140","192.168.10.22","8081","10.0.0.2","46884","88","360097","38"
,"26.500187000","25.250167000","4823","140","192.168.10.22","8081","10.0.0.2","46884","88","360185","38"
,"26.500233000","25.250213000","4824","140","192.168.10.22","8081","10.0.0.2","46884","88","360273","38"
,"26.500245000","25.250225000","4825","140","192.168.10.22","8081","10.0.0.2","46884","88","360361","38"
,"26.500290000","25.250270000","4826","140","192.168.10.22","8081","10.0.0.2","46884","88","360449","38"
,"26.500303000","25.250283000","4827","140","192.168.10.22","8081","10.0.0.2","46884","88","360537","38"
,"26.500349000","25.250329000","4828","140","192.168.10.22","8081","10.0.0.2","46884","88","360625","38"
,"26.500363000","25.250343000","4829","140","192.168.10.22","8081","10.0.0.2","46884","88","360713","38"
,"26.562650000","25.312630000","4830","52","10.0.0.2","46884","192.168.10.22","8081","0","38","356137"
,"26.562675000","25.312655000","4831","52","10.0.0.2","46884","192.168.10.22","8081","0","38","356225"
,"26.563657000","25.313637000","4832","140","192.168.10.22","8081","10.0.0.2","46884","88","360801","38"
,"26.563699000","25.313679000","4833","140","192.168.10.22","8081","10.0.0.2","46884","88","360889","38"
,"26.563764000","25.313744000","4834","140","192.168.10.22","8081","10.0.0.2","46884","88","360977","38"
,"26.563781000","25.313761000","4835","140","192.168.10.22","8081","10.0.0.2","46884","88","361065","38"
,"26.563834000","25.313814000","4836","140","192.168.10.22","8081","10.0.0.2","46884","88","361153","38"
,"26.563846000","25.313826000","4837","140","192.168.10.22","8081","10.0.0.2","46884","88","361241","38"
,"26.563928000","25.313908000","4838","140","192.168.10.22","8081","10.0.0.2","46884","88","361329","38"
,"26.563942000","25.313922000","4839","140","192.168.10.22","8081","10.0.0.2","46884","88","361417","38"
,"26.563989000","25.313969000","4840","140","192.168.10.22","8081","10.0.0.2","46884","88","361505","38"
,"26.564003000","25.313983000","4841","140","192.168.10.22","8081","10.0.0.2","46884","88","361593","38"
,"26.624716000","25.374696000","4842","52","10.0.0.2","46884","192.168.10.22","8081","0","38","356841"
,"26.624740000","25.374720000","4843","52","10.0.0.2","46884","192.168.10.22","8081","0","38","357193"
,"26.625755000","25.375735000","4844","140","192.168.10.22","8081","10.0.0.2","46884","88","361681","38"
,"26.625797000","25.375777000","4845","140","192.168.10.22","8081","10.0.0.2","46884","88","361769","38"
,"26.625859000","25.375839000","4846","140","192.168.10.22","8081","10.0.0.2","46884","88","361857","38"
,"26.625912000","25.375892000","4847","140","192.168.10.22","8081","10.0.0.2","46884","88","361945","38"
,"26.625971000","25.375951000","4848","140","192.168.10.22","8081","10.0.0.2","46884","88","362033","38"
,"26.625984000","25.375964000","4849","140","192.168.10.22","8081","10.0.0.2","46884","88","362121","38"
,"26.626028000","25.376008000","4850","140","192.168.10.22","8081","10.0.0.2","46884","88","362209","38"
,"26.626041000","25.376021000","4851","140","192.168.10.22","8081","10.0.0.2","46884","88","362297","38"
,"26.626085000","25.376065000","4852","140","192.168.10.22","8081","10.0.0.2","46884","88","362385","38"
,"26.626099000","25.376079000","4853","140","192.168.10.22","8081","10.0.0.2","46884","88","362473","38"
,"26.688042000","25.438022000","4854","52","10.0.0.2","46884","192.168.10.22","8081","0","38","357721"
,"26.688068000","25.438048000","4855","52","10.0.0.2","46884","192.168.10.22","8081","0","38","358073"
,"26.689080000","25.439060000","4856","140","192.168.10.22","8081","10.0.0.2","46884","88","362561","38"
,"26.689122000","25.439102000","4857","140","192.168.10.22","8081","10.0.0.2","46884","88","362649","38"
,"26.689184000","25.439164000","4858","140","192.168.10.22","8081","10.0.0.2","46884","88","362737","38"
,"26.689201000","25.439181000","4859","140","192.168.10.22","8081","10.0.0.2","46884","88","362825","38"
,"26.689255000","25.439235000","4860","140","192.168.10.22","8081","10.0.0.2","46884","88","362913","38"
,"26.689268000","25.439248000","4861","140","192.168.10.22","8081","10.0.0.2","46884","88","363001","38"
,"26.689314000","25.439294000","4862","140","192.168.10.22","8081","10.0.0.2","46884","88","363089","38"
,"26.689326000","25.439306000","4863","140","192.168.10.22","8081","10.0.0.2","46884","88","363177","38"
,"26.689370000","25.439350000","4864","140","192.168.10.22","8081","10.0.0.2","46884","88","363265","38"
,"26.689383000","25.439363000","4865","140","192.168.10.22","8081","10.0.0.2","46884","88","363353","38"
,"26.749736000","25.499716000","4866","52","10.0.0.2","46884","192.168.10.22","8081","0","38","358865"
,"26.749764000","25.499744000","4867","52","10.0.0.2","46884","192.168.10.22","8081","0","38","358953"
,"26.750769000","25.500749000","4868","140","192.168.10.22","8081","10.0.0.2","46884","88","363441","38"
,"26.750810000","25.500790000","4869","140","192.168.10.22","8081","10.0.0.2","46884","88","363529","38"
,"26.750873000","25.500853000","4870","140","192.168.10.22","8081","10.0.0.2","46884","88","363617","38"
,"26.750928000","25.500908000","4871","140","192.168.10.22","8081","10.0.0.2","46884","88","363705","38"
,"26.750983000","25.500963000","4872","140","192.168.10.22","8081","10.0.0.2","46884","88","363793","38"
,"26.750996000","25.500976000","4873","140","192.168.10.22","8081","10.0.0.2","46884","88","363881","38"
,"26.751040000","25.501020000","4874","140","192.168.10.22","8081","10.0.0.2","46884","88","363969","38"
,"26.751061000","25.501041000","4875","140","192.168.10.22","8081","10.0.0.2","46884","88","364057","38"
,"26.751105000","25.501085000","4876","140","192.168.10.22","8081","10.0.0.2","46884","88","364145","38"
,"26.751118000","25.501098000","4877","140","192.168.10.22","8081","10.0.0.2","46884","88","364233","38"
,"26.811978000","25.561958000","4878","52","10.0.0.2","46884","192.168.10.22","8081","0","38","359481"
,"26.811987000","25.561967000","4879","52","10.0.0.2","46884","192.168.10.22","8081","0","38","359921"
,"26.812799000","25.562779000","4880","140","192.168.10.22","8081","10.0.0.2","46884","88","364321","38"
,"26.812837000","25.562817000","4881","140","192.168.10.22","8081","10.0.0.2","46884","88","364409","38"
,"26.812915000","25.562895000","4882","140","192.168.10.22","8081","10.0.0.2","46884","88","364497","38"
,"26.812929000","25.562909000","4883","140","192.168.10.22","8081","10.0.0.2","46884","88","364585","38"
,"26.812976000","25.562956000","4884","140","192.168.10.22","8081","10.0.0.2","46884","88","364673","38"
,"26.812988000","25.562968000","4885","140","192.168.10.22","8081","10.0.0.2","46884","88","364761","38"
,"26.813033000","25.563013000","4886","140","192.168.10.22","8081","10.0.0.2","46884","88","364849","38"
,"26.813045000","25.563025000","4887","140","192.168.10.22","8081","10.0.0.2","46884","88","364937","38"
,"26.813089000","25.563069000","4888","140","192.168.10.22","8081","10.0.0.2","46884","88","365025","38"
,"26.813102000","25.563082000","4889","140","192.168.10.22","8081","10.0.0.2","46884","88","365113","38"
,"26.813147000","25.563127000","4890","140","192.168.10.22","8081","10.0.0.2","46884","88","365201","38"
,"26.813161000","25.563141000","4891","140","192.168.10.22","8081","10.0.0.2","46884","88","365289","38"
,"26.874106000","25.624086000","4892","52","10.0.0.2","46884","192.168.10.22","8081","0","38","360537"
,"26.874133000","25.624113000","4893","52","10.0.0.2","46884","192.168.10.22","8081","0","38","360801"
,"26.875052000","25.625032000","4894","140","192.168.10.22","8081","10.0.0.2","46884","88","365377","38"
,"26.875089000","25.625069000","4895","140","192.168.10.22","8081","10.0.0.2","46884","88","365465","38"
,"26.875140000","25.625120000","4896","140","192.168.10.22","8081","10.0.0.2","46884","88","365553","38"
,"26.875152000","25.625132000","4897","140","192.168.10.22","8081","10.0.0.2","46884","88","365641","38"
,"26.875198000","25.625178000","4898","140","192.168.10.22","8081","10.0.0.2","46884","88","365729","38"
,"26.875210000","25.625190000","4899","140","192.168.10.22","8081","10.0.0.2","46884","88","365817","38"
,"26.875256000","25.625236000","4900","140","192.168.10.22","8081","10.0.0.2","46884","88","365905","38"
,"26.875267000","25.625247000","4901","140","192.168.10.22","8081","10.0.0.2","46884","88","365993","38"
,"26.875312000","25.625292000","4902","140","192.168.10.22","8081","10.0.0.2","46884","88","366081","38"
,"26.875325000","25.625305000","4903","140","192.168.10.22","8081","10.0.0.2","46884","88","366169","38"
,"26.937626000","25.687606000","4904","52","10.0.0.2","46884","192.168.10.22","8081","0","38","361593"
,"26.937652000","25.687632000","4905","52","10.0.0.2","46884","192.168.10.22","8081","0","38","361769"
,"26.938645000","25.688625000","4906","140","192.168.10.22","8081","10.0.0.2","46884","88","366257","38"
,"26.938685000","25.688665000","4907","140","192.168.10.22","8081","10.0.0.2","46884","88","366345","38"
,"26.938748000","25.688728000","4908","140","192.168.10.22","8081","10.0.0.2","46884","88","366433","38"
,"26.938764000","25.688744000","4909","140","192.168.10.22","8081","10.0.0.2","46884","88","366521","38"
,"26.938818000","25.688798000","4910","140","192.168.10.22","8081","10.0.0.2","46884","88","366609","38"
,"26.938831000","25.688811000","4911","140","192.168.10.22","8081","10.0.0.2","46884","88","366697","38"
,"26.938919000","25.688899000","4912","140","192.168.10.22","8081","10.0.0.2","46884","88","366785","38"
,"26.938951000","25.688931000","4913","140","192.168.10.22","8081","10.0.0.2","46884","88","366873","38"
,"26.938998000","25.688978000","4914","140","192.168.10.22","8081","10.0.0.2","46884","88","366961","38"
,"26.939012000","25.688992000","4915","140","192.168.10.22","8081","10.0.0.2","46884","88","367049","38"
,"26.999715000","25.749695000","4916","52","10.0.0.2","46884","192.168.10.22","8081","0","38","362473"
,"26.999738000","25.749718000","4917","52","10.0.0.2","46884","192.168.10.22","8081","0","38","362649"
,"27.000751000","25.750731000","4918","140","192.168.10.22","8081","10.0.0.2","46884","88","367137","38"
,"27.000792000","25.750772000","4919","140","192.168.10.22","8081","10.0.0.2","46884","88","367225","38"
,"27.000853000","25.750833000","4920","140","192.168.10.22","8081","10.0.0.2","46884","88","367313","38"
,"27.000870000","25.750850000","4921","140","192.168.10.22","8081","10.0.0.2","46884","88","367401","38"
,"27.000962000","25.750942000","4922","140","192.168.10.22","8081","10.0.0.2","46884","88","367489","38"
,"27.000977000","25.750957000","4923","140","192.168.10.22","8081","10.0.0.2","46884","88","367577","38"
,"27.001022000","25.751002000","4924","140","192.168.10.22","8081","10.0.0.2","46884","88","367665","38"
,"27.001033000","25.751013000","4925","140","192.168.10.22","8081","10.0.0.2","46884","88","367753","38"
,"27.001077000","25.751057000","4926","140","192.168.10.22","8081","10.0.0.2","46884","88","367841","38"
,"27.001091000","25.751071000","4927","140","192.168.10.22","8081","10.0.0.2","46884","88","367929","38"
,"27.062828000","25.812808000","4928","52","10.0.0.2","46884","192.168.10.22","8081","0","38","363001"
,"27.062852000","25.812832000","4929","52","10.0.0.2","46884","192.168.10.22","8081","0","38","363617"
,"27.063851000","25.813831000","4930","140","192.168.10.22","8081","10.0.0.2","46884","88","368017","38"
,"27.063929000","25.813909000","4931","140","192.168.10.22","8081","10.0.0.2","46884","88","368105","38"
,"27.063997000","25.813977000","4932","140","192.168.10.22","8081","10.0.0.2","46884","88","368193","38"
,"27.064012000","25.813992000","4933","140","192.168.10.22","8081","10.0.0.2","46884","88","368281","38"
,"27.064058000","25.814038000","4934","140","192.168.10.22","8081","10.0.0.2","46884","88","368369","38"
,"27.064069000","25.814049000","4935","140","192.168.10.22","8081","10.0.0.2","46884","88","368457","38"
,"27.064114000","25.814094000","4936","140","192.168.10.22","8081","10.0.0.2","46884","88","368545","38"
,"27.064128000","25.814108000","4937","140","192.168.10.22","8081","10.0.0.2","46884","88","368633","38"
,"27.064173000","25.814153000","4938","140","192.168.10.22","8081","10.0.0.2","46884","88","368721","38"
,"27.064187000","25.814167000","4939","140","192.168.10.22","8081","10.0.0.2","46884","88","368809","38"
,"27.064232000","25.814212000","4940","140","192.168.10.22","8081","10.0.0.2","46884","88","368897","38"
,"27.064246000","25.814226000","4941","140","192.168.10.22","8081","10.0.0.2","46884","88","368985","38"
,"27.124772000","25.874752000","4942","52","10.0.0.2","46884","192.168.10.22","8081","0","38","364409"
,"27.124796000","25.874776000","4943","52","10.0.0.2","46884","192.168.10.22","8081","0","38","364497"
,"27.125810000","25.875790000","4944","140","192.168.10.22","8081","10.0.0.2","46884","88","369073","38"
,"27.125851000","25.875831000","4945","140","192.168.10.22","8081","10.0.0.2","46884","88","369161","38"
,"27.125962000","25.875942000","4946","140","192.168.10.22","8081","10.0.0.2","46884","88","369249","38"
,"27.125980000","25.875960000","4947","140","192.168.10.22","8081","10.0.0.2","46884","88","369337","38"
,"27.126026000","25.876006000","4948","140","192.168.10.22","8081","10.0.0.2","46884","88","369425","38"
,"27.126037000","25.876017000","4949","140","192.168.10.22","8081","10.0.0.2","46884","88","369513","38"
,"27.126083000","25.876063000","4950","140","192.168.10.22","8081","10.0.0.2","46884","88","369601","38"
,"27.126096000","25.876076000","4951","140","192.168.10.22","8081","10.0.0.2","46884","88","369689","38"
,"27.126141000","25.876121000","4952","140","192.168.10.22","8081","10.0.0.2","46884","88","369777","38"
,"27.126158000","25.876138000","4953","140","192.168.10.22","8081","10.0.0.2","46884","88","369865","38"
,"27.187898000","25.937878000","4954","52","10.0.0.2","46884","192.168.10.22","8081","0","38","364761"
,"27.187932000","25.937912000","4955","52","10.0.0.2","46884","192.168.10.22","8081","0","38","365465"
,"27.188950000","25.938930000","4956","140","192.168.10.22","8081","10.0.0.2","46884","88","369953","38"
,"27.188993000","25.938973000","4957","140","192.168.10.22","8081","10.0.0.2","46884","88","370041","38"
,"27.189054000","25.939034000","4958","140","192.168.10.22","8081","10.0.0.2","46884","88","370129","38"
,"27.189070000","25.939050000","4959","140","192.168.10.22","8081","10.0.0.2","46884","88","370217","38"
,"27.189122000","25.939102000","4960","140","192.168.10.22","8081","10.0.0.2","46884","88","370305","38"
,"27.189134000","25.939114000","4961","140","192.168.10.22","8081","10.0.0.2","46884","88","370393","38"
,"27.189178000","25.939158000","4962","140","192.168.10.22","8081","10.0.0.2","46884","88","370481","38"
,"27.189190000","25.939170000","4963","140","192.168.10.22","8081","10.0.0.2","46884","88","370569","38"
,"27.189234000","25.939214000","4964","140","192.168.10.22","8081","10.0.0.2","46884","88","370657","38"
,"27.189248000","25.939228000","4965","140","192.168.10.22","8081","10.0.0.2","46884","88","370745","38"
,"27.249603000","25.999583000","4966","52","10.0.0.2","46884","192.168.10.22","8081","0","38","365905"
,"27.249632000","25.999612000","4967","52","10.0.0.2","46884","192.168.10.22","8081","0","38","366345"
,"27.250634000","26.000614000","4968","140","192.168.10.22","8081","10.0.0.2","46884","88","370833","38"
,"27.250675000","26.000655000","4969","140","192.168.10.22","8081","10.0.0.2","46884","88","370921","38"
,"27.250739000","26.000719000","4970","140","192.168.10.22","8081","10.0.0.2","46884","88","371009","38"
,"27.250756000","26.000736000","4971","140","192.168.10.22","8081","10.0.0.2","46884","88","371097","38"
,"27.250811000","26.000791000","4972","140","192.168.10.22","8081","10.0.0.2","46884","88","371185","38"
,"27.250824000","26.000804000","4973","140","192.168.10.22","8081","10.0.0.2","46884","88","371273","38"
,"27.250870000","26.000850000","4974","140","192.168.10.22","8081","10.0.0.2","46884","88","371361","38"
,"27.250923000","26.000903000","4975","140","192.168.10.22","8081","10.0.0.2","46884","88","371449","38"
,"27.250971000","26.000951000","4976","140","192.168.10.22","8081","10.0.0.2","46884","88","371537","38"
,"27.250985000","26.000965000","4977","140","192.168.10.22","8081","10.0.0.2","46884","88","371625","38"
,"27.312993000","26.062973000","4978","52","10.0.0.2","46884","192.168.10.22","8081","0","38","367137"
,"27.313019000","26.062999000","4979","52","10.0.0.2","46884","192.168.10.22","8081","0","38","367225"
,"27.314020000","26.064000000","4980","140","192.168.10.22","8081","10.0.0.2","46884","88","371713","38"
,"27.314062000","26.064042000","4981","140","192.168.10.22","8081","10.0.0.2","46884","88","371801","38"
,"27.314124000","26.064104000","4982","140","192.168.10.22","8081","10.0.0.2","46884","88","371889","38"
,"27.314141000","26.064121000","4983","140","192.168.10.22","8081","10.0.0.2","46884","88","371977","38"
,"27.314195000","26.064175000","4984","140","192.168.10.22","8081","10.0.0.2","46884","88","372065","38"
,"27.314208000","26.064188000","4985","140","192.168.10.22","8081","10.0.0.2","46884","88","372153","38"
,"27.314253000","26.064233000","4986","140","192.168.10.22","8081","10.0.0.2","46884","88","372241","38"
,"27.314264000","26.064244000","4987","140","192.168.10.22","8081","10.0.0.2","46884","88","372329","38"
,"27.314309000","26.064289000","4988","140","192.168.10.22","8081","10.0.0.2","46884","88","372417","38"
,"27.314323000","26.064303000","4989","140","192.168.10.22","8081","10.0.0.2","46884","88","372505","38"
,"27.374281000","26.124261000","4990","52","10.0.0.2","46884","192.168.10.22","8081","0","38","367665"
,"27.374309000","26.124289000","4991","52","10.0.0.2","46884","192.168.10.22","8081","0","38","368193"
,"27.375315000","26.125295000","4992","140","192.168.10.22","8081","10.0.0.2","46884","88","372593","38"
,"27.375358000","26.125338000","4993","140","192.168.10.22","8081","10.0.0.2","46884","88","372681","38"
,"27.375423000","26.125403000","4994","140","192.168.10.22","8081","10.0.0.2","46884","88","372769","38"
,"27.375439000","26.125419000","4995","140","192.168.10.22","8081","10.0.0.2","46884","88","372857","38"
,"27.375490000","26.125470000","4996","140","192.168.10.22","8081","10.0.0.2","46884","88","372945","38"
,"27.375503000","26.125483000","4997","140","192.168.10.22","8081","10.0.0.2","46884","88","373033","38"
,"27.375549000","26.125529000","4998","140","192.168.10.22","8081","10.0.0.2","46884","88","373121","38"
,"27.375561000","26.125541000","4999","140","192.168.10.22","8081","10.0.0.2","46884","88","373209","38"
,"27.375606000","26.125586000","5000","140","192.168.10.22","8081","10.0.0.2","46884","88","373297","38"
,"27.375620000","26.125600000","5001","140","192.168.10.22","8081","10.0.0.2","46884","88","373385","38"
,"27.375665000","26.125645000","5002","140","192.168.10.22","8081","10.0.0.2","46884","88","373473","38"
,"27.375678000","26.125658000","5003","140","192.168.10.22","8081","10.0.0.2","46884","88","373561","38"
,"27.437856000","26.187836000","5004","52","10.0.0.2","46884","192.168.10.22","8081","0","38","368985"
,"27.437910000","26.187890000","5005","52","10.0.0.2","46884","192.168.10.22","8081","0","38","369073"
,"27.438940000","26.188920000","5006","140","192.168.10.22","8081","10.0.0.2","46884","88","373649","38"
,"27.438982000","26.188962000","5007","140","192.168.10.22","8081","10.0.0.2","46884","88","373737","38"
,"27.439047000","26.189027000","5008","140","192.168.10.22","8081","10.0.0.2","46884","88","373825","38"
,"27.439065000","26.189045000","5009","140","192.168.10.22","8081","10.0.0.2","46884","88","373913","38"
,"27.439113000","26.189093000","5010","140","192.168.10.22","8081","10.0.0.2","46884","88","374001","38"
,"27.439125000","26.189105000","5011","140","192.168.10.22","8081","10.0.0.2","46884","88","374089","38"
,"27.439171000","26.189151000","5012","140","192.168.10.22","8081","10.0.0.2","46884","88","374177","38"
,"27.439183000","26.189163000","5013","140","192.168.10.22","8081","10.0.0.2","46884","88","374265","38"
,"27.439228000","26.189208000","5014","140","192.168.10.22","8081","10.0.0.2","46884","88","374353","38"
,"27.439242000","26.189222000","5015","140","192.168.10.22","8081","10.0.0.2","46884","88","374441","38"
,"27.499826000","26.249806000","5016","52","10.0.0.2","46884","192.168.10.22","8081","0","38","369601"
,"27.499852000","26.249832000","5017","52","10.0.0.2","46884","192.168.10.22","8081","0","38","370041"
,"27.500862000","26.250842000","5018","140","192.168.10.22","8081","10.0.0.2","46884","88","374529","38"
,"27.500930000","26.250910000","5019","140","192.168.10.22","8081","10.0.0.2","46884","88","374617","38"
,"27.500993000","26.250973000","5020","140","192.168.10.22","8081","10.0.0.2","46884","88","374705","38"
,"27.501010000","26.250990000","5021","140","192.168.10.22","8081","10.0.0.2","46884","88","374793","38"
,"27.501064000","26.251044000","5022","140","192.168.10.22","8081","10.0.0.2","46884","88","374881","38"
,"27.501076000","26.251056000","5023","140","192.168.10.22","8081","10.0.0.2","46884","88","374969","38"
,"27.501121000","26.251101000","5024","140","192.168.10.22","8081","10.0.0.2","46884","88","375057","38"
,"27.501134000","26.251114000","5025","140","192.168.10.22","8081","10.0.0.2","46884","88","375145","38"
,"27.501180000","26.251160000","5026","140","192.168.10.22","8081","10.0.0.2","46884","88","375233","38"
,"27.501196000","26.251176000","5027","140","192.168.10.22","8081","10.0.0.2","46884","88","375321","38"
,"27.562088000","26.312068000","5028","52","10.0.0.2","46884","192.168.10.22","8081","0","38","370745"
,"27.562113000","26.312093000","5029","52","10.0.0.2","46884","192.168.10.22","8081","0","38","370921"
,"27.563027000","26.313007000","5030","140","192.168.10.22","8081","10.0.0.2","46884","88","375409","38"
,"27.563063000","26.313043000","5031","140","192.168.10.22","8081","10.0.0.2","46884","88","375497","38"
,"27.563115000","26.313095000","5032","140","192.168.10.22","8081","10.0.0.2","46884","88","375585","38"
,"27.563127000","26.313107000","5033","140","192.168.10.22","8081","10.0.0.2","46884","88","375673","38"
,"27.563173000","26.313153000","5034","140","192.168.10.22","8081","10.0.0.2","46884","88","375761","38"
,"27.563185000","26.313165000","5035","140","192.168.10.22","8081","10.0.0.2","46884","88","375849","38"
,"27.563230000","26.313210000","5036","140","192.168.10.22","8081","10.0.0.2","46884","88","375937","38"
,"27.563241000","26.313221000","5037","140","192.168.10.22","8081","10.0.0.2","46884","88","376025","38"
,"27.563285000","26.313265000","5038","140","192.168.10.22","8081","10.0.0.2","46884","88","376113","38"
,"27.563298000","26.313278000","5039","140","192.168.10.22","8081","10.0.0.2","46884","88","376201","38"
,"27.624937000","26.374917000","5040","52","10.0.0.2","46884","192.168.10.22","8081","0","38","371097"
,"27.624965000","26.374945000","5041","52","10.0.0.2","46884","192.168.10.22","8081","0","38","371449"
,"27.624977000","26.374957000","5042","52","10.0.0.2","46884","192.168.10.22","8081","0","38","371889"
,"27.626020000","26.376000000","5043","140","192.168.10.22","8081","10.0.0.2","46884","88","376289","38"
,"27.626064000","26.376044000","5044","140","192.168.10.22","8081","10.0.0.2","46884","88","376377","38"
,"27.626126000","26.376106000","5045","140","192.168.10.22","8081","10.0.0.2","46884","88","376465","38"
,"27.626141000","26.376121000","5046","140","192.168.10.22","8081","10.0.0.2","46884","88","376553","38"
,"27.626187000","26.376167000","5047","140","192.168.10.22","8081","10.0.0.2","46884","88","376641","38"
,"27.626199000","26.376179000","5048","140","192.168.10.22","8081","10.0.0.2","46884","88","376729","38"
,"27.626244000","26.376224000","5049","140","192.168.10.22","8081","10.0.0.2","46884","88","376817","38"
,"27.626255000","26.376235000","5050","140","192.168.10.22","8081","10.0.0.2","46884","88","376905","38"
,"27.626300000","26.376280000","5051","140","192.168.10.22","8081","10.0.0.2","46884","88","376993","38"
,"27.626314000","26.376294000","5052","140","192.168.10.22","8081","10.0.0.2","46884","88","377081","38"
,"27.626358000","26.376338000","5053","140","192.168.10.22","8081","10.0.0.2","46884","88","377169","38"
,"27.626372000","26.376352000","5054","140","192.168.10.22","8081","10.0.0.2","46884","88","377257","38"
,"27.687766000","26.437746000","5055","52","10.0.0.2","46884","192.168.10.22","8081","0","38","372681"
,"27.687792000","26.437772000","5056","52","10.0.0.2","46884","192.168.10.22","8081","0","38","372769"
,"27.688826000","26.438806000","5057","140","192.168.10.22","8081","10.0.0.2","46884","88","377345","38"
,"27.688867000","26.438847000","5058","140","192.168.10.22","8081","10.0.0.2","46884","88","377433","38"
,"27.688977000","26.438957000","5059","140","192.168.10.22","8081","10.0.0.2","46884","88","377521","38"
,"27.688996000","26.438976000","5060","140","192.168.10.22","8081","10.0.0.2","46884","88","377609","38"
,"27.689043000","26.439023000","5061","140","192.168.10.22","8081","10.0.0.2","46884","88","377697","38"
,"27.689057000","26.439037000","5062","140","192.168.10.22","8081","10.0.0.2","46884","88","377785","38"
,"27.689103000","26.439083000","5063","140","192.168.10.22","8081","10.0.0.2","46884","88","377873","38"
,"27.689115000","26.439095000","5064","140","192.168.10.22","8081","10.0.0.2","46884","88","377961","38"
,"27.689159000","26.439139000","5065","140","192.168.10.22","8081","10.0.0.2","46884","88","378049","38"
,"27.689176000","26.439156000","5066","140","192.168.10.22","8081","10.0.0.2","46884","88","378137","38"
,"27.749823000","26.499803000","5067","52","10.0.0.2","46884","192.168.10.22","8081","0","38","373297"
,"27.749847000","26.499827000","5068","52","10.0.0.2","46884","192.168.10.22","8081","0","38","373649"
,"27.750861000","26.500841000","5069","140","192.168.10.22","8081","10.0.0.2","46884","88","378225","38"
,"27.750937000","26.500917000","5070","140","192.168.10.22","8081","10.0.0.2","46884","88","378313","38"
,"27.751007000","26.500987000","5071","140","192.168.10.22","8081","10.0.0.2","46884","88","378401","38"
,"27.751023000","26.501003000","5072","140","192.168.10.22","8081","10.0.0.2","46884","88","378489","38"
,"27.751072000","26.501052000","5073","140","192.168.10.22","8081","10.0.0.2","46884","88","378577","38"
,"27.751094000","26.501074000","5074","140","192.168.10.22","8081","10.0.0.2","46884","88","378665","38"
,"27.751139000","26.501119000","5075","140","192.168.10.22","8081","10.0.0.2","46884","88","378753","38"
,"27.751153000","26.501133000","5076","140","192.168.10.22","8081","10.0.0.2","46884","88","378841","38"
,"27.751198000","26.501178000","5077","140","192.168.10.22","8081","10.0.0.2","46884","88","378929","38"
,"27.751212000","26.501192000","5078","140","192.168.10.22","8081","10.0.0.2","46884","88","379017","38"
,"27.811987000","26.561967000","5079","52","10.0.0.2","46884","192.168.10.22","8081","0","38","374441"
,"27.811997000","26.561977000","5080","52","10.0.0.2","46884","192.168.10.22","8081","0","38","374617"
,"27.812817000","26.562797000","5081","140","192.168.10.22","8081","10.0.0.2","46884","88","379105","38"
,"27.812855000","26.562835000","5082","140","192.168.10.22","8081","10.0.0.2","46884","88","379193","38"
,"27.812941000","26.562921000","5083","140","192.168.10.22","8081","10.0.0.2","46884","88","379281","38"
,"27.812957000","26.562937000","5084","140","192.168.10.22","8081","10.0.0.2","46884","88","379369","38"
,"27.813004000","26.562984000","5085","140","192.168.10.22","8081","10.0.0.2","46884","88","379457","38"
,"27.813016000","26.562996000","5086","140","192.168.10.22","8081","10.0.0.2","46884","88","379545","38"
,"27.813060000","26.563040000","5087","140","192.168.10.22","8081","10.0.0.2","46884","88","379633","38"
,"27.813075000","26.563055000","5088","140","192.168.10.22","8081","10.0.0.2","46884","88","379721","38"
,"27.813120000","26.563100000","5089","140","192.168.10.22","8081","10.0.0.2","46884","88","379809","38"
,"27.813134000","26.563114000","5090","140","192.168.10.22","8081","10.0.0.2","46884","88","379897","38"
,"27.874706000","26.624686000","5091","52","10.0.0.2","46884","192.168.10.22","8081","0","38","375409"
,"27.874751000","26.624731000","5092","52","10.0.0.2","46884","192.168.10.22","8081","0","38","375497"
,"27.875722000","26.625702000","5093","140","192.168.10.22","8081","10.0.0.2","46884","88","379985","38"
,"27.875763000","26.625743000","5094","140","192.168.10.22","8081","10.0.0.2","46884","88","380073","38"
,"27.875827000","26.625807000","5095","140","192.168.10.22","8081","10.0.0.2","46884","88","380161","38"
,"27.875843000","26.625823000","5096","140","192.168.10.22","8081","10.0.0.2","46884","88","380249","38"
,"27.875930000","26.625910000","5097","140","192.168.10.22","8081","10.0.0.2","46884","88","380337","38"
,"27.875946000","26.625926000","5098","140","192.168.10.22","8081","10.0.0.2","46884","88","380425","38"
,"27.875992000","26.625972000","5099","140","192.168.10.22","8081","10.0.0.2","46884","88","380513","38"
,"27.876013000","26.625993000","5100","140","192.168.10.22","8081","10.0.0.2","46884","88","380601","38"
,"27.876059000","26.626039000","5101","140","192.168.10.22","8081","10.0.0.2","46884","88","380689","38"
,"27.876072000","26.626052000","5102","140","192.168.10.22","8081","10.0.0.2","46884","88","380777","38"
,"27.938032000","26.688012000","5103","52","10.0.0.2","46884","192.168.10.22","8081","0","38","376289"
,"27.938059000","26.688039000","5104","52","10.0.0.2","46884","192.168.10.22","8081","0","38","376465"
,"27.939050000","26.689030000","5105","140","192.168.10.22","8081","10.0.0.2","46884","88","380865","38"
,"27.939091000","26.689071000","5106","140","192.168.10.22","8081","10.0.0.2","46884","88","380953","38"
,"27.939152000","26.689132000","5107","140","192.168.10.22","8081","10.0.0.2","46884","88","381041","38"
,"27.939167000","26.689147000","5108","140","192.168.10.22","8081","10.0.0.2","46884","88","381129","38"
,"27.939218000","26.689198000","5109","140","192.168.10.22","8081","10.0.0.2","46884","88","381217","38"
,"27.939231000","26.689211000","5110","140","192.168.10.22","8081","10.0.0.2","46884","88","381305","38"
,"27.939276000","26.689256000","5111","140","192.168.10.22","8081","10.0.0.2","46884","88","381393","38"
,"27.939287000","26.689267000","5112","140","192.168.10.22","8081","10.0.0.2","46884","88","381481","38"
,"27.939333000","26.689313000","5113","140","192.168.10.22","8081","10.0.0.2","46884","88","381569","38"
,"27.939354000","26.689334000","5114","140","192.168.10.22","8081","10.0.0.2","46884","88","381657","38"
,"27.939399000","26.689379000","5115","140","192.168.10.22","8081","10.0.0.2","46884","88","381745","38"
,"27.939412000","26.689392000","5116","140","192.168.10.22","8081","10.0.0.2","46884","88","381833","38"
,"27.999622000","26.749602000","5117","52","10.0.0.2","46884","192.168.10.22","8081","0","38","376817"
,"27.999633000","26.749613000","5118","52","10.0.0.2","46884","192.168.10.22","8081","0","38","377345"
,"28.000584000","26.750564000","5119","140","192.168.10.22","8081","10.0.0.2","46884","88","381921","38"
,"28.000624000","26.750604000","5120","140","192.168.10.22","8081","10.0.0.2","46884","88","382009","38"
,"28.000687000","26.750667000","5121","140","192.168.10.22","8081","10.0.0.2","46884","88","382097","38"
,"28.000704000","26.750684000","5122","140","192.168.10.22","8081","10.0.0.2","46884","88","382185","38"
,"28.000760000","26.750740000","5123","140","192.168.10.22","8081","10.0.0.2","46884","88","382273","38"
,"28.000773000","26.750753000","5124","140","192.168.10.22","8081","10.0.0.2","46884","88","382361","38"
,"28.000817000","26.750797000","5125","140","192.168.10.22","8081","10.0.0.2","46884","88","382449","38"
,"28.000828000","26.750808000","5126","140","192.168.10.22","8081","10.0.0.2","46884","88","382537","38"
,"28.000899000","26.750879000","5127","140","192.168.10.22","8081","10.0.0.2","46884","88","382625","38"
,"28.000918000","26.750898000","5128","140","192.168.10.22","8081","10.0.0.2","46884","88","382713","38"
,"28.062809000","26.812789000","5129","52","10.0.0.2","46884","192.168.10.22","8081","0","38","378225"
,"28.063820000","26.813800000","5130","140","192.168.10.22","8081","10.0.0.2","46884","88","382801","38"
,"28.063862000","26.813842000","5131","140","192.168.10.22","8081","10.0.0.2","46884","88","382889","38"
,"28.063970000","26.813950000","5132","140","192.168.10.22","8081","10.0.0.2","46884","88","382977","38"
,"28.063989000","26.813969000","5133","140","192.168.10.22","8081","10.0.0.2","46884","88","383065","38"
,"28.064037000","26.814017000","5134","140","192.168.10.22","8081","10.0.0.2","46884","88","383153","38"
,"28.064051000","26.814031000","5135","140","192.168.10.22","8081","10.0.0.2","46884","88","383241","38"
,"28.064098000","26.814078000","5136","140","192.168.10.22","8081","10.0.0.2","46884","88","383329","38"
,"28.064112000","26.814092000","5137","140","192.168.10.22","8081","10.0.0.2","46884","88","383417","38"
,"28.064157000","26.814137000","5138","140","192.168.10.22","8081","10.0.0.2","46884","88","383505","38"
,"28.064170000","26.814150000","5139","140","192.168.10.22","8081","10.0.0.2","46884","88","383593","38"
,"28.124898000","26.874878000","5140","52","10.0.0.2","46884","192.168.10.22","8081","0","38","378929"
,"28.124931000","26.874911000","5141","52","10.0.0.2","46884","192.168.10.22","8081","0","38","379193"
,"28.125919000","26.875899000","5142","140","192.168.10.22","8081","10.0.0.2","46884","88","383681","38"
,"28.125967000","26.875947000","5143","140","192.168.10.22","8081","10.0.0.2","46884","88","383769","38"
,"28.126040000","26.876020000","5144","140","192.168.10.22","8081","10.0.0.2","46884","88","383857","38"
,"28.126055000","26.876035000","5145","140","192.168.10.22","8081","10.0.0.2","46884","88","383945","38"
,"28.126102000","26.876082000","5146","140","192.168.10.22","8081","10.0.0.2","46884","88","384033","38"
,"28.126126000","26.876106000","5147","140","192.168.10.22","8081","10.0.0.2","46884","88","384121","38"
,"28.126172000","26.876152000","5148","140","192.168.10.22","8081","10.0.0.2","46884","88","384209","38"
,"28.126186000","26.876166000","5149","140","192.168.10.22","8081","10.0.0.2","46884","88","384297","38"
,"28.126231000","26.876211000","5150","140","192.168.10.22","8081","10.0.0.2","46884","88","384385","38"
,"28.126242000","26.876222000","5151","140","192.168.10.22","8081","10.0.0.2","46884","88","384473","38"
,"28.187817000","26.937797000","5152","52","10.0.0.2","46884","192.168.10.22","8081","0","38","379985"
,"28.187842000","26.937822000","5153","52","10.0.0.2","46884","192.168.10.22","8081","0","38","380073"
,"28.188760000","26.938740000","5154","140","192.168.10.22","8081","10.0.0.2","46884","88","384561","38"
,"28.188798000","26.938778000","5155","140","192.168.10.22","8081","10.0.0.2","46884","88","384649","38"
,"28.188849000","26.938829000","5156","140","192.168.10.22","8081","10.0.0.2","46884","88","384737","38"
,"28.188861000","26.938841000","5157","140","192.168.10.22","8081","10.0.0.2","46884","88","384825","38"
,"28.188937000","26.938917000","5158","140","192.168.10.22","8081","10.0.0.2","46884","88","384913","38"
,"28.188950000","26.938930000","5159","140","192.168.10.22","8081","10.0.0.2","46884","88","385001","38"
,"28.188995000","26.938975000","5160","140","192.168.10.22","8081","10.0.0.2","46884","88","385089","38"
,"28.189007000","26.938987000","5161","140","192.168.10.22","8081","10.0.0.2","46884","88","385177","38"
,"28.189050000","26.939030000","5162","140","192.168.10.22","8081","10.0.0.2","46884","88","385265","38"
,"28.189063000","26.939043000","5163","140","192.168.10.22","8081","10.0.0.2","46884","88","385353","38"
,"28.249868000","26.999848000","5164","52","10.0.0.2","46884","192.168.10.22","8081","0","38","380865"
,"28.249930000","26.999910000","5165","52","10.0.0.2","46884","192.168.10.22","8081","0","38","381041"
,"28.250858000","27.000838000","5166","140","192.168.10.22","8081","10.0.0.2","46884","88","385441","38"
,"28.250941000","27.000921000","5167","140","192.168.10.22","8081","10.0.0.2","46884","88","385529","38"
,"28.251010000","27.000990000","5168","140","192.168.10.22","8081","10.0.0.2","46884","88","385617","38"
,"28.251024000","27.001004000","5169","140","192.168.10.22","8081","10.0.0.2","46884","88","385705","38"
,"28.251071000","27.001051000","5170","140","192.168.10.22","8081","10.0.0.2","46884","88","385793","38"
,"28.251084000","27.001064000","5171","140","192.168.10.22","8081","10.0.0.2","46884","88","385881","38"
,"28.251129000","27.001109000","5172","140","192.168.10.22","8081","10.0.0.2","46884","88","385969","38"
,"28.251143000","27.001123000","5173","140","192.168.10.22","8081","10.0.0.2","46884","88","386057","38"
,"28.251188000","27.001168000","5174","140","192.168.10.22","8081","10.0.0.2","46884","88","386145","38"
,"28.251202000","27.001182000","5175","140","192.168.10.22","8081","10.0.0.2","46884","88","386233","38"
,"28.251247000","27.001227000","5176","140","192.168.10.22","8081","10.0.0.2","46884","88","386321","38"
,"28.251260000","27.001240000","5177","140","192.168.10.22","8081","10.0.0.2","46884","88","386409","38"
,"28.312655000","27.062635000","5178","52","10.0.0.2","46884","192.168.10.22","8081","0","38","381745"
,"28.312662000","27.062642000","5179","52","10.0.0.2","46884","192.168.10.22","8081","0","38","381921"
,"28.313619000","27.063599000","5180","140","192.168.10.22","8081","10.0.0.2","46884","88","386497","38"
,"28.313659000","27.063639000","5181","140","192.168.10.22","8081","10.0.0.2","46884","88","386585","38"
,"28.313725000","27.063705000","5182","140","192.168.10.22","8081","10.0.0.2","46884","88","386673","38"
,"28.313741000","27.063721000","5183","140","192.168.10.22","8081","10.0.0.2","46884","88","386761","38"
,"28.313796000","27.063776000","5184","140","192.168.10.22","8081","10.0.0.2","46884","88","386849","38"
,"28.313809000","27.063789000","5185","140","192.168.10.22","8081","10.0.0.2","46884","88","386937","38"
,"28.313856000","27.063836000","5186","140","192.168.10.22","8081","10.0.0.2","46884","88","387025","38"
,"28.313868000","27.063848000","5187","140","192.168.10.22","8081","10.0.0.2","46884","88","387113","38"
,"28.313942000","27.063922000","5188","140","192.168.10.22","8081","10.0.0.2","46884","88","387201","38"
,"28.313958000","27.063938000","5189","140","192.168.10.22","8081","10.0.0.2","46884","88","387289","38"
,"28.374660000","27.124640000","5190","52","10.0.0.2","46884","192.168.10.22","8081","0","38","382889"
,"28.375682000","27.125662000","5191","140","192.168.10.22","8081","10.0.0.2","46884","88","387377","38"
,"28.375724000","27.125704000","5192","140","192.168.10.22","8081","10.0.0.2","46884","88","387465","38"
,"28.375786000","27.125766000","5193","140","192.168.10.22","8081","10.0.0.2","46884","88","387553","38"
,"28.375801000","27.125781000","5194","140","192.168.10.22","8081","10.0.0.2","46884","88","387641","38"
,"28.375857000","27.125837000","5195","140","192.168.10.22","8081","10.0.0.2","46884","88","387729","38"
,"28.375870000","27.125850000","5196","140","192.168.10.22","8081","10.0.0.2","46884","88","387817","38"
,"28.375955000","27.125935000","5197","140","192.168.10.22","8081","10.0.0.2","46884","88","387905","38"
,"28.375972000","27.125952000","5198","140","192.168.10.22","8081","10.0.0.2","46884","88","387993","38"
,"28.376018000","27.125998000","5199","140","192.168.10.22","8081","10.0.0.2","46884","88","388081","38"
,"28.376032000","27.126012000","5200","140","192.168.10.22","8081","10.0.0.2","46884","88","388169","38"
,"28.437627000","27.187607000","5201","52","10.0.0.2","46884","192.168.10.22","8081","0","38","383505"
,"28.437651000","27.187631000","5202","52","10.0.0.2","46884","192.168.10.22","8081","0","38","383769"
,"28.438602000","27.188582000","5203","140","192.168.10.22","8081","10.0.0.2","46884","88","388257","38"
,"28.438644000","27.188624000","5204","140","192.168.10.22","8081","10.0.0.2","46884","88","388345","38"
,"28.438709000","27.188689000","5205","140","192.168.10.22","8081","10.0.0.2","46884","88","388433","38"
,"28.438724000","27.188704000","5206","140","192.168.10.22","8081","10.0.0.2","46884","88","388521","38"
,"28.438781000","27.188761000","5207","140","192.168.10.22","8081","10.0.0.2","46884","88","388609","38"
,"28.438794000","27.188774000","5208","140","192.168.10.22","8081","10.0.0.2","46884","88","388697","38"
,"28.438840000","27.188820000","5209","140","192.168.10.22","8081","10.0.0.2","46884","88","388785","38"
,"28.438851000","27.188831000","5210","140","192.168.10.22","8081","10.0.0.2","46884","88","388873","38"
,"28.438929000","27.188909000","5211","140","192.168.10.22","8081","10.0.0.2","46884","88","388961","38"
,"28.438947000","27.188927000","5212","140","192.168.10.22","8081","10.0.0.2","46884","88","389049","38"
,"28.499518000","27.249498000","5213","52","10.0.0.2","46884","192.168.10.22","8081","0","38","384561"
,"28.499547000","27.249527000","5214","52","10.0.0.2","46884","192.168.10.22","8081","0","38","384737"
,"28.500524000","27.250504000","5215","140","192.168.10.22","8081","10.0.0.2","46884","88","389137","38"
,"28.500566000","27.250546000","5216","140","192.168.10.22","8081","10.0.0.2","46884","88","389225","38"
,"28.500627000","27.250607000","5217","140","192.168.10.22","8081","10.0.0.2","46884","88","389313","38"
,"28.500643000","27.250623000","5218","140","192.168.10.22","8081","10.0.0.2","46884","88","389401","38"
,"28.500698000","27.250678000","5219","140","192.168.10.22","8081","10.0.0.2","46884","88","389489","38"
,"28.500711000","27.250691000","5220","140","192.168.10.22","8081","10.0.0.2","46884","88","389577","38"
,"28.500757000","27.250737000","5221","140","192.168.10.22","8081","10.0.0.2","46884","88","389665","38"
,"28.500769000","27.250749000","5222","140","192.168.10.22","8081","10.0.0.2","46884","88","389753","38"
,"28.500813000","27.250793000","5223","140","192.168.10.22","8081","10.0.0.2","46884","88","389841","38"
,"28.500834000","27.250814000","5224","140","192.168.10.22","8081","10.0.0.2","46884","88","389929","38"
,"28.500912000","27.250892000","5225","140","192.168.10.22","8081","10.0.0.2","46884","88","390017","38"
,"28.500928000","27.250908000","5226","140","192.168.10.22","8081","10.0.0.2","46884","88","390105","38"
,"28.562375000","27.312355000","5227","52","10.0.0.2","46884","192.168.10.22","8081","0","38","385617"
,"28.563362000","27.313342000","5228","140","192.168.10.22","8081","10.0.0.2","46884","88","390193","38"
,"28.563403000","27.313383000","5229","140","192.168.10.22","8081","10.0.0.2","46884","88","390281","38"
,"28.563468000","27.313448000","5230","140","192.168.10.22","8081","10.0.0.2","46884","88","390369","38"
,"28.563484000","27.313464000","5231","140","192.168.10.22","8081","10.0.0.2","46884","88","390457","38"
,"28.563540000","27.313520000","5232","140","192.168.10.22","8081","10.0.0.2","46884","88","390545","38"
,"28.563553000","27.313533000","5233","140","192.168.10.22","8081","10.0.0.2","46884","88","390633","38"
,"28.563599000","27.313579000","5234","140","192.168.10.22","8081","10.0.0.2","46884","88","390721","38"
,"28.563611000","27.313591000","5235","140","192.168.10.22","8081","10.0.0.2","46884","88","390809","38"
,"28.563656000","27.313636000","5236","140","192.168.10.22","8081","10.0.0.2","46884","88","390897","38"
,"28.563670000","27.313650000","5237","140","192.168.10.22","8081","10.0.0.2","46884","88","390985","38"
,"28.624481000","27.374461000","5238","52","10.0.0.2","46884","192.168.10.22","8081","0","38","386497"
,"28.625279000","27.375259000","5239","140","192.168.10.22","8081","10.0.0.2","46884","88","391073","38"
,"28.625315000","27.375295000","5240","140","192.168.10.22","8081","10.0.0.2","46884","88","391161","38"
,"28.625365000","27.375345000","5241","140","192.168.10.22","8081","10.0.0.2","46884","88","391249","38"
,"28.625377000","27.375357000","5242","140","192.168.10.22","8081","10.0.0.2","46884","88","391337","38"
,"28.625422000","27.375402000","5243","140","192.168.10.22","8081","10.0.0.2","46884","88","391425","38"
,"28.625434000","27.375414000","5244","140","192.168.10.22","8081","10.0.0.2","46884","88","391513","38"
,"28.625478000","27.375458000","5245","140","192.168.10.22","8081","10.0.0.2","46884","88","391601","38"
,"28.625489000","27.375469000","5246","140","192.168.10.22","8081","10.0.0.2","46884","88","391689","38"
,"28.625534000","27.375514000","5247","140","192.168.10.22","8081","10.0.0.2","46884","88","391777","38"
,"28.625548000","27.375528000","5248","140","192.168.10.22","8081","10.0.0.2","46884","88","391865","38"
,"28.687577000","27.437557000","5249","52","10.0.0.2","46884","192.168.10.22","8081","0","38","387465"
,"28.688505000","27.438485000","5250","140","192.168.10.22","8081","10.0.0.2","46884","88","391953","38"
,"28.688542000","27.438522000","5251","140","192.168.10.22","8081","10.0.0.2","46884","88","392041","38"
,"28.688599000","27.438579000","5252","140","192.168.10.22","8081","10.0.0.2","46884","88","392129","38"
,"28.688613000","27.438593000","5253","140","192.168.10.22","8081","10.0.0.2","46884","88","392217","38"
,"28.688660000","27.438640000","5254","140","192.168.10.22","8081","10.0.0.2","46884","88","392305","38"
,"28.688672000","27.438652000","5255","140","192.168.10.22","8081","10.0.0.2","46884","88","392393","38"
,"28.688719000","27.438699000","5256","140","192.168.10.22","8081","10.0.0.2","46884","88","392481","38"
,"28.688730000","27.438710000","5257","140","192.168.10.22","8081","10.0.0.2","46884","88","392569","38"
,"28.688774000","27.438754000","5258","140","192.168.10.22","8081","10.0.0.2","46884","88","392657","38"
,"28.688787000","27.438767000","5259","140","192.168.10.22","8081","10.0.0.2","46884","88","392745","38"
,"28.749215000","27.499195000","5260","52","10.0.0.2","46884","192.168.10.22","8081","0","38","388345"
,"28.750214000","27.500194000","5261","140","192.168.10.22","8081","10.0.0.2","46884","88","392833","38"
,"28.750255000","27.500235000","5262","140","192.168.10.22","8081","10.0.0.2","46884","88","392921","38"
,"28.750316000","27.500296000","5263","140","192.168.10.22","8081","10.0.0.2","46884","88","393009","38"
,"28.750331000","27.500311000","5264","140","192.168.10.22","8081","10.0.0.2","46884","88","393097","38"
,"28.750386000","27.500366000","5265","140","192.168.10.22","8081","10.0.0.2","46884","88","393185","38"
,"28.750400000","27.500380000","5266","140","192.168.10.22","8081","10.0.0.2","46884","88","393273","38"
,"28.750446000","27.500426000","5267","140","192.168.10.22","8081","10.0.0.2","46884","88","393361","38"
,"28.750457000","27.500437000","5268","140","192.168.10.22","8081","10.0.0.2","46884","88","393449","38"
,"28.750502000","27.500482000","5269","140","192.168.10.22","8081","10.0.0.2","46884","88","393537","38"
,"28.750516000","27.500496000","5270","140","192.168.10.22","8081","10.0.0.2","46884","88","393625","38"
,"28.812092000","27.562072000","5271","52","10.0.0.2","46884","192.168.10.22","8081","0","38","389137"
,"28.812100000","27.562080000","5272","52","10.0.0.2","46884","192.168.10.22","8081","0","38","389313"
,"28.812978000","27.562958000","5273","140","192.168.10.22","8081","10.0.0.2","46884","88","393713","38"
,"28.813016000","27.562996000","5274","140","192.168.10.22","8081","10.0.0.2","46884","88","393801","38"
,"28.813067000","27.563047000","5275","140","192.168.10.22","8081","10.0.0.2","46884","88","393889","38"
,"28.813079000","27.563059000","5276","140","192.168.10.22","8081","10.0.0.2","46884","88","393977","38"
,"28.813125000","27.563105000","5277","140","192.168.10.22","8081","10.0.0.2","46884","88","394065","38"
,"28.813136000","27.563116000","5278","140","192.168.10.22","8081","10.0.0.2","46884","88","394153","38"
,"28.813182000","27.563162000","5279","140","192.168.10.22","8081","10.0.0.2","46884","88","394241","38"
,"28.813196000","27.563176000","5280","140","192.168.10.22","8081","10.0.0.2","46884","88","394329","38"
,"28.813242000","27.563222000","5281","140","192.168.10.22","8081","10.0.0.2","46884","88","394417","38"
,"28.813255000","27.563235000","5282","140","192.168.10.22","8081","10.0.0.2","46884","88","394505","38"
,"28.813300000","27.563280000","5283","140","192.168.10.22","8081","10.0.0.2","46884","88","394593","38"
,"28.813313000","27.563293000","5284","140","192.168.10.22","8081","10.0.0.2","46884","88","394681","38"
,"28.874464000","27.624444000","5285","52","10.0.0.2","46884","192.168.10.22","8081","0","38","390193"
,"28.875474000","27.625454000","5286","140","192.168.10.22","8081","10.0.0.2","46884","88","394769","38"
,"28.875515000","27.625495000","5287","140","192.168.10.22","8081","10.0.0.2","46884","88","394857","38"
,"28.875576000","27.625556000","5288","140","192.168.10.22","8081","10.0.0.2","46884","88","394945","38"
,"28.875591000","27.625571000","5289","140","192.168.10.22","8081","10.0.0.2","46884","88","395033","38"
,"28.875646000","27.625626000","5290","140","192.168.10.22","8081","10.0.0.2","46884","88","395121","38"
,"28.875660000","27.625640000","5291","140","192.168.10.22","8081","10.0.0.2","46884","88","395209","38"
,"28.875705000","27.625685000","5292","140","192.168.10.22","8081","10.0.0.2","46884","88","395297","38"
,"28.875717000","27.625697000","5293","140","192.168.10.22","8081","10.0.0.2","46884","88","395385","38"
,"28.875761000","27.625741000","5294","140","192.168.10.22","8081","10.0.0.2","46884","88","395473","38"
,"28.875776000","27.625756000","5295","140","192.168.10.22","8081","10.0.0.2","46884","88","395561","38"
,"28.937177000","27.687157000","5296","52","10.0.0.2","46884","192.168.10.22","8081","0","38","390985"
,"28.937204000","27.687184000","5297","52","10.0.0.2","46884","192.168.10.22","8081","0","38","391161"
,"28.938131000","27.688111000","5298","140","192.168.10.22","8081","10.0.0.2","46884","88","395649","38"
,"28.938168000","27.688148000","5299","140","192.168.10.22","8081","10.0.0.2","46884","88","395737","38"
,"28.938220000","27.688200000","5300","140","192.168.10.22","8081","10.0.0.2","46884","88","395825","38"
,"28.938232000","27.688212000","5301","140","192.168.10.22","8081","10.0.0.2","46884","88","395913","38"
,"28.938277000","27.688257000","5302","140","192.168.10.22","8081","10.0.0.2","46884","88","396001","38"
,"28.938288000","27.688268000","5303","140","192.168.10.22","8081","10.0.0.2","46884","88","396089","38"
,"28.938333000","27.688313000","5304","140","192.168.10.22","8081","10.0.0.2","46884","88","396177","38"
,"28.938344000","27.688324000","5305","140","192.168.10.22","8081","10.0.0.2","46884","88","396265","38"
,"28.938389000","27.688369000","5306","140","192.168.10.22","8081","10.0.0.2","46884","88","396353","38"
,"28.938402000","27.688382000","5307","140","192.168.10.22","8081","10.0.0.2","46884","88","396441","38"
,"28.999691000","27.749671000","5308","52","10.0.0.2","46884","192.168.10.22","8081","0","38","391953"
,"28.999717000","27.749697000","5309","52","10.0.0.2","46884","192.168.10.22","8081","0","38","392041"
,"29.000711000","27.750691000","5310","140","192.168.10.22","8081","10.0.0.2","46884","88","396529","38"
,"29.000752000","27.750732000","5311","140","192.168.10.22","8081","10.0.0.2","46884","88","396617","38"
,"29.000812000","27.750792000","5312","140","192.168.10.22","8081","10.0.0.2","46884","88","396705","38"
,"29.000827000","27.750807000","5313","140","192.168.10.22","8081","10.0.0.2","46884","88","396793","38"
,"29.000931000","27.750911000","5314","140","192.168.10.22","8081","10.0.0.2","46884","88","396881","38"
,"29.000948000","27.750928000","5315","140","192.168.10.22","8081","10.0.0.2","46884","88","396969","38"
,"29.000995000","27.750975000","5316","140","192.168.10.22","8081","10.0.0.2","46884","88","397057","38"
,"29.001009000","27.750989000","5317","140","192.168.10.22","8081","10.0.0.2","46884","88","397145","38"
,"29.001056000","27.751036000","5318","140","192.168.10.22","8081","10.0.0.2","46884","88","397233","38"
,"29.001067000","27.751047000","5319","140","192.168.10.22","8081","10.0.0.2","46884","88","397321","38"
,"29.062784000","27.812764000","5320","52","10.0.0.2","46884","192.168.10.22","8081","0","38","393009"
,"29.063799000","27.813779000","5321","140","192.168.10.22","8081","10.0.0.2","46884","88","397409","38"
,"29.063841000","27.813821000","5322","140","192.168.10.22","8081","10.0.0.2","46884","88","397497","38"
,"29.063951000","27.813931000","5323","140","192.168.10.22","8081","10.0.0.2","46884","88","397585","38"
,"29.063971000","27.813951000","5324","140","192.168.10.22","8081","10.0.0.2","46884","88","397673","38"
,"29.064018000","27.813998000","5325","140","192.168.10.22","8081","10.0.0.2","46884","88","397761","38"
,"29.064029000","27.814009000","5326","140","192.168.10.22","8081","10.0.0.2","46884","88","397849","38"
,"29.064074000","27.814054000","5327","140","192.168.10.22","8081","10.0.0.2","46884","88","397937","38"
,"29.064098000","27.814078000","5328","140","192.168.10.22","8081","10.0.0.2","46884","88","398025","38"
,"29.064143000","27.814123000","5329","140","192.168.10.22","8081","10.0.0.2","46884","88","398113","38"
,"29.064156000","27.814136000","5330","140","192.168.10.22","8081","10.0.0.2","46884","88","398201","38"
,"29.064202000","27.814182000","5331","140","192.168.10.22","8081","10.0.0.2","46884","88","398289","38"
,"29.064216000","27.814196000","5332","140","192.168.10.22","8081","10.0.0.2","46884","88","398377","38"
,"29.124132000","27.874112000","5333","52","10.0.0.2","46884","192.168.10.22","8081","0","38","393625"
,"29.124142000","27.874122000","5334","52","10.0.0.2","46884","192.168.10.22","8081","0","38","393889"
,"29.124953000","27.874933000","5335","140","192.168.10.22","8081","10.0.0.2","46884","88","398465","38"
,"29.124989000","27.874969000","5336","140","192.168.10.22","8081","10.0.0.2","46884","88","398553","38"
,"29.125040000","27.875020000","5337","140","192.168.10.22","8081","10.0.0.2","46884","88","398641","38"
,"29.125052000","27.875032000","5338","140","192.168.10.22","8081","10.0.0.2","46884","88","398729","38"
,"29.125098000","27.875078000","5339","140","192.168.10.22","8081","10.0.0.2","46884","88","398817","38"
,"29.125110000","27.875090000","5340","140","192.168.10.22","8081","10.0.0.2","46884","88","398905","38"
,"29.125154000","27.875134000","5341","140","192.168.10.22","8081","10.0.0.2","46884","88","398993","38"
,"29.125166000","27.875146000","5342","140","192.168.10.22","8081","10.0.0.2","46884","88","399081","38"
,"29.125211000","27.875191000","5343","140","192.168.10.22","8081","10.0.0.2","46884","88","399169","38"
,"29.125224000","27.875204000","5344","140","192.168.10.22","8081","10.0.0.2","46884","88","399257","38"
,"29.187685000","27.937665000","5345","52","10.0.0.2","46884","192.168.10.22","8081","0","38","394769"
,"29.188673000","27.938653000","5346","140","192.168.10.22","8081","10.0.0.2","46884","88","399345","38"
,"29.188716000","27.938696000","5347","140","192.168.10.22","8081","10.0.0.2","46884","88","399433","38"
,"29.188781000","27.938761000","5348","140","192.168.10.22","8081","10.0.0.2","46884","88","399521","38"
,"29.188797000","27.938777000","5349","140","192.168.10.22","8081","10.0.0.2","46884","88","399609","38"
,"29.188851000","27.938831000","5350","140","192.168.10.22","8081","10.0.0.2","46884","88","399697","38"
,"29.188864000","27.938844000","5351","140","192.168.10.22","8081","10.0.0.2","46884","88","399785","38"
,"29.188942000","27.938922000","5352","140","192.168.10.22","8081","10.0.0.2","46884","88","399873","38"
,"29.188956000","27.938936000","5353","140","192.168.10.22","8081","10.0.0.2","46884","88","399961","38"
,"29.189000000","27.938980000","5354","140","192.168.10.22","8081","10.0.0.2","46884","88","400049","38"
,"29.189014000","27.938994000","5355","140","192.168.10.22","8081","10.0.0.2","46884","88","400137","38"
,"29.249604000","27.999584000","5356","52","10.0.0.2","46884","192.168.10.22","8081","0","38","395209"
,"29.249628000","27.999608000","5357","52","10.0.0.2","46884","192.168.10.22","8081","0","38","395737"
,"29.250616000","28.000596000","5358","140","192.168.10.22","8081","10.0.0.2","46884","88","400225","38"
,"29.250657000","28.000637000","5359","140","192.168.10.22","8081","10.0.0.2","46884","88","400313","38"
,"29.250719000","28.000699000","5360","140","192.168.10.22","8081","10.0.0.2","46884","88","400401","38"
,"29.250735000","28.000715000","5361","140","192.168.10.22","8081","10.0.0.2","46884","88","400489","38"
,"29.250792000","28.000772000","5362","140","192.168.10.22","8081","10.0.0.2","46884","88","400577","38"
,"29.250805000","28.000785000","5363","140","192.168.10.22","8081","10.0.0.2","46884","88","400665","38"
,"29.250851000","28.000831000","5364","140","192.168.10.22","8081","10.0.0.2","46884","88","400753","38"
,"29.250862000","28.000842000","5365","140","192.168.10.22","8081","10.0.0.2","46884","88","400841","38"
,"29.250949000","28.000929000","5366","140","192.168.10.22","8081","10.0.0.2","46884","88","400929","38"
,"29.250967000","28.000947000","5367","140","192.168.10.22","8081","10.0.0.2","46884","88","401017","38"
,"29.312667000","28.062647000","5368","52","10.0.0.2","46884","192.168.10.22","8081","0","38","396529"
,"29.312691000","28.062671000","5369","52","10.0.0.2","46884","192.168.10.22","8081","0","38","396617"
,"29.313672000","28.063652000","5370","140","192.168.10.22","8081","10.0.0.2","46884","88","401105","38"
,"29.313713000","28.063693000","5371","140","192.168.10.22","8081","10.0.0.2","46884","88","401193","38"
,"29.313778000","28.063758000","5372","140","192.168.10.22","8081","10.0.0.2","46884","88","401281","38"
,"29.313794000","28.063774000","5373","140","192.168.10.22","8081","10.0.0.2","46884","88","401369","38"
,"29.313849000","28.063829000","5374","140","192.168.10.22","8081","10.0.0.2","46884","88","401457","38"
,"29.313861000","28.063841000","5375","140","192.168.10.22","8081","10.0.0.2","46884","88","401545","38"
,"29.313938000","28.063918000","5376","140","192.168.10.22","8081","10.0.0.2","46884","88","401633","38"
,"29.313952000","28.063932000","5377","140","192.168.10.22","8081","10.0.0.2","46884","88","401721","38"
,"29.313998000","28.063978000","5378","140","192.168.10.22","8081","10.0.0.2","46884","88","401809","38"
,"29.314012000","28.063992000","5379","140","192.168.10.22","8081","10.0.0.2","46884","88","401897","38"
,"29.375006000","28.124986000","5380","52","10.0.0.2","46884","192.168.10.22","8081","0","38","397585"
,"29.376043000","28.126023000","5381","140","192.168.10.22","8081","10.0.0.2","46884","88","401985","38"
,"29.376084000","28.126064000","5382","140","192.168.10.22","8081","10.0.0.2","46884","88","402073","38"
,"29.376149000","28.126129000","5383","140","192.168.10.22","8081","10.0.0.2","46884","88","402161","38"
,"29.376165000","28.126145000","5384","140","192.168.10.22","8081","10.0.0.2","46884","88","402249","38"
,"29.376213000","28.126193000","5385","140","192.168.10.22","8081","10.0.0.2","46884","88","402337","38"
,"29.376225000","28.126205000","5386","140","192.168.10.22","8081","10.0.0.2","46884","88","402425","38"
,"29.376270000","28.126250000","5387","140","192.168.10.22","8081","10.0.0.2","46884","88","402513","38"
,"29.376282000","28.126262000","5388","140","192.168.10.22","8081","10.0.0.2","46884","88","402601","38"
,"29.376327000","28.126307000","5389","140","192.168.10.22","8081","10.0.0.2","46884","88","402689","38"
,"29.376350000","28.126330000","5390","140","192.168.10.22","8081","10.0.0.2","46884","88","402777","38"
,"29.376395000","28.126375000","5391","140","192.168.10.22","8081","10.0.0.2","46884","88","402865","38"
,"29.376408000","28.126388000","5392","140","192.168.10.22","8081","10.0.0.2","46884","88","402953","38"
,"29.437704000","28.187684000","5393","52","10.0.0.2","46884","192.168.10.22","8081","0","38","398025"
,"29.437731000","28.187711000","5394","52","10.0.0.2","46884","192.168.10.22","8081","0","38","398465"
,"29.438744000","28.188724000","5395","140","192.168.10.22","8081","10.0.0.2","46884","88","403041","38"
,"29.438786000","28.188766000","5396","140","192.168.10.22","8081","10.0.0.2","46884","88","403129","38"
,"29.438852000","28.188832000","5397","140","192.168.10.22","8081","10.0.0.2","46884","88","403217","38"
,"29.438867000","28.188847000","5398","140","192.168.10.22","8081","10.0.0.2","46884","88","403305","38"
,"29.438960000","28.188940000","5399","140","192.168.10.22","8081","10.0.0.2","46884","88","403393","38"
,"29.438977000","28.188957000","5400","140","192.168.10.22","8081","10.0.0.2","46884","88","403481","38"
,"29.439023000","28.189003000","5401","140","192.168.10.22","8081","10.0.0.2","46884","88","403569","38"
,"29.439047000","28.189027000","5402","140","192.168.10.22","8081","10.0.0.2","46884","88","403657","38"
,"29.439092000","28.189072000","5403","140","192.168.10.22","8081","10.0.0.2","46884","88","403745","38"
,"29.439106000","28.189086000","5404","140","192.168.10.22","8081","10.0.0.2","46884","88","403833","38"
,"29.499570000","28.249550000","5405","52","10.0.0.2","46884","192.168.10.22","8081","0","38","399257"
,"29.499600000","28.249580000","5406","52","10.0.0.2","46884","192.168.10.22","8081","0","38","399433"
,"29.500611000","28.250591000","5407","140","192.168.10.22","8081","10.0.0.2","46884","88","403921","38"
,"29.500652000","28.250632000","5408","140","192.168.10.22","8081","10.0.0.2","46884","88","404009","38"
,"29.500713000","28.250693000","5409","140","192.168.10.22","8081","10.0.0.2","46884","88","404097","38"
,"29.500729000","28.250709000","5410","140","192.168.10.22","8081","10.0.0.2","46884","88","404185","38"
,"29.500782000","28.250762000","5411","140","192.168.10.22","8081","10.0.0.2","46884","88","404273","38"
,"29.500795000","28.250775000","5412","140","192.168.10.22","8081","10.0.0.2","46884","88","404361","38"
,"29.500841000","28.250821000","5413","140","192.168.10.22","8081","10.0.0.2","46884","88","404449","38"
,"29.500852000","28.250832000","5414","140","192.168.10.22","8081","10.0.0.2","46884","88","404537","38"
,"29.500932000","28.250912000","5415","140","192.168.10.22","8081","10.0.0.2","46884","88","404625","38"
,"29.500948000","28.250928000","5416","140","192.168.10.22","8081","10.0.0.2","46884","88","404713","38"
,"29.562761000","28.312741000","5417","52","10.0.0.2","46884","192.168.10.22","8081","0","38","400313"
,"29.563791000","28.313771000","5418","140","192.168.10.22","8081","10.0.0.2","46884","88","404801","38"
,"29.563833000","28.313813000","5419","140","192.168.10.22","8081","10.0.0.2","46884","88","404889","38"
,"29.563935000","28.313915000","5420","140","192.168.10.22","8081","10.0.0.2","46884","88","404977","38"
,"29.563955000","28.313935000","5421","140","192.168.10.22","8081","10.0.0.2","46884","88","405065","38"
,"29.564003000","28.313983000","5422","140","192.168.10.22","8081","10.0.0.2","46884","88","405153","38"
,"29.564015000","28.313995000","5423","140","192.168.10.22","8081","10.0.0.2","46884","88","405241","38"
,"29.564060000","28.314040000","5424","140","192.168.10.22","8081","10.0.0.2","46884","88","405329","38"
,"29.564082000","28.314062000","5425","140","192.168.10.22","8081","10.0.0.2","46884","88","405417","38"
,"29.564127000","28.314107000","5426","140","192.168.10.22","8081","10.0.0.2","46884","88","405505","38"
,"29.564140000","28.314120000","5427","140","192.168.10.22","8081","10.0.0.2","46884","88","405593","38"
,"29.624593000","28.374573000","5428","52","10.0.0.2","46884","192.168.10.22","8081","0","38","401281"
,"29.625587000","28.375567000","5429","140","192.168.10.22","8081","10.0.0.2","46884","88","405681","38"
,"29.625629000","28.375609000","5430","140","192.168.10.22","8081","10.0.0.2","46884","88","405769","38"
,"29.625690000","28.375670000","5431","140","192.168.10.22","8081","10.0.0.2","46884","88","405857","38"
,"29.625706000","28.375686000","5432","140","192.168.10.22","8081","10.0.0.2","46884","88","405945","38"
,"29.625763000","28.375743000","5433","140","192.168.10.22","8081","10.0.0.2","46884","88","406033","38"
,"29.625777000","28.375757000","5434","140","192.168.10.22","8081","10.0.0.2","46884","88","406121","38"
,"29.625823000","28.375803000","5435","140","192.168.10.22","8081","10.0.0.2","46884","88","406209","38"
,"29.625834000","28.375814000","5436","140","192.168.10.22","8081","10.0.0.2","46884","88","406297","38"
,"29.625921000","28.375901000","5437","140","192.168.10.22","8081","10.0.0.2","46884","88","406385","38"
,"29.625938000","28.375918000","5438","140","192.168.10.22","8081","10.0.0.2","46884","88","406473","38"
,"29.625984000","28.375964000","5439","140","192.168.10.22","8081","10.0.0.2","46884","88","406561","38"
,"29.625996000","28.375976000","5440","140","192.168.10.22","8081","10.0.0.2","46884","88","406649","38"
,"29.687533000","28.437513000","5441","52","10.0.0.2","46884","192.168.10.22","8081","0","38","401897"
,"29.687560000","28.437540000","5442","52","10.0.0.2","46884","192.168.10.22","8081","0","38","402161"
,"29.688563000","28.438543000","5443","140","192.168.10.22","8081","10.0.0.2","46884","88","406737","38"
,"29.688605000","28.438585000","5444","140","192.168.10.22","8081","10.0.0.2","46884","88","406825","38"
,"29.688669000","28.438649000","5445","140","192.168.10.22","8081","10.0.0.2","46884","88","406913","38"
,"29.688685000","28.438665000","5446","140","192.168.10.22","8081","10.0.0.2","46884","88","407001","38"
,"29.688740000","28.438720000","5447","140","192.168.10.22","8081","10.0.0.2","46884","88","407089","38"
,"29.688754000","28.438734000","5448","140","192.168.10.22","8081","10.0.0.2","46884","88","407177","38"
,"29.688800000","28.438780000","5449","140","192.168.10.22","8081","10.0.0.2","46884","88","407265","38"
,"29.688812000","28.438792000","5450","140","192.168.10.22","8081","10.0.0.2","46884","88","407353","38"
,"29.688857000","28.438837000","5451","140","192.168.10.22","8081","10.0.0.2","46884","88","407441","38"
,"29.688872000","28.438852000","5452","140","192.168.10.22","8081","10.0.0.2","46884","88","407529","38"
,"29.749831000","28.499811000","5453","52","10.0.0.2","46884","192.168.10.22","8081","0","38","403041"
,"29.750849000","28.500829000","5454","140","192.168.10.22","8081","10.0.0.2","46884","88","407617","38"
,"29.750928000","28.500908000","5455","140","192.168.10.22","8081","10.0.0.2","46884","88","407705","38"
,"29.750996000","28.500976000","5456","140","192.168.10.22","8081","10.0.0.2","46884","88","407793","38"
,"29.751011000","28.500991000","5457","140","192.168.10.22","8081","10.0.0.2","46884","88","407881","38"
,"29.751058000","28.501038000","5458","140","192.168.10.22","8081","10.0.0.2","46884","88","407969","38"
,"29.751071000","28.501051000","5459","140","192.168.10.22","8081","10.0.0.2","46884","88","408057","38"
,"29.751116000","28.501096000","5460","140","192.168.10.22","8081","10.0.0.2","46884","88","408145","38"
,"29.751139000","28.501119000","5461","140","192.168.10.22","8081","10.0.0.2","46884","88","408233","38"
,"29.751184000","28.501164000","5462","140","192.168.10.22","8081","10.0.0.2","46884","88","408321","38"
,"29.751197000","28.501177000","5463","140","192.168.10.22","8081","10.0.0.2","46884","88","408409","38"
,"29.812539000","28.562519000","5464","52","10.0.0.2","46884","192.168.10.22","8081","0","38","403833"
,"29.812566000","28.562546000","5465","52","10.0.0.2","46884","192.168.10.22","8081","0","38","404009"
,"29.813547000","28.563527000","5466","140","192.168.10.22","8081","10.0.0.2","46884","88","408497","38"
,"29.813588000","28.563568000","5467","140","192.168.10.22","8081","10.0.0.2","46884","88","408585","38"
,"29.813654000","28.563634000","5468","140","192.168.10.22","8081","10.0.0.2","46884","88","408673","38"
,"29.813669000","28.563649000","5469","140","192.168.10.22","8081","10.0.0.2","46884","88","408761","38"
,"29.813723000","28.563703000","5470","140","192.168.10.22","8081","10.0.0.2","46884","88","408849","38"
,"29.813736000","28.563716000","5471","140","192.168.10.22","8081","10.0.0.2","46884","88","408937","38"
,"29.813783000","28.563763000","5472","140","192.168.10.22","8081","10.0.0.2","46884","88","409025","38"
,"29.813795000","28.563775000","5473","140","192.168.10.22","8081","10.0.0.2","46884","88","409113","38"
,"29.813840000","28.563820000","5474","140","192.168.10.22","8081","10.0.0.2","46884","88","409201","38"
,"29.813854000","28.563834000","5475","140","192.168.10.22","8081","10.0.0.2","46884","88","409289","38"
,"29.874543000","28.624523000","5476","52","10.0.0.2","46884","192.168.10.22","8081","0","38","404889"
,"29.875542000","28.625522000","5477","140","192.168.10.22","8081","10.0.0.2","46884","88","409377","38"
,"29.875584000","28.625564000","5478","140","192.168.10.22","8081","10.0.0.2","46884","88","409465","38"
,"29.875645000","28.625625000","5479","140","192.168.10.22","8081","10.0.0.2","46884","88","409553","38"
,"29.875661000","28.625641000","5480","140","192.168.10.22","8081","10.0.0.2","46884","88","409641","38"
,"29.875716000","28.625696000","5481","140","192.168.10.22","8081","10.0.0.2","46884","88","409729","38"
,"29.875730000","28.625710000","5482","140","192.168.10.22","8081","10.0.0.2","46884","88","409817","38"
,"29.875775000","28.625755000","5483","140","192.168.10.22","8081","10.0.0.2","46884","88","409905","38"
,"29.875786000","28.625766000","5484","140","192.168.10.22","8081","10.0.0.2","46884","88","409993","38"
,"29.875833000","28.625813000","5485","140","192.168.10.22","8081","10.0.0.2","46884","88","410081","38"
,"29.875848000","28.625828000","5486","140","192.168.10.22","8081","10.0.0.2","46884","88","410169","38"
,"29.937906000","28.687886000","5487","52","10.0.0.2","46884","192.168.10.22","8081","0","38","405681"
,"29.937948000","28.687928000","5488","52","10.0.0.2","46884","192.168.10.22","8081","0","38","405857"
,"29.938967000","28.688947000","5489","140","192.168.10.22","8081","10.0.0.2","46884","88","410257","38"
,"29.939009000","28.688989000","5490","140","192.168.10.22","8081","10.0.0.2","46884","88","410345","38"
,"29.939075000","28.689055000","5491","140","192.168.10.22","8081","10.0.0.2","46884","88","410433","38"
,"29.939092000","28.689072000","5492","140","192.168.10.22","8081","10.0.0.2","46884","88","410521","38"
,"29.939139000","28.689119000","5493","140","192.168.10.22","8081","10.0.0.2","46884","88","410609","38"
,"29.939151000","28.689131000","5494","140","192.168.10.22","8081","10.0.0.2","46884","88","410697","38"
,"29.939195000","28.689175000","5495","140","192.168.10.22","8081","10.0.0.2","46884","88","410785","38"
,"29.939207000","28.689187000","5496","140","192.168.10.22","8081","10.0.0.2","46884","88","410873","38"
,"29.939251000","28.689231000","5497","140","192.168.10.22","8081","10.0.0.2","46884","88","410961","38"
,"29.939271000","28.689251000","5498","140","192.168.10.22","8081","10.0.0.2","46884","88","411049","38"
,"29.939317000","28.689297000","5499","140","192.168.10.22","8081","10.0.0.2","46884","88","411137","38"
,"29.939331000","28.689311000","5500","140","192.168.10.22","8081","10.0.0.2","46884","88","411225","38"
,"29.999369000","28.749349000","5501","52","10.0.0.2","46884","192.168.10.22","8081","0","38","406649"
,"29.999378000","28.749358000","5502","52","10.0.0.2","46884","192.168.10.22","8081","0","38","406737"
,"30.000323000","28.750303000","5503","140","192.168.10.22","8081","10.0.0.2","46884","88","411313","38"
,"30.000365000","28.750345000","5504","140","192.168.10.22","8081","10.0.0.2","46884","88","411401","38"
,"30.000431000","28.750411000","5505","140","192.168.10.22","8081","10.0.0.2","46884","88","411489","38"
,"30.000447000","28.750427000","5506","140","192.168.10.22","8081","10.0.0.2","46884","88","411577","38"
,"30.000501000","28.750481000","5507","140","192.168.10.22","8081","10.0.0.2","46884","88","411665","38"
,"30.000514000","28.750494000","5508","140","192.168.10.22","8081","10.0.0.2","46884","88","411753","38"
,"30.000560000","28.750540000","5509","140","192.168.10.22","8081","10.0.0.2","46884","88","411841","38"
,"30.000572000","28.750552000","5510","140","192.168.10.22","8081","10.0.0.2","46884","88","411929","38"
,"30.000616000","28.750596000","5511","140","192.168.10.22","8081","10.0.0.2","46884","88","412017","38"
,"30.000630000","28.750610000","5512","140","192.168.10.22","8081","10.0.0.2","46884","88","412105","38"
,"30.062584000","28.812564000","5513","52","10.0.0.2","46884","192.168.10.22","8081","0","38","407705"
,"30.063489000","28.813469000","5514","140","192.168.10.22","8081","10.0.0.2","46884","88","412193","38"
,"30.063524000","28.813504000","5515","140","192.168.10.22","8081","10.0.0.2","46884","88","412281","38"
,"30.063574000","28.813554000","5516","140","192.168.10.22","8081","10.0.0.2","46884","88","412369","38"
,"30.063587000","28.813567000","5517","140","192.168.10.22","8081","10.0.0.2","46884","88","412457","38"
,"30.063632000","28.813612000","5518","140","192.168.10.22","8081","10.0.0.2","46884","88","412545","38"
,"30.063644000","28.813624000","5519","140","192.168.10.22","8081","10.0.0.2","46884","88","412633","38"
,"30.063689000","28.813669000","5520","140","192.168.10.22","8081","10.0.0.2","46884","88","412721","38"
,"30.063700000","28.813680000","5521","140","192.168.10.22","8081","10.0.0.2","46884","88","412809","38"
,"30.063745000","28.813725000","5522","140","192.168.10.22","8081","10.0.0.2","46884","88","412897","38"
,"30.063758000","28.813738000","5523","140","192.168.10.22","8081","10.0.0.2","46884","88","412985","38"
,"30.124339000","28.874319000","5524","52","10.0.0.2","46884","192.168.10.22","8081","0","38","408497"
,"30.124348000","28.874328000","5525","52","10.0.0.2","46884","192.168.10.22","8081","0","38","408585"
,"30.125183000","28.875163000","5526","140","192.168.10.22","8081","10.0.0.2","46884","88","413073","38"
,"30.125223000","28.875203000","5527","140","192.168.10.22","8081","10.0.0.2","46884","88","413161","38"
,"30.125276000","28.875256000","5528","140","192.168.10.22","8081","10.0.0.2","46884","88","413249","38"
,"30.125289000","28.875269000","5529","140","192.168.10.22","8081","10.0.0.2","46884","88","413337","38"
,"30.125334000","28.875314000","5530","140","192.168.10.22","8081","10.0.0.2","46884","88","413425","38"
,"30.125346000","28.875326000","5531","140","192.168.10.22","8081","10.0.0.2","46884","88","413513","38"
,"30.125391000","28.875371000","5532","140","192.168.10.22","8081","10.0.0.2","46884","88","413601","38"
,"30.125404000","28.875384000","5533","140","192.168.10.22","8081","10.0.0.2","46884","88","413689","38"
,"30.125448000","28.875428000","5534","140","192.168.10.22","8081","10.0.0.2","46884","88","413777","38"
,"30.125460000","28.875440000","5535","140","192.168.10.22","8081","10.0.0.2","46884","88","413865","38"
,"30.187759000","28.937739000","5536","52","10.0.0.2","46884","192.168.10.22","8081","0","38","409289"
,"30.187784000","28.937764000","5537","52","10.0.0.2","46884","192.168.10.22","8081","0","38","409553"
,"30.188815000","28.938795000","5538","140","192.168.10.22","8081","10.0.0.2","46884","88","413953","38"
,"30.188857000","28.938837000","5539","140","192.168.10.22","8081","10.0.0.2","46884","88","414041","38"
,"30.188973000","28.938953000","5540","140","192.168.10.22","8081","10.0.0.2","46884","88","414129","38"
,"30.188992000","28.938972000","5541","140","192.168.10.22","8081","10.0.0.2","46884","88","414217","38"
,"30.189040000","28.939020000","5542","140","192.168.10.22","8081","10.0.0.2","46884","88","414305","38"
,"30.189054000","28.939034000","5543","140","192.168.10.22","8081","10.0.0.2","46884","88","414393","38"
,"30.189101000","28.939081000","5544","140","192.168.10.22","8081","10.0.0.2","46884","88","414481","38"
,"30.189113000","28.939093000","5545","140","192.168.10.22","8081","10.0.0.2","46884","88","414569","38"
,"30.189157000","28.939137000","5546","140","192.168.10.22","8081","10.0.0.2","46884","88","414657","38"
,"30.189175000","28.939155000","5547","140","192.168.10.22","8081","10.0.0.2","46884","88","414745","38"
,"30.189220000","28.939200000","5548","140","192.168.10.22","8081","10.0.0.2","46884","88","414833","38"
,"30.189234000","28.939214000","5549","140","192.168.10.22","8081","10.0.0.2","46884","88","414921","38"
,"30.249265000","28.999245000","5550","52","10.0.0.2","46884","192.168.10.22","8081","0","38","410345"
,"30.249275000","28.999255000","5551","52","10.0.0.2","46884","192.168.10.22","8081","0","38","410433"
,"30.250221000","29.000201000","5552","140","192.168.10.22","8081","10.0.0.2","46884","88","415009","38"
,"30.250265000","29.000245000","5553","140","192.168.10.22","8081","10.0.0.2","46884","88","415097","38"
,"30.250333000","29.000313000","5554","140","192.168.10.22","8081","10.0.0.2","46884","88","415185","38"
,"30.250349000","29.000329000","5555","140","192.168.10.22","8081","10.0.0.2","46884","88","415273","38"
,"30.250400000","29.000380000","5556","140","192.168.10.22","8081","10.0.0.2","46884","88","415361","38"
,"30.250413000","29.000393000","5557","140","192.168.10.22","8081","10.0.0.2","46884","88","415449","38"
,"30.250458000","29.000438000","5558","140","192.168.10.22","8081","10.0.0.2","46884","88","415537","38"
,"30.250470000","29.000450000","5559","140","192.168.10.22","8081","10.0.0.2","46884","88","415625","38"
,"30.250514000","29.000494000","5560","140","192.168.10.22","8081","10.0.0.2","46884","88","415713","38"
,"30.250535000","29.000515000","5561","140","192.168.10.22","8081","10.0.0.2","46884","88","415801","38"
,"30.312899000","29.062879000","5562","52","10.0.0.2","46884","192.168.10.22","8081","0","38","411225"
,"30.312941000","29.062921000","5563","52","10.0.0.2","46884","192.168.10.22","8081","0","38","411313"
,"30.313947000","29.063927000","5564","140","192.168.10.22","8081","10.0.0.2","46884","88","415889","38"
,"30.313989000","29.063969000","5565","140","192.168.10.22","8081","10.0.0.2","46884","88","415977","38"
,"30.314052000","29.064032000","5566","140","192.168.10.22","8081","10.0.0.2","46884","88","416065","38"
,"30.314069000","29.064049000","5567","140","192.168.10.22","8081","10.0.0.2","46884","88","416153","38"
,"30.314122000","29.064102000","5568","140","192.168.10.22","8081","10.0.0.2","46884","88","416241","38"
,"30.314134000","29.064114000","5569","140","192.168.10.22","8081","10.0.0.2","46884","88","416329","38"
,"30.314178000","29.064158000","5570","140","192.168.10.22","8081","10.0.0.2","46884","88","416417","38"
,"30.314190000","29.064170000","5571","140","192.168.10.22","8081","10.0.0.2","46884","88","416505","38"
,"30.314235000","29.064215000","5572","140","192.168.10.22","8081","10.0.0.2","46884","88","416593","38"
,"30.314249000","29.064229000","5573","140","192.168.10.22","8081","10.0.0.2","46884","88","416681","38"
,"30.374759000","29.124739000","5574","52","10.0.0.2","46884","192.168.10.22","8081","0","38","412281"
,"30.375778000","29.125758000","5575","140","192.168.10.22","8081","10.0.0.2","46884","88","416769","38"
,"30.375820000","29.125800000","5576","140","192.168.10.22","8081","10.0.0.2","46884","88","416857","38"
,"30.375918000","29.125898000","5577","140","192.168.10.22","8081","10.0.0.2","46884","88","416945","38"
,"30.375940000","29.125920000","5578","140","192.168.10.22","8081","10.0.0.2","46884","88","417033","38"
,"30.375990000","29.125970000","5579","140","192.168.10.22","8081","10.0.0.2","46884","88","417121","38"
,"30.376001000","29.125981000","5580","140","192.168.10.22","8081","10.0.0.2","46884","88","417209","38"
,"30.376046000","29.126026000","5581","140","192.168.10.22","8081","10.0.0.2","46884","88","417297","38"
,"30.376058000","29.126038000","5582","140","192.168.10.22","8081","10.0.0.2","46884","88","417385","38"
,"30.376103000","29.126083000","5583","140","192.168.10.22","8081","10.0.0.2","46884","88","417473","38"
,"30.376117000","29.126097000","5584","140","192.168.10.22","8081","10.0.0.2","46884","88","417561","38"
,"30.437665000","29.187645000","5585","52","10.0.0.2","46884","192.168.10.22","8081","0","38","413073"
,"30.437691000","29.187671000","5586","52","10.0.0.2","46884","192.168.10.22","8081","0","38","413161"
,"30.438665000","29.188645000","5587","140","192.168.10.22","8081","10.0.0.2","46884","88","417649","38"
,"30.438707000","29.188687000","5588","140","192.168.10.22","8081","10.0.0.2","46884","88","417737","38"
,"30.438770000","29.188750000","5589","140","192.168.10.22","8081","10.0.0.2","46884","88","417825","38"
,"30.438785000","29.188765000","5590","140","192.168.10.22","8081","10.0.0.2","46884","88","417913","38"
,"30.438839000","29.188819000","5591","140","192.168.10.22","8081","10.0.0.2","46884","88","418001","38"
,"30.438852000","29.188832000","5592","140","192.168.10.22","8081","10.0.0.2","46884","88","418089","38"
,"30.438943000","29.188923000","5593","140","192.168.10.22","8081","10.0.0.2","46884","88","418177","38"
,"30.438961000","29.188941000","5594","140","192.168.10.22","8081","10.0.0.2","46884","88","418265","38"
,"30.439007000","29.188987000","5595","140","192.168.10.22","8081","10.0.0.2","46884","88","418353","38"
,"30.439021000","29.189001000","5596","140","192.168.10.22","8081","10.0.0.2","46884","88","418441","38"
,"30.499979000","29.249959000","5597","52","10.0.0.2","46884","192.168.10.22","8081","0","38","413865"
,"30.500006000","29.249986000","5598","52","10.0.0.2","46884","192.168.10.22","8081","0","38","414129"
,"30.501027000","29.251007000","5599","140","192.168.10.22","8081","10.0.0.2","46884","88","418529","38"
,"30.501069000","29.251049000","5600","140","192.168.10.22","8081","10.0.0.2","46884","88","418617","38"
,"30.501131000","29.251111000","5601","140","192.168.10.22","8081","10.0.0.2","46884","88","418705","38"
,"30.501147000","29.251127000","5602","140","192.168.10.22","8081","10.0.0.2","46884","88","418793","38"
,"30.501199000","29.251179000","5603","140","192.168.10.22","8081","10.0.0.2","46884","88","418881","38"
,"30.501212000","29.251192000","5604","140","192.168.10.22","8081","10.0.0.2","46884","88","418969","38"
,"30.501256000","29.251236000","5605","140","192.168.10.22","8081","10.0.0.2","46884","88","419057","38"
,"30.501268000","29.251248000","5606","140","192.168.10.22","8081","10.0.0.2","46884","88","419145","38"
,"30.501312000","29.251292000","5607","140","192.168.10.22","8081","10.0.0.2","46884","88","419233","38"
,"30.501326000","29.251306000","5608","140","192.168.10.22","8081","10.0.0.2","46884","88","419321","38"
,"30.501372000","29.251352000","5609","140","192.168.10.22","8081","10.0.0.2","46884","88","419409","38"
,"30.501386000","29.251366000","5610","140","192.168.10.22","8081","10.0.0.2","46884","88","419497","38"
,"30.562333000","29.312313000","5611","52","10.0.0.2","46884","192.168.10.22","8081","0","38","415009"
,"30.563102000","29.313082000","5612","140","192.168.10.22","8081","10.0.0.2","46884","88","419585","38"
,"30.563138000","29.313118000","5613","140","192.168.10.22","8081","10.0.0.2","46884","88","419673","38"
,"30.563191000","29.313171000","5614","140","192.168.10.22","8081","10.0.0.2","46884","88","419761","38"
,"30.563203000","29.313183000","5615","140","192.168.10.22","8081","10.0.0.2","46884","88","419849","38"
,"30.563248000","29.313228000","5616","140","192.168.10.22","8081","10.0.0.2","46884","88","419937","38"
,"30.563259000","29.313239000","5617","140","192.168.10.22","8081","10.0.0.2","46884","88","420025","38"
,"30.563304000","29.313284000","5618","140","192.168.10.22","8081","10.0.0.2","46884","88","420113","38"
,"30.563315000","29.313295000","5619","140","192.168.10.22","8081","10.0.0.2","46884","88","420201","38"
,"30.563359000","29.313339000","5620","140","192.168.10.22","8081","10.0.0.2","46884","88","420289","38"
,"30.563372000","29.313352000","5621","140","192.168.10.22","8081","10.0.0.2","46884","88","420377","38"
,"30.624416000","29.374396000","5622","52","10.0.0.2","46884","192.168.10.22","8081","0","38","415625"
,"30.624425000","29.374405000","5623","52","10.0.0.2","46884","192.168.10.22","8081","0","38","415977"
,"30.625172000","29.375152000","5624","140","192.168.10.22","8081","10.0.0.2","46884","88","420465","38"
,"30.625185000","29.375165000","5625","140","192.168.10.22","8081","10.0.0.2","46884","88","420553","38"
,"30.625198000","29.375178000","5626","140","192.168.10.22","8081","10.0.0.2","46884","88","420641","38"
,"30.625200000","29.375180000","5627","140","192.168.10.22","8081","10.0.0.2","46884","88","420729","38"
,"30.625212000","29.375192000","5628","140","192.168.10.22","8081","10.0.0.2","46884","88","420817","38"
,"30.625239000","29.375219000","5629","140","192.168.10.22","8081","10.0.0.2","46884","88","420905","38"
,"30.625285000","29.375265000","5630","140","192.168.10.22","8081","10.0.0.2","46884","88","420993","38"
,"30.625296000","29.375276000","5631","140","192.168.10.22","8081","10.0.0.2","46884","88","421081","38"
,"30.625341000","29.375321000","5632","140","192.168.10.22","8081","10.0.0.2","46884","88","421169","38"
,"30.625352000","29.375332000","5633","140","192.168.10.22","8081","10.0.0.2","46884","88","421257","38"
,"30.687684000","29.437664000","5634","52","10.0.0.2","46884","192.168.10.22","8081","0","38","416857"
,"30.688688000","29.438668000","5635","140","192.168.10.22","8081","10.0.0.2","46884","88","421345","38"
,"30.688730000","29.438710000","5636","140","192.168.10.22","8081","10.0.0.2","46884","88","421433","38"
,"30.688792000","29.438772000","5637","140","192.168.10.22","8081","10.0.0.2","46884","88","421521","38"
,"30.688809000","29.438789000","5638","140","192.168.10.22","8081","10.0.0.2","46884","88","421609","38"
,"30.688864000","29.438844000","5639","140","192.168.10.22","8081","10.0.0.2","46884","88","421697","38"
,"30.688910000","29.438890000","5640","140","192.168.10.22","8081","10.0.0.2","46884","88","421785","38"
,"30.688960000","29.438940000","5641","140","192.168.10.22","8081","10.0.0.2","46884","88","421873","38"
,"30.688972000","29.438952000","5642","140","192.168.10.22","8081","10.0.0.2","46884","88","421961","38"
,"30.689016000","29.438996000","5643","140","192.168.10.22","8081","10.0.0.2","46884","88","422049","38"
,"30.689030000","29.439010000","5644","140","192.168.10.22","8081","10.0.0.2","46884","88","422137","38"
,"30.749644000","29.499624000","5645","52","10.0.0.2","46884","192.168.10.22","8081","0","38","417825"
,"30.750623000","29.500603000","5646","140","192.168.10.22","8081","10.0.0.2","46884","88","422225","38"
,"30.750664000","29.500644000","5647","140","192.168.10.22","8081","10.0.0.2","46884","88","422313","38"
,"30.750728000","29.500708000","5648","140","192.168.10.22","8081","10.0.0.2","46884","88","422401","38"
,"30.750743000","29.500723000","5649","140","192.168.10.22","8081","10.0.0.2","46884","88","422489","38"
,"30.750797000","29.500777000","5650","140","192.168.10.22","8081","10.0.0.2","46884","88","422577","38"
,"30.750811000","29.500791000","5651","140","192.168.10.22","8081","10.0.0.2","46884","88","422665","38"
,"30.750857000","29.500837000","5652","140","192.168.10.22","8081","10.0.0.2","46884","88","422753","38"
,"30.750869000","29.500849000","5653","140","192.168.10.22","8081","10.0.0.2","46884","88","422841","38"
,"30.750952000","29.500932000","5654","140","192.168.10.22","8081","10.0.0.2","46884","88","422929","38"
,"30.750968000","29.500948000","5655","140","192.168.10.22","8081","10.0.0.2","46884","88","423017","38"
,"30.751014000","29.500994000","5656","140","192.168.10.22","8081","10.0.0.2","46884","88","423105","38"
,"30.751025000","29.501005000","5657","140","192.168.10.22","8081","10.0.0.2","46884","88","423193","38"
,"30.812812000","29.562792000","5658","52","10.0.0.2","46884","192.168.10.22","8081","0","38","418529"
,"30.812835000","29.562815000","5659","52","10.0.0.2","46884","192.168.10.22","8081","0","38","418705"
,"30.813858000","29.563838000","5660","140","192.168.10.22","8081","10.0.0.2","46884","88","423281","38"
,"30.813938000","29.563918000","5661","140","192.168.10.22","8081","10.0.0.2","46884","88","423369","38"
,"30.814010000","29.563990000","5662","140","192.168.10.22","8081","10.0.0.2","46884","88","423457","38"
,"30.814027000","29.564007000","5663","140","192.168.10.22","8081","10.0.0.2","46884","88","423545","38"
,"30.814074000","29.564054000","5664","140","192.168.10.22","8081","10.0.0.2","46884","88","423633","38"
,"30.814086000","29.564066000","5665","140","192.168.10.22","8081","10.0.0.2","46884","88","423721","38"
,"30.814131000","29.564111000","5666","140","192.168.10.22","8081","10.0.0.2","46884","88","423809","38"
,"30.814145000","29.564125000","5667","140","192.168.10.22","8081","10.0.0.2","46884","88","423897","38"
,"30.814190000","29.564170000","5668","140","192.168.10.22","8081","10.0.0.2","46884","88","423985","38"
,"30.814204000","29.564184000","5669","140","192.168.10.22","8081","10.0.0.2","46884","88","424073","38"
,"30.874598000","29.624578000","5670","52","10.0.0.2","46884","192.168.10.22","8081","0","38","419585"
,"30.875594000","29.625574000","5671","140","192.168.10.22","8081","10.0.0.2","46884","88","424161","38"
,"30.875636000","29.625616000","5672","140","192.168.10.22","8081","10.0.0.2","46884","88","424249","38"
,"30.875699000","29.625679000","5673","140","192.168.10.22","8081","10.0.0.2","46884","88","424337","38"
,"30.875716000","29.625696000","5674","140","192.168.10.22","8081","10.0.0.2","46884","88","424425","38"
,"30.875770000","29.625750000","5675","140","192.168.10.22","8081","10.0.0.2","46884","88","424513","38"
,"30.875784000","29.625764000","5676","140","192.168.10.22","8081","10.0.0.2","46884","88","424601","38"
,"30.875830000","29.625810000","5677","140","192.168.10.22","8081","10.0.0.2","46884","88","424689","38"
,"30.875842000","29.625822000","5678","140","192.168.10.22","8081","10.0.0.2","46884","88","424777","38"
,"30.875911000","29.625891000","5679","140","192.168.10.22","8081","10.0.0.2","46884","88","424865","38"
,"30.875927000","29.625907000","5680","140","192.168.10.22","8081","10.0.0.2","46884","88","424953","38"
,"30.937443000","29.687423000","5681","52","10.0.0.2","46884","192.168.10.22","8081","0","38","419937"
,"30.937467000","29.687447000","5682","52","10.0.0.2","46884","192.168.10.22","8081","0","38","420465"
,"30.937480000","29.687460000","5683","52","10.0.0.2","46884","192.168.10.22","8081","0","38","420553"
,"30.938463000","29.688443000","5684","140","192.168.10.22","8081","10.0.0.2","46884","88","425041","38"
,"30.938505000","29.688485000","5685","140","192.168.10.22","8081","10.0.0.2","46884","88","425129","38"
,"30.938571000","29.688551000","5686","140","192.168.10.22","8081","10.0.0.2","46884","88","425217","38"
,"30.938587000","29.688567000","5687","140","192.168.10.22","8081","10.0.0.2","46884","88","425305","38"
,"30.938642000","29.688622000","5688","140","192.168.10.22","8081","10.0.0.2","46884","88","425393","38"
,"30.938655000","29.688635000","5689","140","192.168.10.22","8081","10.0.0.2","46884","88","425481","38"
,"30.938701000","29.688681000","5690","140","192.168.10.22","8081","10.0.0.2","46884","88","425569","38"
,"30.938713000","29.688693000","5691","140","192.168.10.22","8081","10.0.0.2","46884","88","425657","38"
,"30.938757000","29.688737000","5692","140","192.168.10.22","8081","10.0.0.2","46884","88","425745","38"
,"30.938771000","29.688751000","5693","140","192.168.10.22","8081","10.0.0.2","46884","88","425833","38"
,"30.999739000","29.749719000","5694","52","10.0.0.2","46884","192.168.10.22","8081","0","38","421169"
,"30.999749000","29.749729000","5695","52","10.0.0.2","46884","192.168.10.22","8081","0","38","421433"
,"31.000474000","29.750454000","5696","140","192.168.10.22","8081","10.0.0.2","46884","88","425921","38"
,"31.000487000","29.750467000","5697","140","192.168.10.22","8081","10.0.0.2","46884","88","426009","38"
,"31.000500000","29.750480000","5698","140","192.168.10.22","8081","10.0.0.2","46884","88","426097","38"
,"31.000503000","29.750483000","5699","140","192.168.10.22","8081","10.0.0.2","46884","88","426185","38"
,"31.000514000","29.750494000","5700","140","192.168.10.22","8081","10.0.0.2","46884","88","426273","38"
,"31.000542000","29.750522000","5701","140","192.168.10.22","8081","10.0.0.2","46884","88","426361","38"
,"31.000587000","29.750567000","5702","140","192.168.10.22","8081","10.0.0.2","46884","88","426449","38"
,"31.000599000","29.750579000","5703","140","192.168.10.22","8081","10.0.0.2","46884","88","426537","38"
,"31.000643000","29.750623000","5704","140","192.168.10.22","8081","10.0.0.2","46884","88","426625","38"
,"31.000655000","29.750635000","5705","140","192.168.10.22","8081","10.0.0.2","46884","88","426713","38"
,"31.062459000","29.812439000","5706","52","10.0.0.2","46884","192.168.10.22","8081","0","38","422401"
,"31.063393000","29.813373000","5707","140","192.168.10.22","8081","10.0.0.2","46884","88","426801","38"
,"31.063431000","29.813411000","5708","140","192.168.10.22","8081","10.0.0.2","46884","88","426889","38"
,"31.063484000","29.813464000","5709","140","192.168.10.22","8081","10.0.0.2","46884","88","426977","38"
,"31.063496000","29.813476000","5710","140","192.168.10.22","8081","10.0.0.2","46884","88","427065","38"
,"31.063542000","29.813522000","5711","140","192.168.10.22","8081","10.0.0.2","46884","88","427153","38"
,"31.063553000","29.813533000","5712","140","192.168.10.22","8081","10.0.0.2","46884","88","427241","38"
,"31.063598000","29.813578000","5713","140","192.168.10.22","8081","10.0.0.2","46884","88","427329","38"
,"31.063609000","29.813589000","5714","140","192.168.10.22","8081","10.0.0.2","46884","88","427417","38"
,"31.063654000","29.813634000","5715","140","192.168.10.22","8081","10.0.0.2","46884","88","427505","38"
,"31.063668000","29.813648000","5716","140","192.168.10.22","8081","10.0.0.2","46884","88","427593","38"
,"31.063713000","29.813693000","5717","140","192.168.10.22","8081","10.0.0.2","46884","88","427681","38"
,"31.063726000","29.813706000","5718","140","192.168.10.22","8081","10.0.0.2","46884","88","427769","38"
,"31.124868000","29.874848000","5719","52","10.0.0.2","46884","192.168.10.22","8081","0","38","423193"
,"31.124934000","29.874914000","5720","52","10.0.0.2","46884","192.168.10.22","8081","0","38","423281"
,"31.125932000","29.875912000","5721","140","192.168.10.22","8081","10.0.0.2","46884","88","427857","38"
,"31.125975000","29.875955000","5722","140","192.168.10.22","8081","10.0.0.2","46884","88","427945","38"
,"31.126038000","29.876018000","5723","140","192.168.10.22","8081","10.0.0.2","46884","88","428033","38"
,"31.126053000","29.876033000","5724","140","192.168.10.22","8081","10.0.0.2","46884","88","428121","38"
,"31.126103000","29.876083000","5725","140","192.168.10.22","8081","10.0.0.2","46884","88","428209","38"
,"31.126116000","29.876096000","5726","140","192.168.10.22","8081","10.0.0.2","46884","88","428297","38"
,"31.126161000","29.876141000","5727","140","192.168.10.22","8081","10.0.0.2","46884","88","428385","38"
,"31.126172000","29.876152000","5728","140","192.168.10.22","8081","10.0.0.2","46884","88","428473","38"
,"31.126217000","29.876197000","5729","140","192.168.10.22","8081","10.0.0.2","46884","88","428561","38"
,"31.126236000","29.876216000","5730","140","192.168.10.22","8081","10.0.0.2","46884","88","428649","38"
,"31.187372000","29.937352000","5731","52","10.0.0.2","46884","192.168.10.22","8081","0","38","424249"
,"31.188364000","29.938344000","5732","140","192.168.10.22","8081","10.0.0.2","46884","88","428737","38"
,"31.188408000","29.938388000","5733","140","192.168.10.22","8081","10.0.0.2","46884","88","428825","38"
,"31.188475000","29.938455000","5734","140","192.168.10.22","8081","10.0.0.2","46884","88","428913","38"
,"31.188492000","29.938472000","5735","140","192.168.10.22","8081","10.0.0.2","46884","88","429001","38"
,"31.188544000","29.938524000","5736","140","192.168.10.22","8081","10.0.0.2","46884","88","429089","38"
,"31.188558000","29.938538000","5737","140","192.168.10.22","8081","10.0.0.2","46884","88","429177","38"
,"31.188604000","29.938584000","5738","140","192.168.10.22","8081","10.0.0.2","46884","88","429265","38"
,"31.188615000","29.938595000","5739","140","192.168.10.22","8081","10.0.0.2","46884","88","429353","38"
,"31.188659000","29.938639000","5740","140","192.168.10.22","8081","10.0.0.2","46884","88","429441","38"
,"31.188673000","29.938653000","5741","140","192.168.10.22","8081","10.0.0.2","46884","88","429529","38"
,"31.249368000","29.999348000","5742","52","10.0.0.2","46884","192.168.10.22","8081","0","38","425041"
,"31.249378000","29.999358000","5743","52","10.0.0.2","46884","192.168.10.22","8081","0","38","425129"
,"31.250235000","30.000215000","5744","140","192.168.10.22","8081","10.0.0.2","46884","88","429617","38"
,"31.250274000","30.000254000","5745","140","192.168.10.22","8081","10.0.0.2","46884","88","429705","38"
,"31.250323000","30.000303000","5746","140","192.168.10.22","8081","10.0.0.2","46884","88","429793","38"
,"31.250335000","30.000315000","5747","140","192.168.10.22","8081","10.0.0.2","46884","88","429881","38"
,"31.250381000","30.000361000","5748","140","192.168.10.22","8081","10.0.0.2","46884","88","429969","38"
,"31.250393000","30.000373000","5749","140","192.168.10.22","8081","10.0.0.2","46884","88","430057","38"
,"31.250438000","30.000418000","5750","140","192.168.10.22","8081","10.0.0.2","46884","88","430145","38"
,"31.250449000","30.000429000","5751","140","192.168.10.22","8081","10.0.0.2","46884","88","430233","38"
,"31.250494000","30.000474000","5752","140","192.168.10.22","8081","10.0.0.2","46884","88","430321","38"
,"31.250508000","30.000488000","5753","140","192.168.10.22","8081","10.0.0.2","46884","88","430409","38"
,"31.312776000","30.062756000","5754","52","10.0.0.2","46884","192.168.10.22","8081","0","38","425921"
,"31.312802000","30.062782000","5755","52","10.0.0.2","46884","192.168.10.22","8081","0","38","426097"
,"31.313818000","30.063798000","5756","140","192.168.10.22","8081","10.0.0.2","46884","88","430497","38"
,"31.313859000","30.063839000","5757","140","192.168.10.22","8081","10.0.0.2","46884","88","430585","38"
,"31.313966000","30.063946000","5758","140","192.168.10.22","8081","10.0.0.2","46884","88","430673","38"
,"31.313983000","30.063963000","5759","140","192.168.10.22","8081","10.0.0.2","46884","88","430761","38"
,"31.314033000","30.064013000","5760","140","192.168.10.22","8081","10.0.0.2","46884","88","430849","38"
,"31.314056000","30.064036000","5761","140","192.168.10.22","8081","10.0.0.2","46884","88","430937","38"
,"31.314101000","30.064081000","5762","140","192.168.10.22","8081","10.0.0.2","46884","88","431025","38"
,"31.314114000","30.064094000","5763","140","192.168.10.22","8081","10.0.0.2","46884","88","431113","38"
,"31.314160000","30.064140000","5764","140","192.168.10.22","8081","10.0.0.2","46884","88","431201","38"
,"31.314174000","30.064154000","5765","140","192.168.10.22","8081","10.0.0.2","46884","88","431289","38"
,"31.314220000","30.064200000","5766","140","192.168.10.22","8081","10.0.0.2","46884","88","431377","38"
,"31.314232000","30.064212000","5767","140","192.168.10.22","8081","10.0.0.2","46884","88","431465","38"
,"31.374394000","30.124374000","5768","52","10.0.0.2","46884","192.168.10.22","8081","0","38","426977"
,"31.375399000","30.125379000","5769","140","192.168.10.22","8081","10.0.0.2","46884","88","431553","38"
,"31.375440000","30.125420000","5770","140","192.168.10.22","8081","10.0.0.2","46884","88","431641","38"
,"31.375505000","30.125485000","5771","140","192.168.10.22","8081","10.0.0.2","46884","88","431729","38"
,"31.375520000","30.125500000","5772","140","192.168.10.22","8081","10.0.0.2","46884","88","431817","38"
,"31.375573000","30.125553000","5773","140","192.168.10.22","8081","10.0.0.2","46884","88","431905","38"
,"31.375587000","30.125567000","5774","140","192.168.10.22","8081","10.0.0.2","46884","88","431993","38"
,"31.375633000","30.125613000","5775","140","192.168.10.22","8081","10.0.0.2","46884","88","432081","38"
,"31.375644000","30.125624000","5776","140","192.168.10.22","8081","10.0.0.2","46884","88","432169","38"
,"31.375690000","30.125670000","5777","140","192.168.10.22","8081","10.0.0.2","46884","88","432257","38"
,"31.375703000","30.125683000","5778","140","192.168.10.22","8081","10.0.0.2","46884","88","432345","38"
,"31.437121000","30.187101000","5779","52","10.0.0.2","46884","192.168.10.22","8081","0","38","427769"
,"31.437129000","30.187109000","5780","52","10.0.0.2","46884","192.168.10.22","8081","0","38","427857"
,"31.437861000","30.187841000","5781","140","192.168.10.22","8081","10.0.0.2","46884","88","432433","38"
,"31.437938000","30.187918000","5782","140","192.168.10.22","8081","10.0.0.2","46884","88","432521","38"
,"31.437993000","30.187973000","5783","140","192.168.10.22","8081","10.0.0.2","46884","88","432609","38"
,"31.438004000","30.187984000","5784","140","192.168.10.22","8081","10.0.0.2","46884","88","432697","38"
,"31.438049000","30.188029000","5785","140","192.168.10.22","8081","10.0.0.2","46884","88","432785","38"
,"31.438061000","30.188041000","5786","140","192.168.10.22","8081","10.0.0.2","46884","88","432873","38"
,"31.438105000","30.188085000","5787","140","192.168.10.22","8081","10.0.0.2","46884","88","432961","38"
,"31.438117000","30.188097000","5788","140","192.168.10.22","8081","10.0.0.2","46884","88","433049","38"
,"31.438162000","30.188142000","5789","140","192.168.10.22","8081","10.0.0.2","46884","88","433137","38"
,"31.438174000","30.188154000","5790","140","192.168.10.22","8081","10.0.0.2","46884","88","433225","38"
,"31.445128000",,"5791","48",,,,,,,
,"31.499522000","30.249502000","5792","52","10.0.0.2","46884","192.168.10.22","8081","0","38","428649"
,"31.499550000","30.249530000","5793","52","10.0.0.2","46884","192.168.10.22","8081","0","38","428825"
,"31.500539000","30.250519000","5794","140","192.168.10.22","8081","10.0.0.2","46884","88","433313","38"
,"31.500582000","30.250562000","5795","140","192.168.10.22","8081","10.0.0.2","46884","88","433401","38"
,"31.500649000","30.250629000","5796","140","192.168.10.22","8081","10.0.0.2","46884","88","433489","38"
,"31.500665000","30.250645000","5797","140","192.168.10.22","8081","10.0.0.2","46884","88","433577","38"
,"31.500720000","30.250700000","5798","140","192.168.10.22","8081","10.0.0.2","46884","88","433665","38"
,"31.500733000","30.250713000","5799","140","192.168.10.22","8081","10.0.0.2","46884","88","433753","38"
,"31.500778000","30.250758000","5800","140","192.168.10.22","8081","10.0.0.2","46884","88","433841","38"
,"31.500790000","30.250770000","5801","140","192.168.10.22","8081","10.0.0.2","46884","88","433929","38"
,"31.500834000","30.250814000","5802","140","192.168.10.22","8081","10.0.0.2","46884","88","434017","38"
,"31.500848000","30.250828000","5803","140","192.168.10.22","8081","10.0.0.2","46884","88","434105","38"
,"31.562104000","30.312084000","5804","52","10.0.0.2","46884","192.168.10.22","8081","0","38","429705"
,"31.563117000","30.313097000","5805","140","192.168.10.22","8081","10.0.0.2","46884","88","434193","38"
,"31.563159000","30.313139000","5806","140","192.168.10.22","8081","10.0.0.2","46884","88","434281","38"
,"31.563221000","30.313201000","5807","140","192.168.10.22","8081","10.0.0.2","46884","88","434369","38"
,"31.563237000","30.313217000","5808","140","192.168.10.22","8081","10.0.0.2","46884","88","434457","38"
,"31.563292000","30.313272000","5809","140","192.168.10.22","8081","10.0.0.2","46884","88","434545","38"
,"31.563306000","30.313286000","5810","140","192.168.10.22","8081","10.0.0.2","46884","88","434633","38"
,"31.563351000","30.313331000","5811","140","192.168.10.22","8081","10.0.0.2","46884","88","434721","38"
,"31.563362000","30.313342000","5812","140","192.168.10.22","8081","10.0.0.2","46884","88","434809","38"
,"31.563407000","30.313387000","5813","140","192.168.10.22","8081","10.0.0.2","46884","88","434897","38"
,"31.563421000","30.313401000","5814","140","192.168.10.22","8081","10.0.0.2","46884","88","434985","38"
,"31.624830000","30.374810000","5815","52","10.0.0.2","46884","192.168.10.22","8081","0","38","430673"
,"31.625861000","30.375841000","5816","140","192.168.10.22","8081","10.0.0.2","46884","88","435073","38"
,"31.625932000","30.375912000","5817","140","192.168.10.22","8081","10.0.0.2","46884","88","435161","38"
,"31.626001000","30.375981000","5818","140","192.168.10.22","8081","10.0.0.2","46884","88","435249","38"
,"31.626018000","30.375998000","5819","140","192.168.10.22","8081","10.0.0.2","46884","88","435337","38"
,"31.626065000","30.376045000","5820","140","192.168.10.22","8081","10.0.0.2","46884","88","435425","38"
,"31.626078000","30.376058000","5821","140","192.168.10.22","8081","10.0.0.2","46884","88","435513","38"
,"31.626123000","30.376103000","5822","140","192.168.10.22","8081","10.0.0.2","46884","88","435601","38"
,"31.626135000","30.376115000","5823","140","192.168.10.22","8081","10.0.0.2","46884","88","435689","38"
,"31.626179000","30.376159000","5824","140","192.168.10.22","8081","10.0.0.2","46884","88","435777","38"
,"31.626192000","30.376172000","5825","140","192.168.10.22","8081","10.0.0.2","46884","88","435865","38"
,"31.626237000","30.376217000","5826","140","192.168.10.22","8081","10.0.0.2","46884","88","435953","38"
,"31.626250000","30.376230000","5827","140","192.168.10.22","8081","10.0.0.2","46884","88","436041","38"
,"31.687279000","30.437259000","5828","52","10.0.0.2","46884","192.168.10.22","8081","0","38","431465"
,"31.687306000","30.437286000","5829","52","10.0.0.2","46884","192.168.10.22","8081","0","38","431553"
,"31.688328000","30.438308000","5830","140","192.168.10.22","8081","10.0.0.2","46884","88","436129","38"
,"31.688370000","30.438350000","5831","140","192.168.10.22","8081","10.0.0.2","46884","88","436217","38"
,"31.688433000","30.438413000","5832","140","192.168.10.22","8081","10.0.0.2","46884","88","436305","38"
,"31.688450000","30.438430000","5833","140","192.168.10.22","8081","10.0.0.2","46884","88","436393","38"
,"31.688506000","30.438486000","5834","140","192.168.10.22","8081","10.0.0.2","46884","88","436481","38"
,"31.688520000","30.438500000","5835","140","192.168.10.22","8081","10.0.0.2","46884","88","436569","38"
,"31.688565000","30.438545000","5836","140","192.168.10.22","8081","10.0.0.2","46884","88","436657","38"
,"31.688577000","30.438557000","5837","140","192.168.10.22","8081","10.0.0.2","46884","88","436745","38"
,"31.688621000","30.438601000","5838","140","192.168.10.22","8081","10.0.0.2","46884","88","436833","38"
,"31.688635000","30.438615000","5839","140","192.168.10.22","8081","10.0.0.2","46884","88","436921","38"
,"31.749153000","30.499133000","5840","52","10.0.0.2","46884","192.168.10.22","8081","0","38","432521"
,"31.750104000","30.500084000","5841","140","192.168.10.22","8081","10.0.0.2","46884","88","437009","38"
,"31.750144000","30.500124000","5842","140","192.168.10.22","8081","10.0.0.2","46884","88","437097","38"
,"31.750195000","30.500175000","5843","140","192.168.10.22","8081","10.0.0.2","46884","88","437185","38"
,"31.750207000","30.500187000","5844","140","192.168.10.22","8081","10.0.0.2","46884","88","437273","38"
,"31.750252000","30.500232000","5845","140","192.168.10.22","8081","10.0.0.2","46884","88","437361","38"
,"31.750265000","30.500245000","5846","140","192.168.10.22","8081","10.0.0.2","46884","88","437449","38"
,"31.750310000","30.500290000","5847","140","192.168.10.22","8081","10.0.0.2","46884","88","437537","38"
,"31.750324000","30.500304000","5848","140","192.168.10.22","8081","10.0.0.2","46884","88","437625","38"
,"31.750369000","30.500349000","5849","140","192.168.10.22","8081","10.0.0.2","46884","88","437713","38"
,"31.750382000","30.500362000","5850","140","192.168.10.22","8081","10.0.0.2","46884","88","437801","38"
,"31.812087000","30.562067000","5851","52","10.0.0.2","46884","192.168.10.22","8081","0","38","433313"
,"31.812097000","30.562077000","5852","52","10.0.0.2","46884","192.168.10.22","8081","0","38","433401"
,"31.812954000","30.562934000","5853","140","192.168.10.22","8081","10.0.0.2","46884","88","437889","38"
,"31.812993000","30.562973000","5854","140","192.168.10.22","8081","10.0.0.2","46884","88","437977","38"
,"31.813044000","30.563024000","5855","140","192.168.10.22","8081","10.0.0.2","46884","88","438065","38"
,"31.813056000","30.563036000","5856","140","192.168.10.22","8081","10.0.0.2","46884","88","438153","38"
,"31.813101000","30.563081000","5857","140","192.168.10.22","8081","10.0.0.2","46884","88","438241","38"
,"31.813113000","30.563093000","5858","140","192.168.10.22","8081","10.0.0.2","46884","88","438329","38"
,"31.813157000","30.563137000","5859","140","192.168.10.22","8081","10.0.0.2","46884","88","438417","38"
,"31.813169000","30.563149000","5860","140","192.168.10.22","8081","10.0.0.2","46884","88","438505","38"
,"31.813214000","30.563194000","5861","140","192.168.10.22","8081","10.0.0.2","46884","88","438593","38"
,"31.813228000","30.563208000","5862","140","192.168.10.22","8081","10.0.0.2","46884","88","438681","38"
,"31.874521000","30.624501000","5863","52","10.0.0.2","46884","192.168.10.22","8081","0","38","434105"
,"31.874546000","30.624526000","5864","52","10.0.0.2","46884","192.168.10.22","8081","0","38","434369"
,"31.875554000","30.625534000","5865","140","192.168.10.22","8081","10.0.0.2","46884","88","438769","38"
,"31.875599000","30.625579000","5866","140","192.168.10.22","8081","10.0.0.2","46884","88","438857","38"
,"31.875664000","30.625644000","5867","140","192.168.10.22","8081","10.0.0.2","46884","88","438945","38"
,"31.875682000","30.625662000","5868","140","192.168.10.22","8081","10.0.0.2","46884","88","439033","38"
,"31.875734000","30.625714000","5869","140","192.168.10.22","8081","10.0.0.2","46884","88","439121","38"
,"31.875746000","30.625726000","5870","140","192.168.10.22","8081","10.0.0.2","46884","88","439209","38"
,"31.875791000","30.625771000","5871","140","192.168.10.22","8081","10.0.0.2","46884","88","439297","38"
,"31.875803000","30.625783000","5872","140","192.168.10.22","8081","10.0.0.2","46884","88","439385","38"
,"31.875847000","30.625827000","5873","140","192.168.10.22","8081","10.0.0.2","46884","88","439473","38"
,"31.875860000","30.625840000","5874","140","192.168.10.22","8081","10.0.0.2","46884","88","439561","38"
,"31.875939000","30.625919000","5875","140","192.168.10.22","8081","10.0.0.2","46884","88","439649","38"
,"31.875955000","30.625935000","5876","140","192.168.10.22","8081","10.0.0.2","46884","88","439737","38"
,"31.937111000","30.687091000","5877","52","10.0.0.2","46884","192.168.10.22","8081","0","38","435073"
,"31.937140000","30.687120000","5878","52","10.0.0.2","46884","192.168.10.22","8081","0","38","435249"
,"31.938149000","30.688129000","5879","140","192.168.10.22","8081","10.0.0.2","46884","88","439825","38"
,"31.938191000","30.688171000","5880","140","192.168.10.22","8081","10.0.0.2","46884","88","439913","38"
,"31.938257000","30.688237000","5881","140","192.168.10.22","8081","10.0.0.2","46884","88","440001","38"
,"31.938272000","30.688252000","5882","140","192.168.10.22","8081","10.0.0.2","46884","88","440089","38"
,"31.938326000","30.688306000","5883","140","192.168.10.22","8081","10.0.0.2","46884","88","440177","38"
,"31.938339000","30.688319000","5884","140","192.168.10.22","8081","10.0.0.2","46884","88","440265","38"
,"31.938384000","30.688364000","5885","140","192.168.10.22","8081","10.0.0.2","46884","88","440353","38"
,"31.938396000","30.688376000","5886","140","192.168.10.22","8081","10.0.0.2","46884","88","440441","38"
,"31.938440000","30.688420000","5887","140","192.168.10.22","8081","10.0.0.2","46884","88","440529","38"
,"31.938453000","30.688433000","5888","140","192.168.10.22","8081","10.0.0.2","46884","88","440617","38"
,"31.956991000",,"5889","48",,,,,,,
,"31.999671000","30.749651000","5890","52","10.0.0.2","46884","192.168.10.22","8081","0","38","436041"
,"31.999680000","30.749660000","5891","52","10.0.0.2","46884","192.168.10.22","8081","0","38","436129"
,"32.000388000","30.750368000","5892","140","192.168.10.22","8081","10.0.0.2","46884","88","440705","38"
,"32.000402000","30.750382000","5893","140","192.168.10.22","8081","10.0.0.2","46884","88","440793","38"
,"32.000415000","30.750395000","5894","140","192.168.10.22","8081","10.0.0.2","46884","88","440881","38"
,"32.000419000","30.750399000","5895","140","192.168.10.22","8081","10.0.0.2","46884","88","440969","38"
,"32.000460000","30.750440000","5896","140","192.168.10.22","8081","10.0.0.2","46884","88","441057","38"
,"32.000472000","30.750452000","5897","140","192.168.10.22","8081","10.0.0.2","46884","88","441145","38"
,"32.000515000","30.750495000","5898","140","192.168.10.22","8081","10.0.0.2","46884","88","441233","38"
,"32.000527000","30.750507000","5899","140","192.168.10.22","8081","10.0.0.2","46884","88","441321","38"
,"32.000571000","30.750551000","5900","140","192.168.10.22","8081","10.0.0.2","46884","88","441409","38"
,"32.000583000","30.750563000","5901","140","192.168.10.22","8081","10.0.0.2","46884","88","441497","38"
,"32.062415000","30.812395000","5902","52","10.0.0.2","46884","192.168.10.22","8081","0","38","437097"
,"32.063308000","30.813288000","5903","140","192.168.10.22","8081","10.0.0.2","46884","88","441585","38"
,"32.063345000","30.813325000","5904","140","192.168.10.22","8081","10.0.0.2","46884","88","441673","38"
,"32.063396000","30.813376000","5905","140","192.168.10.22","8081","10.0.0.2","46884","88","441761","38"
,"32.063408000","30.813388000","5906","140","192.168.10.22","8081","10.0.0.2","46884","88","441849","38"
,"32.063453000","30.813433000","5907","140","192.168.10.22","8081","10.0.0.2","46884","88","441937","38"
,"32.063465000","30.813445000","5908","140","192.168.10.22","8081","10.0.0.2","46884","88","442025","38"
,"32.063511000","30.813491000","5909","140","192.168.10.22","8081","10.0.0.2","46884","88","442113","38"
,"32.063523000","30.813503000","5910","140","192.168.10.22","8081","10.0.0.2","46884","88","442201","38"
,"32.063567000","30.813547000","5911","140","192.168.10.22","8081","10.0.0.2","46884","88","442289","38"
,"32.063580000","30.813560000","5912","140","192.168.10.22","8081","10.0.0.2","46884","88","442377","38"
,"32.123979000","30.873959000","5913","52","10.0.0.2","46884","192.168.10.22","8081","0","38","437889"
,"32.123988000","30.873968000","5914","52","10.0.0.2","46884","192.168.10.22","8081","0","38","437977"
,"32.124692000","30.874672000","5915","140","192.168.10.22","8081","10.0.0.2","46884","88","442465","38"
,"32.124708000","30.874688000","5916","140","192.168.10.22","8081","10.0.0.2","46884","88","442553","38"
,"32.124769000","30.874749000","5917","140","192.168.10.22","8081","10.0.0.2","46884","88","442641","38"
,"32.124781000","30.874761000","5918","140","192.168.10.22","8081","10.0.0.2","46884","88","442729","38"
,"32.124827000","30.874807000","5919","140","192.168.10.22","8081","10.0.0.2","46884","88","442817","38"
,"32.124839000","30.874819000","5920","140","192.168.10.22","8081","10.0.0.2","46884","88","442905","38"
,"32.124930000","30.874910000","5921","140","192.168.10.22","8081","10.0.0.2","46884","88","442993","38"
,"32.124945000","30.874925000","5922","140","192.168.10.22","8081","10.0.0.2","46884","88","443081","38"
,"32.124990000","30.874970000","5923","140","192.168.10.22","8081","10.0.0.2","46884","88","443169","38"
,"32.125001000","30.874981000","5924","140","192.168.10.22","8081","10.0.0.2","46884","88","443257","38"
,"32.187373000","30.937353000","5925","52","10.0.0.2","46884","192.168.10.22","8081","0","38","438769"
,"32.187398000","30.937378000","5926","52","10.0.0.2","46884","192.168.10.22","8081","0","38","438945"
,"32.188424000","30.938404000","5927","140","192.168.10.22","8081","10.0.0.2","46884","88","443345","38"
,"32.188470000","30.938450000","5928","140","192.168.10.22","8081","10.0.0.2","46884","88","443433","38"
,"32.188532000","30.938512000","5929","140","192.168.10.22","8081","10.0.0.2","46884","88","443521","38"
,"32.188548000","30.938528000","5930","140","192.168.10.22","8081","10.0.0.2","46884","88","443609","38"
,"32.188601000","30.938581000","5931","140","192.168.10.22","8081","10.0.0.2","46884","88","443697","38"
,"32.188615000","30.938595000","5932","140","192.168.10.22","8081","10.0.0.2","46884","88","443785","38"
,"32.188661000","30.938641000","5933","140","192.168.10.22","8081","10.0.0.2","46884","88","443873","38"
,"32.188672000","30.938652000","5934","140","192.168.10.22","8081","10.0.0.2","46884","88","443961","38"
,"32.188717000","30.938697000","5935","140","192.168.10.22","8081","10.0.0.2","46884","88","444049","38"
,"32.188731000","30.938711000","5936","140","192.168.10.22","8081","10.0.0.2","46884","88","444137","38"
,"32.188776000","30.938756000","5937","140","192.168.10.22","8081","10.0.0.2","46884","88","444225","38"
,"32.188790000","30.938770000","5938","140","192.168.10.22","8081","10.0.0.2","46884","88","444313","38"
,"32.249055000","30.999035000","5939","52","10.0.0.2","46884","192.168.10.22","8081","0","38","439737"
,"32.249082000","30.999062000","5940","52","10.0.0.2","46884","192.168.10.22","8081","0","38","439825"
,"32.250067000","31.000047000","5941","140","192.168.10.22","8081","10.0.0.2","46884","88","444401","38"
,"32.250107000","31.000087000","5942","140","192.168.10.22","8081","10.0.0.2","46884","88","444489","38"
,"32.250168000","31.000148000","5943","140","192.168.10.22","8081","10.0.0.2","46884","88","444577","38"
,"32.250182000","31.000162000","5944","140","192.168.10.22","8081","10.0.0.2","46884","88","444665","38"
,"32.250236000","31.000216000","5945","140","192.168.10.22","8081","10.0.0.2","46884","88","444753","38"
,"32.250250000","31.000230000","5946","140","192.168.10.22","8081","10.0.0.2","46884","88","444841","38"
,"32.250296000","31.000276000","5947","140","192.168.10.22","8081","10.0.0.2","46884","88","444929","38"
,"32.250308000","31.000288000","5948","140","192.168.10.22","8081","10.0.0.2","46884","88","445017","38"
,"32.250352000","31.000332000","5949","140","192.168.10.22","8081","10.0.0.2","46884","88","445105","38"
,"32.250373000","31.000353000","5950","140","192.168.10.22","8081","10.0.0.2","46884","88","445193","38"
,"32.312653000","31.062633000","5951","52","10.0.0.2","46884","192.168.10.22","8081","0","38","440617"
,"32.312680000","31.062660000","5952","52","10.0.0.2","46884","192.168.10.22","8081","0","38","440793"
,"32.313682000","31.063662000","5953","140","192.168.10.22","8081","10.0.0.2","46884","88","445281","38"
,"32.313724000","31.063704000","5954","140","192.168.10.22","8081","10.0.0.2","46884","88","445369","38"
,"32.313786000","31.063766000","5955","140","192.168.10.22","8081","10.0.0.2","46884","88","445457","38"
,"32.313803000","31.063783000","5956","140","192.168.10.22","8081","10.0.0.2","46884","88","445545","38"
,"32.313857000","31.063837000","5957","140","192.168.10.22","8081","10.0.0.2","46884","88","445633","38"
,"32.313870000","31.063850000","5958","140","192.168.10.22","8081","10.0.0.2","46884","88","445721","38"
,"32.313963000","31.063943000","5959","140","192.168.10.22","8081","10.0.0.2","46884","88","445809","38"
,"32.313987000","31.063967000","5960","140","192.168.10.22","8081","10.0.0.2","46884","88","445897","38"
,"32.314032000","31.064012000","5961","140","192.168.10.22","8081","10.0.0.2","46884","88","445985","38"
,"32.314046000","31.064026000","5962","140","192.168.10.22","8081","10.0.0.2","46884","88","446073","38"
,"32.374360000","31.124340000","5963","52","10.0.0.2","46884","192.168.10.22","8081","0","38","441673"
,"32.375362000","31.125342000","5964","140","192.168.10.22","8081","10.0.0.2","46884","88","446161","38"
,"32.375406000","31.125386000","5965","140","192.168.10.22","8081","10.0.0.2","46884","88","446249","38"
,"32.375467000","31.125447000","5966","140","192.168.10.22","8081","10.0.0.2","46884","88","446337","38"
,"32.375482000","31.125462000","5967","140","192.168.10.22","8081","10.0.0.2","46884","88","446425","38"
,"32.375535000","31.125515000","5968","140","192.168.10.22","8081","10.0.0.2","46884","88","446513","38"
,"32.375549000","31.125529000","5969","140","192.168.10.22","8081","10.0.0.2","46884","88","446601","38"
,"32.375594000","31.125574000","5970","140","192.168.10.22","8081","10.0.0.2","46884","88","446689","38"
,"32.375606000","31.125586000","5971","140","192.168.10.22","8081","10.0.0.2","46884","88","446777","38"
,"32.375650000","31.125630000","5972","140","192.168.10.22","8081","10.0.0.2","46884","88","446865","38"
,"32.375664000","31.125644000","5973","140","192.168.10.22","8081","10.0.0.2","46884","88","446953","38"
,"32.437265000","31.187245000","5974","52","10.0.0.2","46884","192.168.10.22","8081","0","38","442377"
,"32.437292000","31.187272000","5975","52","10.0.0.2","46884","192.168.10.22","8081","0","38","442641"
,"32.438245000","31.188225000","5976","140","192.168.10.22","8081","10.0.0.2","46884","88","447041","38"
,"32.438286000","31.188266000","5977","140","192.168.10.22","8081","10.0.0.2","46884","88","447129","38"
,"32.438338000","31.188318000","5978","140","192.168.10.22","8081","10.0.0.2","46884","88","447217","38"
,"32.438351000","31.188331000","5979","140","192.168.10.22","8081","10.0.0.2","46884","88","447305","38"
,"32.438395000","31.188375000","5980","140","192.168.10.22","8081","10.0.0.2","46884","88","447393","38"
,"32.438407000","31.188387000","5981","140","192.168.10.22","8081","10.0.0.2","46884","88","447481","38"
,"32.438451000","31.188431000","5982","140","192.168.10.22","8081","10.0.0.2","46884","88","447569","38"
,"32.438462000","31.188442000","5983","140","192.168.10.22","8081","10.0.0.2","46884","88","447657","38"
,"32.438506000","31.188486000","5984","140","192.168.10.22","8081","10.0.0.2","46884","88","447745","38"
,"32.438519000","31.188499000","5985","140","192.168.10.22","8081","10.0.0.2","46884","88","447833","38"
,"32.438564000","31.188544000","5986","140","192.168.10.22","8081","10.0.0.2","46884","88","447921","38"
,"32.438578000","31.188558000","5987","140","192.168.10.22","8081","10.0.0.2","46884","88","448009","38"
,"32.499662000","31.249642000","5988","52","10.0.0.2","46884","192.168.10.22","8081","0","38","443433"
,"32.499690000","31.249670000","5989","52","10.0.0.2","46884","192.168.10.22","8081","0","38","443521"
,"32.500703000","31.250683000","5990","140","192.168.10.22","8081","10.0.0.2","46884","88","448097","38"
,"32.500745000","31.250725000","5991","140","192.168.10.22","8081","10.0.0.2","46884","88","448185","38"
,"32.500809000","31.250789000","5992","140","192.168.10.22","8081","10.0.0.2","46884","88","448273","38"
,"32.500825000","31.250805000","5993","140","192.168.10.22","8081","10.0.0.2","46884","88","448361","38"
,"32.500922000","31.250902000","5994","140","192.168.10.22","8081","10.0.0.2","46884","88","448449","38"
,"32.500938000","31.250918000","5995","140","192.168.10.22","8081","10.0.0.2","46884","88","448537","38"
,"32.500986000","31.250966000","5996","140","192.168.10.22","8081","10.0.0.2","46884","88","448625","38"
,"32.501000000","31.250980000","5997","140","192.168.10.22","8081","10.0.0.2","46884","88","448713","38"
,"32.501045000","31.251025000","5998","140","192.168.10.22","8081","10.0.0.2","46884","88","448801","38"
,"32.501060000","31.251040000","5999","140","192.168.10.22","8081","10.0.0.2","46884","88","448889","38"
,"32.562103000","31.312083000","6000","52","10.0.0.2","46884","192.168.10.22","8081","0","38","444401"
,"32.563113000","31.313093000","6001","140","192.168.10.22","8081","10.0.0.2","46884","88","448977","38"
,"32.563155000","31.313135000","6002","140","192.168.10.22","8081","10.0.0.2","46884","88","449065","38"
,"32.563217000","31.313197000","6003","140","192.168.10.22","8081","10.0.0.2","46884","88","449153","38"
,"32.563232000","31.313212000","6004","140","192.168.10.22","8081","10.0.0.2","46884","88","449241","38"
,"32.563288000","31.313268000","6005","140","192.168.10.22","8081","10.0.0.2","46884","88","449329","38"
,"32.563302000","31.313282000","6006","140","192.168.10.22","8081","10.0.0.2","46884","88","449417","38"
,"32.563346000","31.313326000","6007","140","192.168.10.22","8081","10.0.0.2","46884","88","449505","38"
,"32.563358000","31.313338000","6008","140","192.168.10.22","8081","10.0.0.2","46884","88","449593","38"
,"32.563402000","31.313382000","6009","140","192.168.10.22","8081","10.0.0.2","46884","88","449681","38"
,"32.563416000","31.313396000","6010","140","192.168.10.22","8081","10.0.0.2","46884","88","449769","38"
,"32.624206000","31.374186000","6011","52","10.0.0.2","46884","192.168.10.22","8081","0","38","445369"
,"32.625127000","31.375107000","6012","140","192.168.10.22","8081","10.0.0.2","46884","88","449857","38"
,"32.625167000","31.375147000","6013","140","192.168.10.22","8081","10.0.0.2","46884","88","449945","38"
,"32.625220000","31.375200000","6014","140","192.168.10.22","8081","10.0.0.2","46884","88","450033","38"
,"32.625232000","31.375212000","6015","140","192.168.10.22","8081","10.0.0.2","46884","88","450121","38"
,"32.625278000","31.375258000","6016","140","192.168.10.22","8081","10.0.0.2","46884","88","450209","38"
,"32.625290000","31.375270000","6017","140","192.168.10.22","8081","10.0.0.2","46884","88","450297","38"
,"32.625335000","31.375315000","6018","140","192.168.10.22","8081","10.0.0.2","46884","88","450385","38"
,"32.625347000","31.375327000","6019","140","192.168.10.22","8081","10.0.0.2","46884","88","450473","38"
,"32.625390000","31.375370000","6020","140","192.168.10.22","8081","10.0.0.2","46884","88","450561","38"
,"32.625403000","31.375383000","6021","140","192.168.10.22","8081","10.0.0.2","46884","88","450649","38"
,"32.687180000","31.437160000","6022","52","10.0.0.2","46884","192.168.10.22","8081","0","38","446161"
,"32.687207000","31.437187000","6023","52","10.0.0.2","46884","192.168.10.22","8081","0","38","446249"
,"32.688146000","31.438126000","6024","140","192.168.10.22","8081","10.0.0.2","46884","88","450737","38"
,"32.688183000","31.438163000","6025","140","192.168.10.22","8081","10.0.0.2","46884","88","450825","38"
,"32.688233000","31.438213000","6026","140","192.168.10.22","8081","10.0.0.2","46884","88","450913","38"
,"32.688245000","31.438225000","6027","140","192.168.10.22","8081","10.0.0.2","46884","88","451001","38"
,"32.688290000","31.438270000","6028","140","192.168.10.22","8081","10.0.0.2","46884","88","451089","38"
,"32.688302000","31.438282000","6029","140","192.168.10.22","8081","10.0.0.2","46884","88","451177","38"
,"32.688348000","31.438328000","6030","140","192.168.10.22","8081","10.0.0.2","46884","88","451265","38"
,"32.688360000","31.438340000","6031","140","192.168.10.22","8081","10.0.0.2","46884","88","451353","38"
,"32.688405000","31.438385000","6032","140","192.168.10.22","8081","10.0.0.2","46884","88","451441","38"
,"32.688418000","31.438398000","6033","140","192.168.10.22","8081","10.0.0.2","46884","88","451529","38"
,"32.749394000","31.499374000","6034","52","10.0.0.2","46884","192.168.10.22","8081","0","38","447217"
,"32.750301000","31.500281000","6035","140","192.168.10.22","8081","10.0.0.2","46884","88","451617","38"
,"32.750338000","31.500318000","6036","140","192.168.10.22","8081","10.0.0.2","46884","88","451705","38"
,"32.750390000","31.500370000","6037","140","192.168.10.22","8081","10.0.0.2","46884","88","451793","38"
,"32.750403000","31.500383000","6038","140","192.168.10.22","8081","10.0.0.2","46884","88","451881","38"
,"32.750447000","31.500427000","6039","140","192.168.10.22","8081","10.0.0.2","46884","88","451969","38"
,"32.750459000","31.500439000","6040","140","192.168.10.22","8081","10.0.0.2","46884","88","452057","38"
,"32.750503000","31.500483000","6041","140","192.168.10.22","8081","10.0.0.2","46884","88","452145","38"
,"32.750514000","31.500494000","6042","140","192.168.10.22","8081","10.0.0.2","46884","88","452233","38"
,"32.750559000","31.500539000","6043","140","192.168.10.22","8081","10.0.0.2","46884","88","452321","38"
,"32.750572000","31.500552000","6044","140","192.168.10.22","8081","10.0.0.2","46884","88","452409","38"
,"32.750618000","31.500598000","6045","140","192.168.10.22","8081","10.0.0.2","46884","88","452497","38"
,"32.750632000","31.500612000","6046","140","192.168.10.22","8081","10.0.0.2","46884","88","452585","38"
,"32.812929000","31.562909000","6047","52","10.0.0.2","46884","192.168.10.22","8081","0","38","448009"
,"32.812982000","31.562962000","6048","52","10.0.0.2","46884","192.168.10.22","8081","0","38","448097"
,"32.813982000","31.563962000","6049","140","192.168.10.22","8081","10.0.0.2","46884","88","452673","38"
,"32.814024000","31.564004000","6050","140","192.168.10.22","8081","10.0.0.2","46884","88","452761","38"
,"32.814087000","31.564067000","6051","140","192.168.10.22","8081","10.0.0.2","46884","88","452849","38"
,"32.814104000","31.564084000","6052","140","192.168.10.22","8081","10.0.0.2","46884","88","452937","38"
,"32.814154000","31.564134000","6053","140","192.168.10.22","8081","10.0.0.2","46884","88","453025","38"
,"32.814166000","31.564146000","6054","140","192.168.10.22","8081","10.0.0.2","46884","88","453113","38"
,"32.814210000","31.564190000","6055","140","192.168.10.22","8081","10.0.0.2","46884","88","453201","38"
,"32.814221000","31.564201000","6056","140","192.168.10.22","8081","10.0.0.2","46884","88","453289","38"
,"32.814266000","31.564246000","6057","140","192.168.10.22","8081","10.0.0.2","46884","88","453377","38"
,"32.814287000","31.564267000","6058","140","192.168.10.22","8081","10.0.0.2","46884","88","453465","38"
,"32.874245000","31.624225000","6059","52","10.0.0.2","46884","192.168.10.22","8081","0","38","449065"
,"32.875175000","31.625155000","6060","140","192.168.10.22","8081","10.0.0.2","46884","88","453553","38"
,"32.875213000","31.625193000","6061","140","192.168.10.22","8081","10.0.0.2","46884","88","453641","38"
,"32.875272000","31.625252000","6062","140","192.168.10.22","8081","10.0.0.2","46884","88","453729","38"
,"32.875285000","31.625265000","6063","140","192.168.10.22","8081","10.0.0.2","46884","88","453817","38"
,"32.875335000","31.625315000","6064","140","192.168.10.22","8081","10.0.0.2","46884","88","453905","38"
,"32.875347000","31.625327000","6065","140","192.168.10.22","8081","10.0.0.2","46884","88","453993","38"
,"32.875396000","31.625376000","6066","140","192.168.10.22","8081","10.0.0.2","46884","88","454081","38"
,"32.875408000","31.625388000","6067","140","192.168.10.22","8081","10.0.0.2","46884","88","454169","38"
,"32.875451000","31.625431000","6068","140","192.168.10.22","8081","10.0.0.2","46884","88","454257","38"
,"32.875466000","31.625446000","6069","140","192.168.10.22","8081","10.0.0.2","46884","88","454345","38"
,"32.937614000","31.687594000","6070","52","10.0.0.2","46884","192.168.10.22","8081","0","38","449241"
,"32.937642000","31.687622000","6071","52","10.0.0.2","46884","192.168.10.22","8081","0","38","449945"
,"32.938638000","31.688618000","6072","140","192.168.10.22","8081","10.0.0.2","46884","88","454433","38"
,"32.938679000","31.688659000","6073","140","192.168.10.22","8081","10.0.0.2","46884","88","454521","38"
,"32.938741000","31.688721000","6074","140","192.168.10.22","8081","10.0.0.2","46884","88","454609","38"
,"32.938756000","31.688736000","6075","140","192.168.10.22","8081","10.0.0.2","46884","88","454697","38"
,"32.938810000","31.688790000","6076","140","192.168.10.22","8081","10.0.0.2","46884","88","454785","38"
,"32.938825000","31.688805000","6077","140","192.168.10.22","8081","10.0.0.2","46884","88","454873","38"
,"32.938871000","31.688851000","6078","140","192.168.10.22","8081","10.0.0.2","46884","88","454961","38"
,"32.938916000","31.688896000","6079","140","192.168.10.22","8081","10.0.0.2","46884","88","455049","38"
,"32.938963000","31.688943000","6080","140","192.168.10.22","8081","10.0.0.2","46884","88","455137","38"
,"32.938978000","31.688958000","6081","140","192.168.10.22","8081","10.0.0.2","46884","88","455225","38"
,"32.999157000","31.749137000","6082","52","10.0.0.2","46884","192.168.10.22","8081","0","38","450121"
,"32.999186000","31.749166000","6083","52","10.0.0.2","46884","192.168.10.22","8081","0","38","450825"
,"32.999203000","31.749183000","6084","52","10.0.0.2","46884","192.168.10.22","8081","0","38","450913"
,"32.999953000","31.749933000","6085","140","192.168.10.22","8081","10.0.0.2","46884","88","455313","38"
,"32.999963000","31.749943000","6086","140","192.168.10.22","8081","10.0.0.2","46884","88","455401","38"
,"32.999975000","31.749955000","6087","140","192.168.10.22","8081","10.0.0.2","46884","88","455489","38"
,"32.999978000","31.749958000","6088","140","192.168.10.22","8081","10.0.0.2","46884","88","455577","38"
,"33.000080000","31.750060000","6089","140","192.168.10.22","8081","10.0.0.2","46884","88","455665","38"
,"33.000088000","31.750068000","6090","140","192.168.10.22","8081","10.0.0.2","46884","88","455753","38"
,"33.000100000","31.750080000","6091","140","192.168.10.22","8081","10.0.0.2","46884","88","455841","38"
,"33.000103000","31.750083000","6092","140","192.168.10.22","8081","10.0.0.2","46884","88","455929","38"
,"33.000114000","31.750094000","6093","140","192.168.10.22","8081","10.0.0.2","46884","88","456017","38"
,"33.000117000","31.750097000","6094","140","192.168.10.22","8081","10.0.0.2","46884","88","456105","38"
,"33.000128000","31.750108000","6095","140","192.168.10.22","8081","10.0.0.2","46884","88","456193","38"
,"33.000130000","31.750110000","6096","140","192.168.10.22","8081","10.0.0.2","46884","88","456281","38"
,"33.063008000","31.812988000","6097","52","10.0.0.2","46884","192.168.10.22","8081","0","38","451793"
,"33.064020000","31.814000000","6098","140","192.168.10.22","8081","10.0.0.2","46884","88","456369","38"
,"33.064061000","31.814041000","6099","140","192.168.10.22","8081","10.0.0.2","46884","88","456457","38"
,"33.064122000","31.814102000","6100","140","192.168.10.22","8081","10.0.0.2","46884","88","456545","38"
,"33.064138000","31.814118000","6101","140","192.168.10.22","8081","10.0.0.2","46884","88","456633","38"
,"33.064192000","31.814172000","6102","140","192.168.10.22","8081","10.0.0.2","46884","88","456721","38"
,"33.064205000","31.814185000","6103","140","192.168.10.22","8081","10.0.0.2","46884","88","456809","38"
,"33.064251000","31.814231000","6104","140","192.168.10.22","8081","10.0.0.2","46884","88","456897","38"
,"33.064262000","31.814242000","6105","140","192.168.10.22","8081","10.0.0.2","46884","88","456985","38"
,"33.064306000","31.814286000","6106","140","192.168.10.22","8081","10.0.0.2","46884","88","457073","38"
,"33.064328000","31.814308000","6107","140","192.168.10.22","8081","10.0.0.2","46884","88","457161","38"
,"33.124409000","31.874389000","6108","52","10.0.0.2","46884","192.168.10.22","8081","0","38","452585"
,"33.124435000","31.874415000","6109","52","10.0.0.2","46884","192.168.10.22","8081","0","38","452673"
,"33.125446000","31.875426000","6110","140","192.168.10.22","8081","10.0.0.2","46884","88","457249","38"
,"33.125487000","31.875467000","6111","140","192.168.10.22","8081","10.0.0.2","46884","88","457337","38"
,"33.125549000","31.875529000","6112","140","192.168.10.22","8081","10.0.0.2","46884","88","457425","38"
,"33.125564000","31.875544000","6113","140","192.168.10.22","8081","10.0.0.2","46884","88","457513","38"
,"33.125619000","31.875599000","6114","140","192.168.10.22","8081","10.0.0.2","46884","88","457601","38"
,"33.125633000","31.875613000","6115","140","192.168.10.22","8081","10.0.0.2","46884","88","457689","38"
,"33.125679000","31.875659000","6116","140","192.168.10.22","8081","10.0.0.2","46884","88","457777","38"
,"33.125690000","31.875670000","6117","140","192.168.10.22","8081","10.0.0.2","46884","88","457865","38"
,"33.125734000","31.875714000","6118","140","192.168.10.22","8081","10.0.0.2","46884","88","457953","38"
,"33.125756000","31.875736000","6119","140","192.168.10.22","8081","10.0.0.2","46884","88","458041","38"
,"33.187808000","31.937788000","6120","52","10.0.0.2","46884","192.168.10.22","8081","0","38","453641"
,"33.188854000","31.938834000","6121","140","192.168.10.22","8081","10.0.0.2","46884","88","458129","38"
,"33.188946000","31.938926000","6122","140","192.168.10.22","8081","10.0.0.2","46884","88","458217","38"
,"33.189015000","31.938995000","6123","140","192.168.10.22","8081","10.0.0.2","46884","88","458305","38"
,"33.189028000","31.939008000","6124","140","192.168.10.22","8081","10.0.0.2","46884","88","458393","38"
,"33.189074000","31.939054000","6125","140","192.168.10.22","8081","10.0.0.2","46884","88","458481","38"
,"33.189085000","31.939065000","6126","140","192.168.10.22","8081","10.0.0.2","46884","88","458569","38"
,"33.189130000","31.939110000","6127","140","192.168.10.22","8081","10.0.0.2","46884","88","458657","38"
,"33.189145000","31.939125000","6128","140","192.168.10.22","8081","10.0.0.2","46884","88","458745","38"
,"33.189190000","31.939170000","6129","140","192.168.10.22","8081","10.0.0.2","46884","88","458833","38"
,"33.189204000","31.939184000","6130","140","192.168.10.22","8081","10.0.0.2","46884","88","458921","38"
,"33.249726000","31.999706000","6131","52","10.0.0.2","46884","192.168.10.22","8081","0","38","454521"
,"33.250735000","32.000715000","6132","140","192.168.10.22","8081","10.0.0.2","46884","88","459009","38"
,"33.250777000","32.000757000","6133","140","192.168.10.22","8081","10.0.0.2","46884","88","459097","38"
,"33.250837000","32.000817000","6134","140","192.168.10.22","8081","10.0.0.2","46884","88","459185","38"
,"33.250853000","32.000833000","6135","140","192.168.10.22","8081","10.0.0.2","46884","88","459273","38"
,"33.250942000","32.000922000","6136","140","192.168.10.22","8081","10.0.0.2","46884","88","459361","38"
,"33.250958000","32.000938000","6137","140","192.168.10.22","8081","10.0.0.2","46884","88","459449","38"
,"33.251003000","32.000983000","6138","140","192.168.10.22","8081","10.0.0.2","46884","88","459537","38"
,"33.251015000","32.000995000","6139","140","192.168.10.22","8081","10.0.0.2","46884","88","459625","38"
,"33.251061000","32.001041000","6140","140","192.168.10.22","8081","10.0.0.2","46884","88","459713","38"
,"33.251082000","32.001062000","6141","140","192.168.10.22","8081","10.0.0.2","46884","88","459801","38"
,"33.312360000","32.062340000","6142","52","10.0.0.2","46884","192.168.10.22","8081","0","38","455313"
,"33.312387000","32.062367000","6143","52","10.0.0.2","46884","192.168.10.22","8081","0","38","455489"
,"33.313376000","32.063356000","6144","140","192.168.10.22","8081","10.0.0.2","46884","88","459889","38"
,"33.313418000","32.063398000","6145","140","192.168.10.22","8081","10.0.0.2","46884","88","459977","38"
,"33.313480000","32.063460000","6146","140","192.168.10.22","8081","10.0.0.2","46884","88","460065","38"
,"33.313496000","32.063476000","6147","140","192.168.10.22","8081","10.0.0.2","46884","88","460153","38"
,"33.313549000","32.063529000","6148","140","192.168.10.22","8081","10.0.0.2","46884","88","460241","38"
,"33.313562000","32.063542000","6149","140","192.168.10.22","8081","10.0.0.2","46884","88","460329","38"
,"33.313606000","32.063586000","6150","140","192.168.10.22","8081","10.0.0.2","46884","88","460417","38"
,"33.313617000","32.063597000","6151","140","192.168.10.22","8081","10.0.0.2","46884","88","460505","38"
,"33.313662000","32.063642000","6152","140","192.168.10.22","8081","10.0.0.2","46884","88","460593","38"
,"33.313683000","32.063663000","6153","140","192.168.10.22","8081","10.0.0.2","46884","88","460681","38"
,"33.313730000","32.063710000","6154","140","192.168.10.22","8081","10.0.0.2","46884","88","460769","38"
,"33.313744000","32.063724000","6155","140","192.168.10.22","8081","10.0.0.2","46884","88","460857","38"
,"33.374166000","32.124146000","6156","52","10.0.0.2","46884","192.168.10.22","8081","0","38","456105"
,"33.374192000","32.124172000","6157","52","10.0.0.2","46884","192.168.10.22","8081","0","38","456369"
,"33.375168000","32.125148000","6158","140","192.168.10.22","8081","10.0.0.2","46884","88","460945","38"
,"33.375207000","32.125187000","6159","140","192.168.10.22","8081","10.0.0.2","46884","88","461033","38"
,"33.375258000","32.125238000","6160","140","192.168.10.22","8081","10.0.0.2","46884","88","461121","38"
,"33.375270000","32.125250000","6161","140","192.168.10.22","8081","10.0.0.2","46884","88","461209","38"
,"33.375316000","32.125296000","6162","140","192.168.10.22","8081","10.0.0.2","46884","88","461297","38"
,"33.375329000","32.125309000","6163","140","192.168.10.22","8081","10.0.0.2","46884","88","461385","38"
,"33.375374000","32.125354000","6164","140","192.168.10.22","8081","10.0.0.2","46884","88","461473","38"
,"33.375386000","32.125366000","6165","140","192.168.10.22","8081","10.0.0.2","46884","88","461561","38"
,"33.375429000","32.125409000","6166","140","192.168.10.22","8081","10.0.0.2","46884","88","461649","38"
,"33.375441000","32.125421000","6167","140","192.168.10.22","8081","10.0.0.2","46884","88","461737","38"
,"33.437729000","32.187709000","6168","52","10.0.0.2","46884","192.168.10.22","8081","0","38","457161"
,"33.437756000","32.187736000","6169","52","10.0.0.2","46884","192.168.10.22","8081","0","38","457337"
,"33.438772000","32.188752000","6170","140","192.168.10.22","8081","10.0.0.2","46884","88","461825","38"
,"33.438813000","32.188793000","6171","140","192.168.10.22","8081","10.0.0.2","46884","88","461913","38"
,"33.438922000","32.188902000","6172","140","192.168.10.22","8081","10.0.0.2","46884","88","462001","38"
,"33.438947000","32.188927000","6173","140","192.168.10.22","8081","10.0.0.2","46884","88","462089","38"
,"33.438999000","32.188979000","6174","140","192.168.10.22","8081","10.0.0.2","46884","88","462177","38"
,"33.439011000","32.188991000","6175","140","192.168.10.22","8081","10.0.0.2","46884","88","462265","38"
,"33.439057000","32.189037000","6176","140","192.168.10.22","8081","10.0.0.2","46884","88","462353","38"
,"33.439072000","32.189052000","6177","140","192.168.10.22","8081","10.0.0.2","46884","88","462441","38"
,"33.439118000","32.189098000","6178","140","192.168.10.22","8081","10.0.0.2","46884","88","462529","38"
,"33.439130000","32.189110000","6179","140","192.168.10.22","8081","10.0.0.2","46884","88","462617","38"
,"33.499294000","32.249274000","6180","52","10.0.0.2","46884","192.168.10.22","8081","0","38","457777"
,"33.499323000","32.249303000","6181","52","10.0.0.2","46884","192.168.10.22","8081","0","38","458217"
,"33.500335000","32.250315000","6182","140","192.168.10.22","8081","10.0.0.2","46884","88","462705","38"
,"33.500377000","32.250357000","6183","140","192.168.10.22","8081","10.0.0.2","46884","88","462793","38"
,"33.500440000","32.250420000","6184","140","192.168.10.22","8081","10.0.0.2","46884","88","462881","38"
,"33.500455000","32.250435000","6185","140","192.168.10.22","8081","10.0.0.2","46884","88","462969","38"
,"33.500509000","32.250489000","6186","140","192.168.10.22","8081","10.0.0.2","46884","88","463057","38"
,"33.500522000","32.250502000","6187","140","192.168.10.22","8081","10.0.0.2","46884","88","463145","38"
,"33.500567000","32.250547000","6188","140","192.168.10.22","8081","10.0.0.2","46884","88","463233","38"
,"33.500579000","32.250559000","6189","140","192.168.10.22","8081","10.0.0.2","46884","88","463321","38"
,"33.500623000","32.250603000","6190","140","192.168.10.22","8081","10.0.0.2","46884","88","463409","38"
,"33.500646000","32.250626000","6191","140","192.168.10.22","8081","10.0.0.2","46884","88","463497","38"
,"33.562840000","32.312820000","6192","52","10.0.0.2","46884","192.168.10.22","8081","0","38","459185"
,"33.563862000","32.313842000","6193","140","192.168.10.22","8081","10.0.0.2","46884","88","463585","38"
,"33.563933000","32.313913000","6194","140","192.168.10.22","8081","10.0.0.2","46884","88","463673","38"
,"33.564002000","32.313982000","6195","140","192.168.10.22","8081","10.0.0.2","46884","88","463761","38"
,"33.564018000","32.313998000","6196","140","192.168.10.22","8081","10.0.0.2","46884","88","463849","38"
,"33.564066000","32.314046000","6197","140","192.168.10.22","8081","10.0.0.2","46884","88","463937","38"
,"33.564078000","32.314058000","6198","140","192.168.10.22","8081","10.0.0.2","46884","88","464025","38"
,"33.564123000","32.314103000","6199","140","192.168.10.22","8081","10.0.0.2","46884","88","464113","38"
,"33.564135000","32.314115000","6200","140","192.168.10.22","8081","10.0.0.2","46884","88","464201","38"
,"33.564178000","32.314158000","6201","140","192.168.10.22","8081","10.0.0.2","46884","88","464289","38"
,"33.564192000","32.314172000","6202","140","192.168.10.22","8081","10.0.0.2","46884","88","464377","38"
,"33.564238000","32.314218000","6203","140","192.168.10.22","8081","10.0.0.2","46884","88","464465","38"
,"33.564251000","32.314231000","6204","140","192.168.10.22","8081","10.0.0.2","46884","88","464553","38"
,"33.624608000","32.374588000","6205","52","10.0.0.2","46884","192.168.10.22","8081","0","38","460065"
,"33.625620000","32.375600000","6206","140","192.168.10.22","8081","10.0.0.2","46884","88","464641","38"
,"33.625661000","32.375641000","6207","140","192.168.10.22","8081","10.0.0.2","46884","88","464729","38"
,"33.625726000","32.375706000","6208","140","192.168.10.22","8081","10.0.0.2","46884","88","464817","38"
,"33.625741000","32.375721000","6209","140","192.168.10.22","8081","10.0.0.2","46884","88","464905","38"
,"33.625797000","32.375777000","6210","140","192.168.10.22","8081","10.0.0.2","46884","88","464993","38"
,"33.625811000","32.375791000","6211","140","192.168.10.22","8081","10.0.0.2","46884","88","465081","38"
,"33.625856000","32.375836000","6212","140","192.168.10.22","8081","10.0.0.2","46884","88","465169","38"
,"33.625868000","32.375848000","6213","140","192.168.10.22","8081","10.0.0.2","46884","88","465257","38"
,"33.625942000","32.375922000","6214","140","192.168.10.22","8081","10.0.0.2","46884","88","465345","38"
,"33.625957000","32.375937000","6215","140","192.168.10.22","8081","10.0.0.2","46884","88","465433","38"
,"33.687256000","32.437236000","6216","52","10.0.0.2","46884","192.168.10.22","8081","0","38","460945"
,"33.688265000","32.438245000","6217","140","192.168.10.22","8081","10.0.0.2","46884","88","465521","38"
,"33.688306000","32.438286000","6218","140","192.168.10.22","8081","10.0.0.2","46884","88","465609","38"
,"33.688366000","32.438346000","6219","140","192.168.10.22","8081","10.0.0.2","46884","88","465697","38"
,"33.688381000","32.438361000","6220","140","192.168.10.22","8081","10.0.0.2","46884","88","465785","38"
,"33.688435000","32.438415000","6221","140","192.168.10.22","8081","10.0.0.2","46884","88","465873","38"
,"33.688448000","32.438428000","6222","140","192.168.10.22","8081","10.0.0.2","46884","88","465961","38"
,"33.688493000","32.438473000","6223","140","192.168.10.22","8081","10.0.0.2","46884","88","466049","38"
,"33.688505000","32.438485000","6224","140","192.168.10.22","8081","10.0.0.2","46884","88","466137","38"
,"33.688550000","32.438530000","6225","140","192.168.10.22","8081","10.0.0.2","46884","88","466225","38"
,"33.688571000","32.438551000","6226","140","192.168.10.22","8081","10.0.0.2","46884","88","466313","38"
,"33.749866000","32.499846000","6227","52","10.0.0.2","46884","192.168.10.22","8081","0","38","461737"
,"33.749933000","32.499913000","6228","52","10.0.0.2","46884","192.168.10.22","8081","0","38","461913"
,"33.750930000","32.500910000","6229","140","192.168.10.22","8081","10.0.0.2","46884","88","466401","38"
,"33.750975000","32.500955000","6230","140","192.168.10.22","8081","10.0.0.2","46884","88","466489","38"
,"33.751042000","32.501022000","6231","140","192.168.10.22","8081","10.0.0.2","46884","88","466577","38"
,"33.751058000","32.501038000","6232","140","192.168.10.22","8081","10.0.0.2","46884","88","466665","38"
,"33.751106000","32.501086000","6233","140","192.168.10.22","8081","10.0.0.2","46884","88","466753","38"
,"33.751118000","32.501098000","6234","140","192.168.10.22","8081","10.0.0.2","46884","88","466841","38"
,"33.751162000","32.501142000","6235","140","192.168.10.22","8081","10.0.0.2","46884","88","466929","38"
,"33.751174000","32.501154000","6236","140","192.168.10.22","8081","10.0.0.2","46884","88","467017","38"
,"33.751218000","32.501198000","6237","140","192.168.10.22","8081","10.0.0.2","46884","88","467105","38"
,"33.751232000","32.501212000","6238","140","192.168.10.22","8081","10.0.0.2","46884","88","467193","38"
,"33.811998000","32.561978000","6239","52","10.0.0.2","46884","192.168.10.22","8081","0","38","462705"
,"33.812008000","32.561988000","6240","52","10.0.0.2","46884","192.168.10.22","8081","0","38","462793"
,"33.812837000","32.562817000","6241","140","192.168.10.22","8081","10.0.0.2","46884","88","467281","38"
,"33.812911000","32.562891000","6242","140","192.168.10.22","8081","10.0.0.2","46884","88","467369","38"
,"33.812968000","32.562948000","6243","140","192.168.10.22","8081","10.0.0.2","46884","88","467457","38"
,"33.812980000","32.562960000","6244","140","192.168.10.22","8081","10.0.0.2","46884","88","467545","38"
,"33.813026000","32.563006000","6245","140","192.168.10.22","8081","10.0.0.2","46884","88","467633","38"
,"33.813039000","32.563019000","6246","140","192.168.10.22","8081","10.0.0.2","46884","88","467721","38"
,"33.813084000","32.563064000","6247","140","192.168.10.22","8081","10.0.0.2","46884","88","467809","38"
,"33.813098000","32.563078000","6248","140","192.168.10.22","8081","10.0.0.2","46884","88","467897","38"
,"33.813142000","32.563122000","6249","140","192.168.10.22","8081","10.0.0.2","46884","88","467985","38"
,"33.813156000","32.563136000","6250","140","192.168.10.22","8081","10.0.0.2","46884","88","468073","38"
,"33.874427000","32.624407000","6251","52","10.0.0.2","46884","192.168.10.22","8081","0","38","463673"
,"33.874451000","32.624431000","6252","52","10.0.0.2","46884","192.168.10.22","8081","0","38","463761"
,"33.875461000","32.625441000","6253","140","192.168.10.22","8081","10.0.0.2","46884","88","468161","38"
,"33.875503000","32.625483000","6254","140","192.168.10.22","8081","10.0.0.2","46884","88","468249","38"
,"33.875566000","32.625546000","6255","140","192.168.10.22","8081","10.0.0.2","46884","88","468337","38"
,"33.875581000","32.625561000","6256","140","192.168.10.22","8081","10.0.0.2","46884","88","468425","38"
,"33.875635000","32.625615000","6257","140","192.168.10.22","8081","10.0.0.2","46884","88","468513","38"
,"33.875649000","32.625629000","6258","140","192.168.10.22","8081","10.0.0.2","46884","88","468601","38"
,"33.875694000","32.625674000","6259","140","192.168.10.22","8081","10.0.0.2","46884","88","468689","38"
,"33.875705000","32.625685000","6260","140","192.168.10.22","8081","10.0.0.2","46884","88","468777","38"
,"33.875749000","32.625729000","6261","140","192.168.10.22","8081","10.0.0.2","46884","88","468865","38"
,"33.875770000","32.625750000","6262","140","192.168.10.22","8081","10.0.0.2","46884","88","468953","38"
,"33.875814000","32.625794000","6263","140","192.168.10.22","8081","10.0.0.2","46884","88","469041","38"
,"33.875828000","32.625808000","6264","140","192.168.10.22","8081","10.0.0.2","46884","88","469129","38"
,"33.937934000","32.687914000","6265","52","10.0.0.2","46884","192.168.10.22","8081","0","38","464465"
,"33.937975000","32.687955000","6266","52","10.0.0.2","46884","192.168.10.22","8081","0","38","464641"
,"33.938995000","32.688975000","6267","140","192.168.10.22","8081","10.0.0.2","46884","88","469217","38"
,"33.939037000","32.689017000","6268","140","192.168.10.22","8081","10.0.0.2","46884","88","469305","38"
,"33.939099000","32.689079000","6269","140","192.168.10.22","8081","10.0.0.2","46884","88","469393","38"
,"33.939116000","32.689096000","6270","140","192.168.10.22","8081","10.0.0.2","46884","88","469481","38"
,"33.939168000","32.689148000","6271","140","192.168.10.22","8081","10.0.0.2","46884","88","469569","38"
,"33.939180000","32.689160000","6272","140","192.168.10.22","8081","10.0.0.2","46884","88","469657","38"
,"33.939225000","32.689205000","6273","140","192.168.10.22","8081","10.0.0.2","46884","88","469745","38"
,"33.939236000","32.689216000","6274","140","192.168.10.22","8081","10.0.0.2","46884","88","469833","38"
,"33.939280000","32.689260000","6275","140","192.168.10.22","8081","10.0.0.2","46884","88","469921","38"
,"33.939302000","32.689282000","6276","140","192.168.10.22","8081","10.0.0.2","46884","88","470009","38"
,"33.999529000","32.749509000","6277","52","10.0.0.2","46884","192.168.10.22","8081","0","38","465433"
,"33.999556000","32.749536000","6278","52","10.0.0.2","46884","192.168.10.22","8081","0","38","465609"
,"34.000414000","32.750394000","6279","140","192.168.10.22","8081","10.0.0.2","46884","88","470097","38"
,"34.000427000","32.750407000","6280","140","192.168.10.22","8081","10.0.0.2","46884","88","470185","38"
,"34.000442000","32.750422000","6281","140","192.168.10.22","8081","10.0.0.2","46884","88","470273","38"
,"34.000445000","32.750425000","6282","140","192.168.10.22","8081","10.0.0.2","46884","88","470361","38"
,"34.000455000","32.750435000","6283","140","192.168.10.22","8081","10.0.0.2","46884","88","470449","38"
,"34.000458000","32.750438000","6284","140","192.168.10.22","8081","10.0.0.2","46884","88","470537","38"
,"34.000469000","32.750449000","6285","140","192.168.10.22","8081","10.0.0.2","46884","88","470625","38"
,"34.000472000","32.750452000","6286","140","192.168.10.22","8081","10.0.0.2","46884","88","470713","38"
,"34.000483000","32.750463000","6287","140","192.168.10.22","8081","10.0.0.2","46884","88","470801","38"
,"34.000486000","32.750466000","6288","140","192.168.10.22","8081","10.0.0.2","46884","88","470889","38"
,"34.062428000","32.812408000","6289","52","10.0.0.2","46884","192.168.10.22","8081","0","38","466401"
,"34.062438000","32.812418000","6290","52","10.0.0.2","46884","192.168.10.22","8081","0","38","466489"
,"34.063230000","32.813210000","6291","140","192.168.10.22","8081","10.0.0.2","46884","88","470977","38"
,"34.063266000","32.813246000","6292","140","192.168.10.22","8081","10.0.0.2","46884","88","471065","38"
,"34.063315000","32.813295000","6293","140","192.168.10.22","8081","10.0.0.2","46884","88","471153","38"
,"34.063327000","32.813307000","6294","140","192.168.10.22","8081","10.0.0.2","46884","88","471241","38"
,"34.063373000","32.813353000","6295","140","192.168.10.22","8081","10.0.0.2","46884","88","471329","38"
,"34.063385000","32.813365000","6296","140","192.168.10.22","8081","10.0.0.2","46884","88","471417","38"
,"34.063429000","32.813409000","6297","140","192.168.10.22","8081","10.0.0.2","46884","88","471505","38"
,"34.063441000","32.813421000","6298","140","192.168.10.22","8081","10.0.0.2","46884","88","471593","38"
,"34.063486000","32.813466000","6299","140","192.168.10.22","8081","10.0.0.2","46884","88","471681","38"
,"34.063499000","32.813479000","6300","140","192.168.10.22","8081","10.0.0.2","46884","88","471769","38"
,"34.124795000","32.874775000","6301","52","10.0.0.2","46884","192.168.10.22","8081","0","38","467281"
,"34.124820000","32.874800000","6302","52","10.0.0.2","46884","192.168.10.22","8081","0","38","467457"
,"34.125824000","32.875804000","6303","140","192.168.10.22","8081","10.0.0.2","46884","88","471857","38"
,"34.125866000","32.875846000","6304","140","192.168.10.22","8081","10.0.0.2","46884","88","471945","38"
,"34.125979000","32.875959000","6305","140","192.168.10.22","8081","10.0.0.2","46884","88","472033","38"
,"34.125996000","32.875976000","6306","140","192.168.10.22","8081","10.0.0.2","46884","88","472121","38"
,"34.126042000","32.876022000","6307","140","192.168.10.22","8081","10.0.0.2","46884","88","472209","38"
,"34.126056000","32.876036000","6308","140","192.168.10.22","8081","10.0.0.2","46884","88","472297","38"
,"34.126104000","32.876084000","6309","140","192.168.10.22","8081","10.0.0.2","46884","88","472385","38"
,"34.126118000","32.876098000","6310","140","192.168.10.22","8081","10.0.0.2","46884","88","472473","38"
,"34.126162000","32.876142000","6311","140","192.168.10.22","8081","10.0.0.2","46884","88","472561","38"
,"34.126175000","32.876155000","6312","140","192.168.10.22","8081","10.0.0.2","46884","88","472649","38"
,"34.126221000","32.876201000","6313","140","192.168.10.22","8081","10.0.0.2","46884","88","472737","38"
,"34.126235000","32.876215000","6314","140","192.168.10.22","8081","10.0.0.2","46884","88","472825","38"
,"34.187292000","32.937272000","6315","52","10.0.0.2","46884","192.168.10.22","8081","0","38","468337"
,"34.188307000","32.938287000","6316","140","192.168.10.22","8081","10.0.0.2","46884","88","472913","38"
,"34.188348000","32.938328000","6317","140","192.168.10.22","8081","10.0.0.2","46884","88","473001","38"
,"34.188408000","32.938388000","6318","140","192.168.10.22","8081","10.0.0.2","46884","88","473089","38"
,"34.188424000","32.938404000","6319","140","192.168.10.22","8081","10.0.0.2","46884","88","473177","38"
,"34.188480000","32.938460000","6320","140","192.168.10.22","8081","10.0.0.2","46884","88","473265","38"
,"34.188493000","32.938473000","6321","140","192.168.10.22","8081","10.0.0.2","46884","88","473353","38"
,"34.188539000","32.938519000","6322","140","192.168.10.22","8081","10.0.0.2","46884","88","473441","38"
,"34.188551000","32.938531000","6323","140","192.168.10.22","8081","10.0.0.2","46884","88","473529","38"
,"34.188595000","32.938575000","6324","140","192.168.10.22","8081","10.0.0.2","46884","88","473617","38"
,"34.188610000","32.938590000","6325","140","192.168.10.22","8081","10.0.0.2","46884","88","473705","38"
,"34.249284000","32.999264000","6326","52","10.0.0.2","46884","192.168.10.22","8081","0","38","469041"
,"34.249293000","32.999273000","6327","52","10.0.0.2","46884","192.168.10.22","8081","0","38","469217"
,"34.250091000","33.000071000","6328","140","192.168.10.22","8081","10.0.0.2","46884","88","473793","38"
,"34.250130000","33.000110000","6329","140","192.168.10.22","8081","10.0.0.2","46884","88","473881","38"
,"34.250183000","33.000163000","6330","140","192.168.10.22","8081","10.0.0.2","46884","88","473969","38"
,"34.250195000","33.000175000","6331","140","192.168.10.22","8081","10.0.0.2","46884","88","474057","38"
,"34.250240000","33.000220000","6332","140","192.168.10.22","8081","10.0.0.2","46884","88","474145","38"
,"34.250251000","33.000231000","6333","140","192.168.10.22","8081","10.0.0.2","46884","88","474233","38"
,"34.250296000","33.000276000","6334","140","192.168.10.22","8081","10.0.0.2","46884","88","474321","38"
,"34.250308000","33.000288000","6335","140","192.168.10.22","8081","10.0.0.2","46884","88","474409","38"
,"34.250352000","33.000332000","6336","140","192.168.10.22","8081","10.0.0.2","46884","88","474497","38"
,"34.250366000","33.000346000","6337","140","192.168.10.22","8081","10.0.0.2","46884","88","474585","38"
,"34.312188000","33.062168000","6338","52","10.0.0.2","46884","192.168.10.22","8081","0","38","470097"
,"34.312197000","33.062177000","6339","52","10.0.0.2","46884","192.168.10.22","8081","0","38","470185"
,"34.313007000","33.062987000","6340","140","192.168.10.22","8081","10.0.0.2","46884","88","474673","38"
,"34.313045000","33.063025000","6341","140","192.168.10.22","8081","10.0.0.2","46884","88","474761","38"
,"34.313094000","33.063074000","6342","140","192.168.10.22","8081","10.0.0.2","46884","88","474849","38"
,"34.313106000","33.063086000","6343","140","192.168.10.22","8081","10.0.0.2","46884","88","474937","38"
,"34.313151000","33.063131000","6344","140","192.168.10.22","8081","10.0.0.2","46884","88","475025","38"
,"34.313163000","33.063143000","6345","140","192.168.10.22","8081","10.0.0.2","46884","88","475113","38"
,"34.313207000","33.063187000","6346","140","192.168.10.22","8081","10.0.0.2","46884","88","475201","38"
,"34.313218000","33.063198000","6347","140","192.168.10.22","8081","10.0.0.2","46884","88","475289","38"
,"34.313262000","33.063242000","6348","140","192.168.10.22","8081","10.0.0.2","46884","88","475377","38"
,"34.313276000","33.063256000","6349","140","192.168.10.22","8081","10.0.0.2","46884","88","475465","38"
,"34.374559000","33.124539000","6350","52","10.0.0.2","46884","192.168.10.22","8081","0","38","471065"
,"34.375572000","33.125552000","6351","140","192.168.10.22","8081","10.0.0.2","46884","88","475553","38"
,"34.375614000","33.125594000","6352","140","192.168.10.22","8081","10.0.0.2","46884","88","475641","38"
,"34.375678000","33.125658000","6353","140","192.168.10.22","8081","10.0.0.2","46884","88","475729","38"
,"34.375694000","33.125674000","6354","140","192.168.10.22","8081","10.0.0.2","46884","88","475817","38"
,"34.375748000","33.125728000","6355","140","192.168.10.22","8081","10.0.0.2","46884","88","475905","38"
,"34.375761000","33.125741000","6356","140","192.168.10.22","8081","10.0.0.2","46884","88","475993","38"
,"34.375806000","33.125786000","6357","140","192.168.10.22","8081","10.0.0.2","46884","88","476081","38"
,"34.375818000","33.125798000","6358","140","192.168.10.22","8081","10.0.0.2","46884","88","476169","38"
,"34.375862000","33.125842000","6359","140","192.168.10.22","8081","10.0.0.2","46884","88","476257","38"
,"34.375915000","33.125895000","6360","140","192.168.10.22","8081","10.0.0.2","46884","88","476345","38"
,"34.437002000","33.186982000","6361","52","10.0.0.2","46884","192.168.10.22","8081","0","38","471857"
,"34.437011000","33.186991000","6362","52","10.0.0.2","46884","192.168.10.22","8081","0","38","472033"
,"34.437743000","33.187723000","6363","140","192.168.10.22","8081","10.0.0.2","46884","88","476433","38"
,"34.437757000","33.187737000","6364","140","192.168.10.22","8081","10.0.0.2","46884","88","476521","38"
,"34.437770000","33.187750000","6365","140","192.168.10.22","8081","10.0.0.2","46884","88","476609","38"
,"34.437773000","33.187753000","6366","140","192.168.10.22","8081","10.0.0.2","46884","88","476697","38"
,"34.437804000","33.187784000","6367","140","192.168.10.22","8081","10.0.0.2","46884","88","476785","38"
,"34.437816000","33.187796000","6368","140","192.168.10.22","8081","10.0.0.2","46884","88","476873","38"
,"34.437860000","33.187840000","6369","140","192.168.10.22","8081","10.0.0.2","46884","88","476961","38"
,"34.437871000","33.187851000","6370","140","192.168.10.22","8081","10.0.0.2","46884","88","477049","38"
,"34.437945000","33.187925000","6371","140","192.168.10.22","8081","10.0.0.2","46884","88","477137","38"
,"34.437958000","33.187938000","6372","140","192.168.10.22","8081","10.0.0.2","46884","88","477225","38"
,"34.438002000","33.187982000","6373","140","192.168.10.22","8081","10.0.0.2","46884","88","477313","38"
,"34.438014000","33.187994000","6374","140","192.168.10.22","8081","10.0.0.2","46884","88","477401","38"
,"34.499746000","33.249726000","6375","52","10.0.0.2","46884","192.168.10.22","8081","0","38","472825"
,"34.499769000","33.249749000","6376","52","10.0.0.2","46884","192.168.10.22","8081","0","38","472913"
,"34.500784000","33.250764000","6377","140","192.168.10.22","8081","10.0.0.2","46884","88","477489","38"
,"34.500826000","33.250806000","6378","140","192.168.10.22","8081","10.0.0.2","46884","88","477577","38"
,"34.500926000","33.250906000","6379","140","192.168.10.22","8081","10.0.0.2","46884","88","477665","38"
,"34.500946000","33.250926000","6380","140","192.168.10.22","8081","10.0.0.2","46884","88","477753","38"
,"34.500996000","33.250976000","6381","140","192.168.10.22","8081","10.0.0.2","46884","88","477841","38"
,"34.501007000","33.250987000","6382","140","192.168.10.22","8081","10.0.0.2","46884","88","477929","38"
,"34.501052000","33.251032000","6383","140","192.168.10.22","8081","10.0.0.2","46884","88","478017","38"
,"34.501064000","33.251044000","6384","140","192.168.10.22","8081","10.0.0.2","46884","88","478105","38"
,"34.501109000","33.251089000","6385","140","192.168.10.22","8081","10.0.0.2","46884","88","478193","38"
,"34.501123000","33.251103000","6386","140","192.168.10.22","8081","10.0.0.2","46884","88","478281","38"
,"34.562062000","33.312042000","6387","52","10.0.0.2","46884","192.168.10.22","8081","0","38","473089"
,"34.562072000","33.312052000","6388","52","10.0.0.2","46884","192.168.10.22","8081","0","38","473881"
,"34.562928000","33.312908000","6389","140","192.168.10.22","8081","10.0.0.2","46884","88","478369","38"
,"34.562963000","33.312943000","6390","140","192.168.10.22","8081","10.0.0.2","46884","88","478457","38"
,"34.563015000","33.312995000","6391","140","192.168.10.22","8081","10.0.0.2","46884","88","478545","38"
,"34.563027000","33.313007000","6392","140","192.168.10.22","8081","10.0.0.2","46884","88","478633","38"
,"34.563073000","33.313053000","6393","140","192.168.10.22","8081","10.0.0.2","46884","88","478721","38"
,"34.563085000","33.313065000","6394","140","192.168.10.22","8081","10.0.0.2","46884","88","478809","38"
,"34.563130000","33.313110000","6395","140","192.168.10.22","8081","10.0.0.2","46884","88","478897","38"
,"34.563141000","33.313121000","6396","140","192.168.10.22","8081","10.0.0.2","46884","88","478985","38"
,"34.563186000","33.313166000","6397","140","192.168.10.22","8081","10.0.0.2","46884","88","479073","38"
,"34.563200000","33.313180000","6398","140","192.168.10.22","8081","10.0.0.2","46884","88","479161","38"
,"34.624573000","33.374553000","6399","52","10.0.0.2","46884","192.168.10.22","8081","0","38","474497"
,"34.624602000","33.374582000","6400","52","10.0.0.2","46884","192.168.10.22","8081","0","38","474761"
,"34.625606000","33.375586000","6401","140","192.168.10.22","8081","10.0.0.2","46884","88","479249","38"
,"34.625646000","33.375626000","6402","140","192.168.10.22","8081","10.0.0.2","46884","88","479337","38"
,"34.625706000","33.375686000","6403","140","192.168.10.22","8081","10.0.0.2","46884","88","479425","38"
,"34.625721000","33.375701000","6404","140","192.168.10.22","8081","10.0.0.2","46884","88","479513","38"
,"34.625776000","33.375756000","6405","140","192.168.10.22","8081","10.0.0.2","46884","88","479601","38"
,"34.625789000","33.375769000","6406","140","192.168.10.22","8081","10.0.0.2","46884","88","479689","38"
,"34.625835000","33.375815000","6407","140","192.168.10.22","8081","10.0.0.2","46884","88","479777","38"
,"34.625847000","33.375827000","6408","140","192.168.10.22","8081","10.0.0.2","46884","88","479865","38"
,"34.625929000","33.375909000","6409","140","192.168.10.22","8081","10.0.0.2","46884","88","479953","38"
,"34.625945000","33.375925000","6410","140","192.168.10.22","8081","10.0.0.2","46884","88","480041","38"
,"34.687655000","33.437635000","6411","52","10.0.0.2","46884","192.168.10.22","8081","0","38","475729"
,"34.688645000","33.438625000","6412","140","192.168.10.22","8081","10.0.0.2","46884","88","480129","38"
,"34.688687000","33.438667000","6413","140","192.168.10.22","8081","10.0.0.2","46884","88","480217","38"
,"34.688749000","33.438729000","6414","140","192.168.10.22","8081","10.0.0.2","46884","88","480305","38"
,"34.688764000","33.438744000","6415","140","192.168.10.22","8081","10.0.0.2","46884","88","480393","38"
,"34.688820000","33.438800000","6416","140","192.168.10.22","8081","10.0.0.2","46884","88","480481","38"
,"34.688834000","33.438814000","6417","140","192.168.10.22","8081","10.0.0.2","46884","88","480569","38"
,"34.688910000","33.438890000","6418","140","192.168.10.22","8081","10.0.0.2","46884","88","480657","38"
,"34.688924000","33.438904000","6419","140","192.168.10.22","8081","10.0.0.2","46884","88","480745","38"
,"34.688971000","33.438951000","6420","140","192.168.10.22","8081","10.0.0.2","46884","88","480833","38"
,"34.688985000","33.438965000","6421","140","192.168.10.22","8081","10.0.0.2","46884","88","480921","38"
,"34.689031000","33.439011000","6422","140","192.168.10.22","8081","10.0.0.2","46884","88","481009","38"
,"34.689048000","33.439028000","6423","140","192.168.10.22","8081","10.0.0.2","46884","88","481097","38"
,"34.749861000","33.499841000","6424","52","10.0.0.2","46884","192.168.10.22","8081","0","38","476169"
,"34.749924000","33.499904000","6425","52","10.0.0.2","46884","192.168.10.22","8081","0","38","476345"
,"34.749937000","33.499917000","6426","52","10.0.0.2","46884","192.168.10.22","8081","0","38","476609"
,"34.750918000","33.500898000","6427","140","192.168.10.22","8081","10.0.0.2","46884","88","481185","38"
,"34.750965000","33.500945000","6428","140","192.168.10.22","8081","10.0.0.2","46884","88","481273","38"
,"34.751031000","33.501011000","6429","140","192.168.10.22","8081","10.0.0.2","46884","88","481361","38"
,"34.751046000","33.501026000","6430","140","192.168.10.22","8081","10.0.0.2","46884","88","481449","38"
,"34.751093000","33.501073000","6431","140","192.168.10.22","8081","10.0.0.2","46884","88","481537","38"
,"34.751105000","33.501085000","6432","140","192.168.10.22","8081","10.0.0.2","46884","88","481625","38"
,"34.751149000","33.501129000","6433","140","192.168.10.22","8081","10.0.0.2","46884","88","481713","38"
,"34.751161000","33.501141000","6434","140","192.168.10.22","8081","10.0.0.2","46884","88","481801","38"
,"34.751206000","33.501186000","6435","140","192.168.10.22","8081","10.0.0.2","46884","88","481889","38"
,"34.751220000","33.501200000","6436","140","192.168.10.22","8081","10.0.0.2","46884","88","481977","38"
,"34.812333000","33.562313000","6437","52","10.0.0.2","46884","192.168.10.22","8081","0","38","477401"
,"34.812343000","33.562323000","6438","52","10.0.0.2","46884","192.168.10.22","8081","0","38","477489"
,"34.813338000","33.563318000","6439","140","192.168.10.22","8081","10.0.0.2","46884","88","482065","38"
,"34.813380000","33.563360000","6440","140","192.168.10.22","8081","10.0.0.2","46884","88","482153","38"
,"34.813444000","33.563424000","6441","140","192.168.10.22","8081","10.0.0.2","46884","88","482241","38"
,"34.813459000","33.563439000","6442","140","192.168.10.22","8081","10.0.0.2","46884","88","482329","38"
,"34.813514000","33.563494000","6443","140","192.168.10.22","8081","10.0.0.2","46884","88","482417","38"
,"34.813527000","33.563507000","6444","140","192.168.10.22","8081","10.0.0.2","46884","88","482505","38"
,"34.813574000","33.563554000","6445","140","192.168.10.22","8081","10.0.0.2","46884","88","482593","38"
,"34.813585000","33.563565000","6446","140","192.168.10.22","8081","10.0.0.2","46884","88","482681","38"
,"34.813629000","33.563609000","6447","140","192.168.10.22","8081","10.0.0.2","46884","88","482769","38"
,"34.813643000","33.563623000","6448","140","192.168.10.22","8081","10.0.0.2","46884","88","482857","38"
,"34.874742000","33.624722000","6449","52","10.0.0.2","46884","192.168.10.22","8081","0","38","478457"
,"34.875764000","33.625744000","6450","140","192.168.10.22","8081","10.0.0.2","46884","88","482945","38"
,"34.875806000","33.625786000","6451","140","192.168.10.22","8081","10.0.0.2","46884","88","483033","38"
,"34.875866000","33.625846000","6452","140","192.168.10.22","8081","10.0.0.2","46884","88","483121","38"
,"34.875932000","33.625912000","6453","140","192.168.10.22","8081","10.0.0.2","46884","88","483209","38"
,"34.875987000","33.625967000","6454","140","192.168.10.22","8081","10.0.0.2","46884","88","483297","38"
,"34.875999000","33.625979000","6455","140","192.168.10.22","8081","10.0.0.2","46884","88","483385","38"
,"34.876043000","33.626023000","6456","140","192.168.10.22","8081","10.0.0.2","46884","88","483473","38"
,"34.876057000","33.626037000","6457","140","192.168.10.22","8081","10.0.0.2","46884","88","483561","38"
,"34.876103000","33.626083000","6458","140","192.168.10.22","8081","10.0.0.2","46884","88","483649","38"
,"34.876117000","33.626097000","6459","140","192.168.10.22","8081","10.0.0.2","46884","88","483737","38"
,"34.937734000","33.687714000","6460","52","10.0.0.2","46884","192.168.10.22","8081","0","38","479073"
,"34.937758000","33.687738000","6461","52","10.0.0.2","46884","192.168.10.22","8081","0","38","479337"
,"34.938777000","33.688757000","6462","140","192.168.10.22","8081","10.0.0.2","46884","88","483825","38"
,"34.938820000","33.688800000","6463","140","192.168.10.22","8081","10.0.0.2","46884","88","483913","38"
,"34.938929000","33.688909000","6464","140","192.168.10.22","8081","10.0.0.2","46884","88","484001","38"
,"34.938948000","33.688928000","6465","140","192.168.10.22","8081","10.0.0.2","46884","88","484089","38"
,"34.938996000","33.688976000","6466","140","192.168.10.22","8081","10.0.0.2","46884","88","484177","38"
,"34.939008000","33.688988000","6467","140","192.168.10.22","8081","10.0.0.2","46884","88","484265","38"
,"34.939053000","33.689033000","6468","140","192.168.10.22","8081","10.0.0.2","46884","88","484353","38"
,"34.939064000","33.689044000","6469","140","192.168.10.22","8081","10.0.0.2","46884","88","484441","38"
,"34.939108000","33.689088000","6470","140","192.168.10.22","8081","10.0.0.2","46884","88","484529","38"
,"34.939125000","33.689105000","6471","140","192.168.10.22","8081","10.0.0.2","46884","88","484617","38"
,"34.999065000","33.749045000","6472","52","10.0.0.2","46884","192.168.10.22","8081","0","38","479689"
,"34.999091000","33.749071000","6473","52","10.0.0.2","46884","192.168.10.22","8081","0","38","480305"
,"34.999998000","33.749978000","6474","140","192.168.10.22","8081","10.0.0.2","46884","88","484705","38"
,"35.000035000","33.750015000","6475","140","192.168.10.22","8081","10.0.0.2","46884","88","484793","38"
,"35.000084000","33.750064000","6476","140","192.168.10.22","8081","10.0.0.2","46884","88","484881","38"
,"35.000096000","33.750076000","6477","140","192.168.10.22","8081","10.0.0.2","46884","88","484969","38"
,"35.000143000","33.750123000","6478","140","192.168.10.22","8081","10.0.0.2","46884","88","485057","38"
,"35.000155000","33.750135000","6479","140","192.168.10.22","8081","10.0.0.2","46884","88","485145","38"
,"35.000199000","33.750179000","6480","140","192.168.10.22","8081","10.0.0.2","46884","88","485233","38"
,"35.000211000","33.750191000","6481","140","192.168.10.22","8081","10.0.0.2","46884","88","485321","38"
,"35.000256000","33.750236000","6482","140","192.168.10.22","8081","10.0.0.2","46884","88","485409","38"
,"35.000269000","33.750249000","6483","140","192.168.10.22","8081","10.0.0.2","46884","88","485497","38"
,"35.000313000","33.750293000","6484","140","192.168.10.22","8081","10.0.0.2","46884","88","485585","38"
,"35.000326000","33.750306000","6485","140","192.168.10.22","8081","10.0.0.2","46884","88","485673","38"
,"35.062625000","33.812605000","6486","52","10.0.0.2","46884","192.168.10.22","8081","0","38","481185"
,"35.063645000","33.813625000","6487","140","192.168.10.22","8081","10.0.0.2","46884","88","485761","38"
,"35.063686000","33.813666000","6488","140","192.168.10.22","8081","10.0.0.2","46884","88","485849","38"
,"35.063747000","33.813727000","6489","140","192.168.10.22","8081","10.0.0.2","46884","88","485937","38"
,"35.063763000","33.813743000","6490","140","192.168.10.22","8081","10.0.0.2","46884","88","486025","38"
,"35.063820000","33.813800000","6491","140","192.168.10.22","8081","10.0.0.2","46884","88","486113","38"
,"35.063833000","33.813813000","6492","140","192.168.10.22","8081","10.0.0.2","46884","88","486201","38"
,"35.063913000","33.813893000","6493","140","192.168.10.22","8081","10.0.0.2","46884","88","486289","38"
,"35.063927000","33.813907000","6494","140","192.168.10.22","8081","10.0.0.2","46884","88","486377","38"
,"35.063973000","33.813953000","6495","140","192.168.10.22","8081","10.0.0.2","46884","88","486465","38"
,"35.063987000","33.813967000","6496","140","192.168.10.22","8081","10.0.0.2","46884","88","486553","38"
,"35.124806000","33.874786000","6497","52","10.0.0.2","46884","192.168.10.22","8081","0","38","481713"
,"35.124816000","33.874796000","6498","52","10.0.0.2","46884","192.168.10.22","8081","0","38","481889"
,"35.124820000","33.874800000","6499","52","10.0.0.2","46884","192.168.10.22","8081","0","38","482065"
,"35.124824000","33.874804000","6500","52","10.0.0.2","46884","192.168.10.22","8081","0","38","482153"
,"35.125854000","33.875834000","6501","140","192.168.10.22","8081","10.0.0.2","46884","88","486641","38"
,"35.125935000","33.875915000","6502","140","192.168.10.22","8081","10.0.0.2","46884","88","486729","38"
,"35.126002000","33.875982000","6503","140","192.168.10.22","8081","10.0.0.2","46884","88","486817","38"
,"35.126018000","33.875998000","6504","140","192.168.10.22","8081","10.0.0.2","46884","88","486905","38"
,"35.126066000","33.876046000","6505","140","192.168.10.22","8081","10.0.0.2","46884","88","486993","38"
,"35.126078000","33.876058000","6506","140","192.168.10.22","8081","10.0.0.2","46884","88","487081","38"
,"35.126123000","33.876103000","6507","140","192.168.10.22","8081","10.0.0.2","46884","88","487169","38"
,"35.126138000","33.876118000","6508","140","192.168.10.22","8081","10.0.0.2","46884","88","487257","38"
,"35.126184000","33.876164000","6509","140","192.168.10.22","8081","10.0.0.2","46884","88","487345","38"
,"35.126198000","33.876178000","6510","140","192.168.10.22","8081","10.0.0.2","46884","88","487433","38"
,"35.187498000","33.937478000","6511","52","10.0.0.2","46884","192.168.10.22","8081","0","38","482945"
,"35.187524000","33.937504000","6512","52","10.0.0.2","46884","192.168.10.22","8081","0","38","483033"
,"35.188532000","33.938512000","6513","140","192.168.10.22","8081","10.0.0.2","46884","88","487521","38"
,"35.188573000","33.938553000","6514","140","192.168.10.22","8081","10.0.0.2","46884","88","487609","38"
,"35.188638000","33.938618000","6515","140","192.168.10.22","8081","10.0.0.2","46884","88","487697","38"
,"35.188655000","33.938635000","6516","140","192.168.10.22","8081","10.0.0.2","46884","88","487785","38"
,"35.188708000","33.938688000","6517","140","192.168.10.22","8081","10.0.0.2","46884","88","487873","38"
,"35.188721000","33.938701000","6518","140","192.168.10.22","8081","10.0.0.2","46884","88","487961","38"
,"35.188767000","33.938747000","6519","140","192.168.10.22","8081","10.0.0.2","46884","88","488049","38"
,"35.188779000","33.938759000","6520","140","192.168.10.22","8081","10.0.0.2","46884","88","488137","38"
,"35.188824000","33.938804000","6521","140","192.168.10.22","8081","10.0.0.2","46884","88","488225","38"
,"35.188838000","33.938818000","6522","140","192.168.10.22","8081","10.0.0.2","46884","88","488313","38"
,"35.249827000","33.999807000","6523","52","10.0.0.2","46884","192.168.10.22","8081","0","38","483825"
,"35.249853000","33.999833000","6524","52","10.0.0.2","46884","192.168.10.22","8081","0","38","484001"
,"35.250867000","34.000847000","6525","140","192.168.10.22","8081","10.0.0.2","46884","88","488401","38"
,"35.250939000","34.000919000","6526","140","192.168.10.22","8081","10.0.0.2","46884","88","488489","38"
,"35.251006000","34.000986000","6527","140","192.168.10.22","8081","10.0.0.2","46884","88","488577","38"
,"35.251021000","34.001001000","6528","140","192.168.10.22","8081","10.0.0.2","46884","88","488665","38"
,"35.251068000","34.001048000","6529","140","192.168.10.22","8081","10.0.0.2","46884","88","488753","38"
,"35.251081000","34.001061000","6530","140","192.168.10.22","8081","10.0.0.2","46884","88","488841","38"
,"35.251125000","34.001105000","6531","140","192.168.10.22","8081","10.0.0.2","46884","88","488929","38"
,"35.251139000","34.001119000","6532","140","192.168.10.22","8081","10.0.0.2","46884","88","489017","38"
,"35.251184000","34.001164000","6533","140","192.168.10.22","8081","10.0.0.2","46884","88","489105","38"
,"35.251197000","34.001177000","6534","140","192.168.10.22","8081","10.0.0.2","46884","88","489193","38"
,"35.251243000","34.001223000","6535","140","192.168.10.22","8081","10.0.0.2","46884","88","489281","38"
,"35.251256000","34.001236000","6536","140","192.168.10.22","8081","10.0.0.2","46884","88","489369","38"
,"35.312955000","34.062935000","6537","52","10.0.0.2","46884","192.168.10.22","8081","0","38","484265"
,"35.312966000","34.062946000","6538","52","10.0.0.2","46884","192.168.10.22","8081","0","38","484881"
,"35.313962000","34.063942000","6539","140","192.168.10.22","8081","10.0.0.2","46884","88","489457","38"
,"35.314004000","34.063984000","6540","140","192.168.10.22","8081","10.0.0.2","46884","88","489545","38"
,"35.314064000","34.064044000","6541","140","192.168.10.22","8081","10.0.0.2","46884","88","489633","38"
,"35.314079000","34.064059000","6542","140","192.168.10.22","8081","10.0.0.2","46884","88","489721","38"
,"35.314132000","34.064112000","6543","140","192.168.10.22","8081","10.0.0.2","46884","88","489809","38"
,"35.314145000","34.064125000","6544","140","192.168.10.22","8081","10.0.0.2","46884","88","489897","38"
,"35.314189000","34.064169000","6545","140","192.168.10.22","8081","10.0.0.2","46884","88","489985","38"
,"35.314201000","34.064181000","6546","140","192.168.10.22","8081","10.0.0.2","46884","88","490073","38"
,"35.314245000","34.064225000","6547","140","192.168.10.22","8081","10.0.0.2","46884","88","490161","38"
,"35.314260000","34.064240000","6548","140","192.168.10.22","8081","10.0.0.2","46884","88","490249","38"
,"35.374781000","34.124761000","6549","52","10.0.0.2","46884","192.168.10.22","8081","0","38","485761"
,"35.375782000","34.125762000","6550","140","192.168.10.22","8081","10.0.0.2","46884","88","490337","38"
,"35.375825000","34.125805000","6551","140","192.168.10.22","8081","10.0.0.2","46884","88","490425","38"
,"35.375930000","34.125910000","6552","140","192.168.10.22","8081","10.0.0.2","46884","88","490513","38"
,"35.375950000","34.125930000","6553","140","192.168.10.22","8081","10.0.0.2","46884","88","490601","38"
,"35.376000000","34.125980000","6554","140","192.168.10.22","8081","10.0.0.2","46884","88","490689","38"
,"35.376011000","34.125991000","6555","140","192.168.10.22","8081","10.0.0.2","46884","88","490777","38"
,"35.376055000","34.126035000","6556","140","192.168.10.22","8081","10.0.0.2","46884","88","490865","38"
,"35.376070000","34.126050000","6557","140","192.168.10.22","8081","10.0.0.2","46884","88","490953","38"
,"35.376116000","34.126096000","6558","140","192.168.10.22","8081","10.0.0.2","46884","88","491041","38"
,"35.376129000","34.126109000","6559","140","192.168.10.22","8081","10.0.0.2","46884","88","491129","38"
,"35.437906000","34.187886000","6560","52","10.0.0.2","46884","192.168.10.22","8081","0","38","486553"
,"35.437947000","34.187927000","6561","52","10.0.0.2","46884","192.168.10.22","8081","0","38","486729"
,"35.438922000","34.188902000","6562","140","192.168.10.22","8081","10.0.0.2","46884","88","491217","38"
,"35.438966000","34.188946000","6563","140","192.168.10.22","8081","10.0.0.2","46884","88","491305","38"
,"35.439029000","34.189009000","6564","140","192.168.10.22","8081","10.0.0.2","46884","88","491393","38"
,"35.439047000","34.189027000","6565","140","192.168.10.22","8081","10.0.0.2","46884","88","491481","38"
,"35.439095000","34.189075000","6566","140","192.168.10.22","8081","10.0.0.2","46884","88","491569","38"
,"35.439107000","34.189087000","6567","140","192.168.10.22","8081","10.0.0.2","46884","88","491657","38"
,"35.439152000","34.189132000","6568","140","192.168.10.22","8081","10.0.0.2","46884","88","491745","38"
,"35.439163000","34.189143000","6569","140","192.168.10.22","8081","10.0.0.2","46884","88","491833","38"
,"35.439208000","34.189188000","6570","140","192.168.10.22","8081","10.0.0.2","46884","88","491921","38"
,"35.439222000","34.189202000","6571","140","192.168.10.22","8081","10.0.0.2","46884","88","492009","38"
,"35.499664000","34.249644000","6572","52","10.0.0.2","46884","192.168.10.22","8081","0","38","487521"
,"35.499695000","34.249675000","6573","52","10.0.0.2","46884","192.168.10.22","8081","0","38","487609"
,"35.500679000","34.250659000","6574","140","192.168.10.22","8081","10.0.0.2","46884","88","492097","38"
,"35.500720000","34.250700000","6575","140","192.168.10.22","8081","10.0.0.2","46884","88","492185","38"
,"35.500786000","34.250766000","6576","140","192.168.10.22","8081","10.0.0.2","46884","88","492273","38"
,"35.500802000","34.250782000","6577","140","192.168.10.22","8081","10.0.0.2","46884","88","492361","38"
,"35.500856000","34.250836000","6578","140","192.168.10.22","8081","10.0.0.2","46884","88","492449","38"
,"35.500869000","34.250849000","6579","140","192.168.10.22","8081","10.0.0.2","46884","88","492537","38"
,"35.500954000","34.250934000","6580","140","192.168.10.22","8081","10.0.0.2","46884","88","492625","38"
,"35.500970000","34.250950000","6581","140","192.168.10.22","8081","10.0.0.2","46884","88","492713","38"
,"35.501014000","34.250994000","6582","140","192.168.10.22","8081","10.0.0.2","46884","88","492801","38"
,"35.501028000","34.251008000","6583","140","192.168.10.22","8081","10.0.0.2","46884","88","492889","38"
,"35.562991000","34.312971000","6584","52","10.0.0.2","46884","192.168.10.22","8081","0","38","488577"
,"35.564013000","34.313993000","6585","140","192.168.10.22","8081","10.0.0.2","46884","88","492977","38"
,"35.564055000","34.314035000","6586","140","192.168.10.22","8081","10.0.0.2","46884","88","493065","38"
,"35.564116000","34.314096000","6587","140","192.168.10.22","8081","10.0.0.2","46884","88","493153","38"
,"35.564132000","34.314112000","6588","140","192.168.10.22","8081","10.0.0.2","46884","88","493241","38"
,"35.564182000","34.314162000","6589","140","192.168.10.22","8081","10.0.0.2","46884","88","493329","38"
,"35.564193000","34.314173000","6590","140","192.168.10.22","8081","10.0.0.2","46884","88","493417","38"
,"35.564239000","34.314219000","6591","140","192.168.10.22","8081","10.0.0.2","46884","88","493505","38"
,"35.564251000","34.314231000","6592","140","192.168.10.22","8081","10.0.0.2","46884","88","493593","38"
,"35.564296000","34.314276000","6593","140","192.168.10.22","8081","10.0.0.2","46884","88","493681","38"
,"35.564310000","34.314290000","6594","140","192.168.10.22","8081","10.0.0.2","46884","88","493769","38"
,"35.564355000","34.314335000","6595","140","192.168.10.22","8081","10.0.0.2","46884","88","493857","38"
,"35.564368000","34.314348000","6596","140","192.168.10.22","8081","10.0.0.2","46884","88","493945","38"
,"35.624857000","34.374837000","6597","52","10.0.0.2","46884","192.168.10.22","8081","0","38","489457"
,"35.625862000","34.375842000","6598","140","192.168.10.22","8081","10.0.0.2","46884","88","494033","38"
,"35.625940000","34.375920000","6599","140","192.168.10.22","8081","10.0.0.2","46884","88","494121","38"
,"35.626007000","34.375987000","6600","140","192.168.10.22","8081","10.0.0.2","46884","88","494209","38"
,"35.626022000","34.376002000","6601","140","192.168.10.22","8081","10.0.0.2","46884","88","494297","38"
,"35.626070000","34.376050000","6602","140","192.168.10.22","8081","10.0.0.2","46884","88","494385","38"
,"35.626083000","34.376063000","6603","140","192.168.10.22","8081","10.0.0.2","46884","88","494473","38"
,"35.626129000","34.376109000","6604","140","192.168.10.22","8081","10.0.0.2","46884","88","494561","38"
,"35.626144000","34.376124000","6605","140","192.168.10.22","8081","10.0.0.2","46884","88","494649","38"
,"35.626189000","34.376169000","6606","140","192.168.10.22","8081","10.0.0.2","46884","88","494737","38"
,"35.626202000","34.376182000","6607","140","192.168.10.22","8081","10.0.0.2","46884","88","494825","38"
,"35.687704000","34.437684000","6608","52","10.0.0.2","46884","192.168.10.22","8081","0","38","490249"
,"35.687732000","34.437712000","6609","52","10.0.0.2","46884","192.168.10.22","8081","0","38","490425"
,"35.688739000","34.438719000","6610","140","192.168.10.22","8081","10.0.0.2","46884","88","494913","38"
,"35.688781000","34.438761000","6611","140","192.168.10.22","8081","10.0.0.2","46884","88","495001","38"
,"35.688842000","34.438822000","6612","140","192.168.10.22","8081","10.0.0.2","46884","88","495089","38"
,"35.688857000","34.438837000","6613","140","192.168.10.22","8081","10.0.0.2","46884","88","495177","38"
,"35.688941000","34.438921000","6614","140","192.168.10.22","8081","10.0.0.2","46884","88","495265","38"
,"35.688956000","34.438936000","6615","140","192.168.10.22","8081","10.0.0.2","46884","88","495353","38"
,"35.689000000","34.438980000","6616","140","192.168.10.22","8081","10.0.0.2","46884","88","495441","38"
,"35.689011000","34.438991000","6617","140","192.168.10.22","8081","10.0.0.2","46884","88","495529","38"
,"35.689056000","34.439036000","6618","140","192.168.10.22","8081","10.0.0.2","46884","88","495617","38"
,"35.689069000","34.439049000","6619","140","192.168.10.22","8081","10.0.0.2","46884","88","495705","38"
,"35.750028000","34.500008000","6620","52","10.0.0.2","46884","192.168.10.22","8081","0","38","490953"
,"35.750056000","34.500036000","6621","52","10.0.0.2","46884","192.168.10.22","8081","0","38","491305"
,"35.751062000","34.501042000","6622","140","192.168.10.22","8081","10.0.0.2","46884","88","495793","38"
,"35.751104000","34.501084000","6623","140","192.168.10.22","8081","10.0.0.2","46884","88","495881","38"
,"35.751168000","34.501148000","6624","140","192.168.10.22","8081","10.0.0.2","46884","88","495969","38"
,"35.751185000","34.501165000","6625","140","192.168.10.22","8081","10.0.0.2","46884","88","496057","38"
,"35.751239000","34.501219000","6626","140","192.168.10.22","8081","10.0.0.2","46884","88","496145","38"
,"35.751252000","34.501232000","6627","140","192.168.10.22","8081","10.0.0.2","46884","88","496233","38"
,"35.751298000","34.501278000","6628","140","192.168.10.22","8081","10.0.0.2","46884","88","496321","38"
,"35.751310000","34.501290000","6629","140","192.168.10.22","8081","10.0.0.2","46884","88","496409","38"
,"35.751354000","34.501334000","6630","140","192.168.10.22","8081","10.0.0.2","46884","88","496497","38"
,"35.751367000","34.501347000","6631","140","192.168.10.22","8081","10.0.0.2","46884","88","496585","38"
,"35.812639000","34.562619000","6632","52","10.0.0.2","46884","192.168.10.22","8081","0","38","492097"
,"35.812646000","34.562626000","6633","52","10.0.0.2","46884","192.168.10.22","8081","0","38","492273"
,"35.813607000","34.563587000","6634","140","192.168.10.22","8081","10.0.0.2","46884","88","496673","38"
,"35.813649000","34.563629000","6635","140","192.168.10.22","8081","10.0.0.2","46884","88","496761","38"
,"35.813714000","34.563694000","6636","140","192.168.10.22","8081","10.0.0.2","46884","88","496849","38"
,"35.813730000","34.563710000","6637","140","192.168.10.22","8081","10.0.0.2","46884","88","496937","38"
,"35.813782000","34.563762000","6638","140","192.168.10.22","8081","10.0.0.2","46884","88","497025","38"
,"35.813794000","34.563774000","6639","140","192.168.10.22","8081","10.0.0.2","46884","88","497113","38"
,"35.813839000","34.563819000","6640","140","192.168.10.22","8081","10.0.0.2","46884","88","497201","38"
,"35.813851000","34.563831000","6641","140","192.168.10.22","8081","10.0.0.2","46884","88","497289","38"
,"35.813939000","34.563919000","6642","140","192.168.10.22","8081","10.0.0.2","46884","88","497377","38"
,"35.813956000","34.563936000","6643","140","192.168.10.22","8081","10.0.0.2","46884","88","497465","38"
,"35.814001000","34.563981000","6644","140","192.168.10.22","8081","10.0.0.2","46884","88","497553","38"
,"35.814012000","34.563992000","6645","140","192.168.10.22","8081","10.0.0.2","46884","88","497641","38"
,"35.874709000","34.624689000","6646","52","10.0.0.2","46884","192.168.10.22","8081","0","38","493153"
,"35.875687000","34.625667000","6647","140","192.168.10.22","8081","10.0.0.2","46884","88","497729","38"
,"35.875729000","34.625709000","6648","140","192.168.10.22","8081","10.0.0.2","46884","88","497817","38"
,"35.875790000","34.625770000","6649","140","192.168.10.22","8081","10.0.0.2","46884","88","497905","38"
,"35.875806000","34.625786000","6650","140","192.168.10.22","8081","10.0.0.2","46884","88","497993","38"
,"35.875862000","34.625842000","6651","140","192.168.10.22","8081","10.0.0.2","46884","88","498081","38"
,"35.875904000","34.625884000","6652","140","192.168.10.22","8081","10.0.0.2","46884","88","498169","38"
,"35.875954000","34.625934000","6653","140","192.168.10.22","8081","10.0.0.2","46884","88","498257","38"
,"35.875966000","34.625946000","6654","140","192.168.10.22","8081","10.0.0.2","46884","88","498345","38"
,"35.876011000","34.625991000","6655","140","192.168.10.22","8081","10.0.0.2","46884","88","498433","38"
,"35.876024000","34.626004000","6656","140","192.168.10.22","8081","10.0.0.2","46884","88","498521","38"
,"35.937732000","34.687712000","6657","52","10.0.0.2","46884","192.168.10.22","8081","0","38","493857"
,"35.937755000","34.687735000","6658","52","10.0.0.2","46884","192.168.10.22","8081","0","38","494033"
,"35.938739000","34.688719000","6659","140","192.168.10.22","8081","10.0.0.2","46884","88","498609","38"
,"35.938781000","34.688761000","6660","140","192.168.10.22","8081","10.0.0.2","46884","88","498697","38"
,"35.938845000","34.688825000","6661","140","192.168.10.22","8081","10.0.0.2","46884","88","498785","38"
,"35.938861000","34.688841000","6662","140","192.168.10.22","8081","10.0.0.2","46884","88","498873","38"
,"35.938960000","34.688940000","6663","140","192.168.10.22","8081","10.0.0.2","46884","88","498961","38"
,"35.938976000","34.688956000","6664","140","192.168.10.22","8081","10.0.0.2","46884","88","499049","38"
,"35.939023000","34.689003000","6665","140","192.168.10.22","8081","10.0.0.2","46884","88","499137","38"
,"35.939037000","34.689017000","6666","140","192.168.10.22","8081","10.0.0.2","46884","88","499225","38"
,"35.939082000","34.689062000","6667","140","192.168.10.22","8081","10.0.0.2","46884","88","499313","38"
,"35.939094000","34.689074000","6668","140","192.168.10.22","8081","10.0.0.2","46884","88","499401","38"
,"35.999610000","34.749590000","6669","52","10.0.0.2","46884","192.168.10.22","8081","0","38","494737"
,"35.999639000","34.749619000","6670","52","10.0.0.2","46884","192.168.10.22","8081","0","38","495001"
,"36.000596000","34.750576000","6671","140","192.168.10.22","8081","10.0.0.2","46884","88","499489","38"
,"36.000637000","34.750617000","6672","140","192.168.10.22","8081","10.0.0.2","46884","88","499577","38"
,"36.000697000","34.750677000","6673","140","192.168.10.22","8081","10.0.0.2","46884","88","499665","38"
,"36.000712000","34.750692000","6674","140","192.168.10.22","8081","10.0.0.2","46884","88","499753","38"
,"36.000767000","34.750747000","6675","140","192.168.10.22","8081","10.0.0.2","46884","88","499841","38"
,"36.000781000","34.750761000","6676","140","192.168.10.22","8081","10.0.0.2","46884","88","499929","38"
,"36.000827000","34.750807000","6677","140","192.168.10.22","8081","10.0.0.2","46884","88","500017","38"
,"36.000838000","34.750818000","6678","140","192.168.10.22","8081","10.0.0.2","46884","88","500105","38"
,"36.000919000","34.750899000","6679","140","192.168.10.22","8081","10.0.0.2","46884","88","500193","38"
,"36.000935000","34.750915000","6680","140","192.168.10.22","8081","10.0.0.2","46884","88","500281","38"
,"36.062522000","34.812502000","6681","52","10.0.0.2","46884","192.168.10.22","8081","0","38","495881"
,"36.063493000","34.813473000","6682","140","192.168.10.22","8081","10.0.0.2","46884","88","500369","38"
,"36.063535000","34.813515000","6683","140","192.168.10.22","8081","10.0.0.2","46884","88","500457","38"
,"36.063599000","34.813579000","6684","140","192.168.10.22","8081","10.0.0.2","46884","88","500545","38"
,"36.063615000","34.813595000","6685","140","192.168.10.22","8081","10.0.0.2","46884","88","500633","38"
,"36.063670000","34.813650000","6686","140","192.168.10.22","8081","10.0.0.2","46884","88","500721","38"
,"36.063683000","34.813663000","6687","140","192.168.10.22","8081","10.0.0.2","46884","88","500809","38"
,"36.063729000","34.813709000","6688","140","192.168.10.22","8081","10.0.0.2","46884","88","500897","38"
,"36.063740000","34.813720000","6689","140","192.168.10.22","8081","10.0.0.2","46884","88","500985","38"
,"36.063785000","34.813765000","6690","140","192.168.10.22","8081","10.0.0.2","46884","88","501073","38"
,"36.063799000","34.813779000","6691","140","192.168.10.22","8081","10.0.0.2","46884","88","501161","38"
,"36.124828000","34.874808000","6692","52","10.0.0.2","46884","192.168.10.22","8081","0","38","496585"
,"36.124855000","34.874835000","6693","52","10.0.0.2","46884","192.168.10.22","8081","0","38","496849"
,"36.125852000","34.875832000","6694","140","192.168.10.22","8081","10.0.0.2","46884","88","501249","38"
,"36.125925000","34.875905000","6695","140","192.168.10.22","8081","10.0.0.2","46884","88","501337","38"
,"36.125994000","34.875974000","6696","140","192.168.10.22","8081","10.0.0.2","46884","88","501425","38"
,"36.126012000","34.875992000","6697","140","192.168.10.22","8081","10.0.0.2","46884","88","501513","38"
,"36.126060000","34.876040000","6698","140","192.168.10.22","8081","10.0.0.2","46884","88","501601","38"
,"36.126071000","34.876051000","6699","140","192.168.10.22","8081","10.0.0.2","46884","88","501689","38"
,"36.126115000","34.876095000","6700","140","192.168.10.22","8081","10.0.0.2","46884","88","501777","38"
,"36.126129000","34.876109000","6701","140","192.168.10.22","8081","10.0.0.2","46884","88","501865","38"
,"36.126176000","34.876156000","6702","140","192.168.10.22","8081","10.0.0.2","46884","88","501953","38"
,"36.126189000","34.876169000","6703","140","192.168.10.22","8081","10.0.0.2","46884","88","502041","38"
,"36.126233000","34.876213000","6704","140","192.168.10.22","8081","10.0.0.2","46884","88","502129","38"
,"36.126250000","34.876230000","6705","140","192.168.10.22","8081","10.0.0.2","46884","88","502217","38"
,"36.187591000","34.937571000","6706","52","10.0.0.2","46884","192.168.10.22","8081","0","38","497641"
,"36.187618000","34.937598000","6707","52","10.0.0.2","46884","192.168.10.22","8081","0","38","497729"
,"36.188611000","34.938591000","6708","140","192.168.10.22","8081","10.0.0.2","46884","88","502305","38"
,"36.188652000","34.938632000","6709","140","192.168.10.22","8081","10.0.0.2","46884","88","502393","38"
,"36.188716000","34.938696000","6710","140","192.168.10.22","8081","10.0.0.2","46884","88","502481","38"
,"36.188731000","34.938711000","6711","140","192.168.10.22","8081","10.0.0.2","46884","88","502569","38"
,"36.188787000","34.938767000","6712","140","192.168.10.22","8081","10.0.0.2","46884","88","502657","38"
,"36.188800000","34.938780000","6713","140","192.168.10.22","8081","10.0.0.2","46884","88","502745","38"
,"36.188847000","34.938827000","6714","140","192.168.10.22","8081","10.0.0.2","46884","88","502833","38"
,"36.188858000","34.938838000","6715","140","192.168.10.22","8081","10.0.0.2","46884","88","502921","38"
,"36.188948000","34.938928000","6716","140","192.168.10.22","8081","10.0.0.2","46884","88","503009","38"
,"36.188965000","34.938945000","6717","140","192.168.10.22","8081","10.0.0.2","46884","88","503097","38"
,"36.249448000","34.999428000","6718","52","10.0.0.2","46884","192.168.10.22","8081","0","38","498521"
,"36.249478000","34.999458000","6719","52","10.0.0.2","46884","192.168.10.22","8081","0","38","498697"
,"36.250476000","35.000456000","6720","140","192.168.10.22","8081","10.0.0.2","46884","88","503185","38"
,"36.250520000","35.000500000","6721","140","192.168.10.22","8081","10.0.0.2","46884","88","503273","38"
,"36.250585000","35.000565000","6722","140","192.168.10.22","8081","10.0.0.2","46884","88","503361","38"
,"36.250601000","35.000581000","6723","140","192.168.10.22","8081","10.0.0.2","46884","88","503449","38"
,"36.250656000","35.000636000","6724","140","192.168.10.22","8081","10.0.0.2","46884","88","503537","38"
,"36.250669000","35.000649000","6725","140","192.168.10.22","8081","10.0.0.2","46884","88","503625","38"
,"36.250714000","35.000694000","6726","140","192.168.10.22","8081","10.0.0.2","46884","88","503713","38"
,"36.250725000","35.000705000","6727","140","192.168.10.22","8081","10.0.0.2","46884","88","503801","38"
,"36.250769000","35.000749000","6728","140","192.168.10.22","8081","10.0.0.2","46884","88","503889","38"
,"36.250783000","35.000763000","6729","140","192.168.10.22","8081","10.0.0.2","46884","88","503977","38"
,"36.312619000","35.062599000","6730","52","10.0.0.2","46884","192.168.10.22","8081","0","38","499489"
,"36.312628000","35.062608000","6731","52","10.0.0.2","46884","192.168.10.22","8081","0","38","499577"
,"36.313591000","35.063571000","6732","140","192.168.10.22","8081","10.0.0.2","46884","88","504065","38"
,"36.313633000","35.063613000","6733","140","192.168.10.22","8081","10.0.0.2","46884","88","504153","38"
,"36.313697000","35.063677000","6734","140","192.168.10.22","8081","10.0.0.2","46884","88","504241","38"
,"36.313713000","35.063693000","6735","140","192.168.10.22","8081","10.0.0.2","46884","88","504329","38"
,"36.313766000","35.063746000","6736","140","192.168.10.22","8081","10.0.0.2","46884","88","504417","38"
,"36.313779000","35.063759000","6737","140","192.168.10.22","8081","10.0.0.2","46884","88","504505","38"
,"36.313824000","35.063804000","6738","140","192.168.10.22","8081","10.0.0.2","46884","88","504593","38"
,"36.313835000","35.063815000","6739","140","192.168.10.22","8081","10.0.0.2","46884","88","504681","38"
,"36.313918000","35.063898000","6740","140","192.168.10.22","8081","10.0.0.2","46884","88","504769","38"
,"36.313935000","35.063915000","6741","140","192.168.10.22","8081","10.0.0.2","46884","88","504857","38"
,"36.374992000","35.124972000","6742","52","10.0.0.2","46884","192.168.10.22","8081","0","38","500545"
,"36.376007000","35.125987000","6743","140","192.168.10.22","8081","10.0.0.2","46884","88","504945","38"
,"36.376050000","35.126030000","6744","140","192.168.10.22","8081","10.0.0.2","46884","88","505033","38"
,"36.376114000","35.126094000","6745","140","192.168.10.22","8081","10.0.0.2","46884","88","505121","38"
,"36.376131000","35.126111000","6746","140","192.168.10.22","8081","10.0.0.2","46884","88","505209","38"
,"36.376183000","35.126163000","6747","140","192.168.10.22","8081","10.0.0.2","46884","88","505297","38"
,"36.376195000","35.126175000","6748","140","192.168.10.22","8081","10.0.0.2","46884","88","505385","38"
,"36.376240000","35.126220000","6749","140","192.168.10.22","8081","10.0.0.2","46884","88","505473","38"
,"36.376252000","35.126232000","6750","140","192.168.10.22","8081","10.0.0.2","46884","88","505561","38"
,"36.376296000","35.126276000","6751","140","192.168.10.22","8081","10.0.0.2","46884","88","505649","38"
,"36.376310000","35.126290000","6752","140","192.168.10.22","8081","10.0.0.2","46884","88","505737","38"
,"36.376354000","35.126334000","6753","140","192.168.10.22","8081","10.0.0.2","46884","88","505825","38"
,"36.376366000","35.126346000","6754","140","192.168.10.22","8081","10.0.0.2","46884","88","505913","38"
,"36.437218000","35.187198000","6755","52","10.0.0.2","46884","192.168.10.22","8081","0","38","501249"
,"36.437245000","35.187225000","6756","52","10.0.0.2","46884","192.168.10.22","8081","0","38","501425"
,"36.438109000","35.188089000","6757","140","192.168.10.22","8081","10.0.0.2","46884","88","506001","38"
,"36.438146000","35.188126000","6758","140","192.168.10.22","8081","10.0.0.2","46884","88","506089","38"
,"36.438197000","35.188177000","6759","140","192.168.10.22","8081","10.0.0.2","46884","88","506177","38"
,"36.438210000","35.188190000","6760","140","192.168.10.22","8081","10.0.0.2","46884","88","506265","38"
,"36.438255000","35.188235000","6761","140","192.168.10.22","8081","10.0.0.2","46884","88","506353","38"
,"36.438267000","35.188247000","6762","140","192.168.10.22","8081","10.0.0.2","46884","88","506441","38"
,"36.438312000","35.188292000","6763","140","192.168.10.22","8081","10.0.0.2","46884","88","506529","38"
,"36.438323000","35.188303000","6764","140","192.168.10.22","8081","10.0.0.2","46884","88","506617","38"
,"36.438367000","35.188347000","6765","140","192.168.10.22","8081","10.0.0.2","46884","88","506705","38"
,"36.438382000","35.188362000","6766","140","192.168.10.22","8081","10.0.0.2","46884","88","506793","38"
,"36.499562000","35.249542000","6767","52","10.0.0.2","46884","192.168.10.22","8081","0","38","502217"
,"36.499590000","35.249570000","6768","52","10.0.0.2","46884","192.168.10.22","8081","0","38","502305"
,"36.500605000","35.250585000","6769","140","192.168.10.22","8081","10.0.0.2","46884","88","506881","38"
,"36.500646000","35.250626000","6770","140","192.168.10.22","8081","10.0.0.2","46884","88","506969","38"
,"36.500709000","35.250689000","6771","140","192.168.10.22","8081","10.0.0.2","46884","88","507057","38"
,"36.500726000","35.250706000","6772","140","192.168.10.22","8081","10.0.0.2","46884","88","507145","38"
,"36.500781000","35.250761000","6773","140","192.168.10.22","8081","10.0.0.2","46884","88","507233","38"
,"36.500795000","35.250775000","6774","140","192.168.10.22","8081","10.0.0.2","46884","88","507321","38"
,"36.500842000","35.250822000","6775","140","192.168.10.22","8081","10.0.0.2","46884","88","507409","38"
,"36.500853000","35.250833000","6776","140","192.168.10.22","8081","10.0.0.2","46884","88","507497","38"
,"36.500931000","35.250911000","6777","140","192.168.10.22","8081","10.0.0.2","46884","88","507585","38"
,"36.500947000","35.250927000","6778","140","192.168.10.22","8081","10.0.0.2","46884","88","507673","38"
,"36.562783000","35.312763000","6779","52","10.0.0.2","46884","192.168.10.22","8081","0","38","503273"
,"36.563804000","35.313784000","6780","140","192.168.10.22","8081","10.0.0.2","46884","88","507761","38"
,"36.563845000","35.313825000","6781","140","192.168.10.22","8081","10.0.0.2","46884","88","507849","38"
,"36.563953000","35.313933000","6782","140","192.168.10.22","8081","10.0.0.2","46884","88","507937","38"
,"36.563974000","35.313954000","6783","140","192.168.10.22","8081","10.0.0.2","46884","88","508025","38"
,"36.564022000","35.314002000","6784","140","192.168.10.22","8081","10.0.0.2","46884","88","508113","38"
,"36.564033000","35.314013000","6785","140","192.168.10.22","8081","10.0.0.2","46884","88","508201","38"
,"36.564078000","35.314058000","6786","140","192.168.10.22","8081","10.0.0.2","46884","88","508289","38"
,"36.564093000","35.314073000","6787","140","192.168.10.22","8081","10.0.0.2","46884","88","508377","38"
,"36.564138000","35.314118000","6788","140","192.168.10.22","8081","10.0.0.2","46884","88","508465","38"
,"36.564152000","35.314132000","6789","140","192.168.10.22","8081","10.0.0.2","46884","88","508553","38"
,"36.624097000","35.374077000","6790","52","10.0.0.2","46884","192.168.10.22","8081","0","38","504153"
,"36.624982000","35.374962000","6791","140","192.168.10.22","8081","10.0.0.2","46884","88","508641","38"
,"36.625018000","35.374998000","6792","140","192.168.10.22","8081","10.0.0.2","46884","88","508729","38"
,"36.625070000","35.375050000","6793","140","192.168.10.22","8081","10.0.0.2","46884","88","508817","38"
,"36.625082000","35.375062000","6794","140","192.168.10.22","8081","10.0.0.2","46884","88","508905","38"
,"36.625127000","35.375107000","6795","140","192.168.10.22","8081","10.0.0.2","46884","88","508993","38"
,"36.625138000","35.375118000","6796","140","192.168.10.22","8081","10.0.0.2","46884","88","509081","38"
,"36.625183000","35.375163000","6797","140","192.168.10.22","8081","10.0.0.2","46884","88","509169","38"
,"36.625195000","35.375175000","6798","140","192.168.10.22","8081","10.0.0.2","46884","88","509257","38"
,"36.625240000","35.375220000","6799","140","192.168.10.22","8081","10.0.0.2","46884","88","509345","38"
,"36.625254000","35.375234000","6800","140","192.168.10.22","8081","10.0.0.2","46884","88","509433","38"
,"36.687824000","35.437804000","6801","52","10.0.0.2","46884","192.168.10.22","8081","0","38","504593"
,"36.687850000","35.437830000","6802","52","10.0.0.2","46884","192.168.10.22","8081","0","38","505121"
,"36.688833000","35.438813000","6803","140","192.168.10.22","8081","10.0.0.2","46884","88","509521","38"
,"36.688900000","35.438880000","6804","140","192.168.10.22","8081","10.0.0.2","46884","88","509609","38"
,"36.688974000","35.438954000","6805","140","192.168.10.22","8081","10.0.0.2","46884","88","509697","38"
,"36.688989000","35.438969000","6806","140","192.168.10.22","8081","10.0.0.2","46884","88","509785","38"
,"36.689036000","35.439016000","6807","140","192.168.10.22","8081","10.0.0.2","46884","88","509873","38"
,"36.689048000","35.439028000","6808","140","192.168.10.22","8081","10.0.0.2","46884","88","509961","38"
,"36.689092000","35.439072000","6809","140","192.168.10.22","8081","10.0.0.2","46884","88","510049","38"
,"36.689106000","35.439086000","6810","140","192.168.10.22","8081","10.0.0.2","46884","88","510137","38"
,"36.689150000","35.439130000","6811","140","192.168.10.22","8081","10.0.0.2","46884","88","510225","38"
,"36.689164000","35.439144000","6812","140","192.168.10.22","8081","10.0.0.2","46884","88","510313","38"
,"36.689211000","35.439191000","6813","140","192.168.10.22","8081","10.0.0.2","46884","88","510401","38"
,"36.689223000","35.439203000","6814","140","192.168.10.22","8081","10.0.0.2","46884","88","510489","38"
,"36.749704000","35.499684000","6815","52","10.0.0.2","46884","192.168.10.22","8081","0","38","505913"
,"36.749733000","35.499713000","6816","52","10.0.0.2","46884","192.168.10.22","8081","0","38","506001"
,"36.750740000","35.500720000","6817","140","192.168.10.22","8081","10.0.0.2","46884","88","510577","38"
,"36.750781000","35.500761000","6818","140","192.168.10.22","8081","10.0.0.2","46884","88","510665","38"
,"36.750845000","35.500825000","6819","140","192.168.10.22","8081","10.0.0.2","46884","88","510753","38"
,"36.750862000","35.500842000","6820","140","192.168.10.22","8081","10.0.0.2","46884","88","510841","38"
,"36.750945000","35.500925000","6821","140","192.168.10.22","8081","10.0.0.2","46884","88","510929","38"
,"36.750960000","35.500940000","6822","140","192.168.10.22","8081","10.0.0.2","46884","88","511017","38"
,"36.751005000","35.500985000","6823","140","192.168.10.22","8081","10.0.0.2","46884","88","511105","38"
,"36.751017000","35.500997000","6824","140","192.168.10.22","8081","10.0.0.2","46884","88","511193","38"
,"36.751061000","35.501041000","6825","140","192.168.10.22","8081","10.0.0.2","46884","88","511281","38"
,"36.751075000","35.501055000","6826","140","192.168.10.22","8081","10.0.0.2","46884","88","511369","38"
,"36.812765000","35.562745000","6827","52","10.0.0.2","46884","192.168.10.22","8081","0","38","506441"
,"36.812774000","35.562754000","6828","52","10.0.0.2","46884","192.168.10.22","8081","0","38","506969"
,"36.813771000","35.563751000","6829","140","192.168.10.22","8081","10.0.0.2","46884","88","511457","38"
,"36.813812000","35.563792000","6830","140","192.168.10.22","8081","10.0.0.2","46884","88","511545","38"
,"36.813871000","35.563851000","6831","140","192.168.10.22","8081","10.0.0.2","46884","88","511633","38"
,"36.813930000","35.563910000","6832","140","192.168.10.22","8081","10.0.0.2","46884","88","511721","38"
,"36.813984000","35.563964000","6833","140","192.168.10.22","8081","10.0.0.2","46884","88","511809","38"
,"36.813996000","35.563976000","6834","140","192.168.10.22","8081","10.0.0.2","46884","88","511897","38"
,"36.814042000","35.564022000","6835","140","192.168.10.22","8081","10.0.0.2","46884","88","511985","38"
,"36.814062000","35.564042000","6836","140","192.168.10.22","8081","10.0.0.2","46884","88","512073","38"
,"36.814106000","35.564086000","6837","140","192.168.10.22","8081","10.0.0.2","46884","88","512161","38"
,"36.814120000","35.564100000","6838","140","192.168.10.22","8081","10.0.0.2","46884","88","512249","38"
,"36.874108000","35.624088000","6839","52","10.0.0.2","46884","192.168.10.22","8081","0","38","507849"
,"36.874731000","35.624711000","6840","140","192.168.10.22","8081","10.0.0.2","46884","88","512337","38"
,"36.874767000","35.624747000","6841","140","192.168.10.22","8081","10.0.0.2","46884","88","512425","38"
,"36.874820000","35.624800000","6842","140","192.168.10.22","8081","10.0.0.2","46884","88","512513","38"
,"36.874833000","35.624813000","6843","140","192.168.10.22","8081","10.0.0.2","46884","88","512601","38"
,"36.874905000","35.624885000","6844","140","192.168.10.22","8081","10.0.0.2","46884","88","512689","38"
,"36.874918000","35.624898000","6845","140","192.168.10.22","8081","10.0.0.2","46884","88","512777","38"
,"36.874965000","35.624945000","6846","140","192.168.10.22","8081","10.0.0.2","46884","88","512865","38"
,"36.874977000","35.624957000","6847","140","192.168.10.22","8081","10.0.0.2","46884","88","512953","38"
,"36.875021000","35.625001000","6848","140","192.168.10.22","8081","10.0.0.2","46884","88","513041","38"
,"36.875034000","35.625014000","6849","140","192.168.10.22","8081","10.0.0.2","46884","88","513129","38"
,"36.937925000","35.687905000","6850","52","10.0.0.2","46884","192.168.10.22","8081","0","38","508465"
,"36.937979000","35.687959000","6851","52","10.0.0.2","46884","192.168.10.22","8081","0","38","508817"
,"36.938997000","35.688977000","6852","140","192.168.10.22","8081","10.0.0.2","46884","88","513217","38"
,"36.939039000","35.689019000","6853","140","192.168.10.22","8081","10.0.0.2","46884","88","513305","38"
,"36.939104000","35.689084000","6854","140","192.168.10.22","8081","10.0.0.2","46884","88","513393","38"
,"36.939122000","35.689102000","6855","140","192.168.10.22","8081","10.0.0.2","46884","88","513481","38"
,"36.939169000","35.689149000","6856","140","192.168.10.22","8081","10.0.0.2","46884","88","513569","38"
,"36.939182000","35.689162000","6857","140","192.168.10.22","8081","10.0.0.2","46884","88","513657","38"
,"36.939227000","35.689207000","6858","140","192.168.10.22","8081","10.0.0.2","46884","88","513745","38"
,"36.939239000","35.689219000","6859","140","192.168.10.22","8081","10.0.0.2","46884","88","513833","38"
,"36.939282000","35.689262000","6860","140","192.168.10.22","8081","10.0.0.2","46884","88","513921","38"
,"36.939297000","35.689277000","6861","140","192.168.10.22","8081","10.0.0.2","46884","88","514009","38"
,"36.939341000","35.689321000","6862","140","192.168.10.22","8081","10.0.0.2","46884","88","514097","38"
,"36.939355000","35.689335000","6863","140","192.168.10.22","8081","10.0.0.2","46884","88","514185","38"
,"36.999872000","35.749852000","6864","52","10.0.0.2","46884","192.168.10.22","8081","0","38","509609"
,"36.999939000","35.749919000","6865","52","10.0.0.2","46884","192.168.10.22","8081","0","38","509697"
,"37.000932000","35.750912000","6866","140","192.168.10.22","8081","10.0.0.2","46884","88","514273","38"
,"37.000976000","35.750956000","6867","140","192.168.10.22","8081","10.0.0.2","46884","88","514361","38"
,"37.001042000","35.751022000","6868","140","192.168.10.22","8081","10.0.0.2","46884","88","514449","38"
,"37.001057000","35.751037000","6869","140","192.168.10.22","8081","10.0.0.2","46884","88","514537","38"
,"37.001106000","35.751086000","6870","140","192.168.10.22","8081","10.0.0.2","46884","88","514625","38"
,"37.001118000","35.751098000","6871","140","192.168.10.22","8081","10.0.0.2","46884","88","514713","38"
,"37.001164000","35.751144000","6872","140","192.168.10.22","8081","10.0.0.2","46884","88","514801","38"
,"37.001179000","35.751159000","6873","140","192.168.10.22","8081","10.0.0.2","46884","88","514889","38"
,"37.001223000","35.751203000","6874","140","192.168.10.22","8081","10.0.0.2","46884","88","514977","38"
,"37.001236000","35.751216000","6875","140","192.168.10.22","8081","10.0.0.2","46884","88","515065","38"
,"37.062529000","35.812509000","6876","52","10.0.0.2","46884","192.168.10.22","8081","0","38","510577"
,"37.063541000","35.813521000","6877","140","192.168.10.22","8081","10.0.0.2","46884","88","515153","38"
,"37.063582000","35.813562000","6878","140","192.168.10.22","8081","10.0.0.2","46884","88","515241","38"
,"37.063644000","35.813624000","6879","140","192.168.10.22","8081","10.0.0.2","46884","88","515329","38"
,"37.063659000","35.813639000","6880","140","192.168.10.22","8081","10.0.0.2","46884","88","515417","38"
,"37.063717000","35.813697000","6881","140","192.168.10.22","8081","10.0.0.2","46884","88","515505","38"
,"37.063730000","35.813710000","6882","140","192.168.10.22","8081","10.0.0.2","46884","88","515593","38"
,"37.063776000","35.813756000","6883","140","192.168.10.22","8081","10.0.0.2","46884","88","515681","38"
,"37.063788000","35.813768000","6884","140","192.168.10.22","8081","10.0.0.2","46884","88","515769","38"
,"37.063832000","35.813812000","6885","140","192.168.10.22","8081","10.0.0.2","46884","88","515857","38"
,"37.063846000","35.813826000","6886","140","192.168.10.22","8081","10.0.0.2","46884","88","515945","38"
,"37.123975000","35.873955000","6887","52","10.0.0.2","46884","192.168.10.22","8081","0","38","510929"
,"37.123986000","35.873966000","6888","52","10.0.0.2","46884","192.168.10.22","8081","0","38","511545"
,"37.125019000","35.874999000","6889","140","192.168.10.22","8081","10.0.0.2","46884","88","516033","38"
,"37.125061000","35.875041000","6890","140","192.168.10.22","8081","10.0.0.2","46884","88","516121","38"
,"37.125124000","35.875104000","6891","140","192.168.10.22","8081","10.0.0.2","46884","88","516209","38"
,"37.125141000","35.875121000","6892","140","192.168.10.22","8081","10.0.0.2","46884","88","516297","38"
,"37.125194000","35.875174000","6893","140","192.168.10.22","8081","10.0.0.2","46884","88","516385","38"
,"37.125207000","35.875187000","6894","140","192.168.10.22","8081","10.0.0.2","46884","88","516473","38"
,"37.125252000","35.875232000","6895","140","192.168.10.22","8081","10.0.0.2","46884","88","516561","38"
,"37.125264000","35.875244000","6896","140","192.168.10.22","8081","10.0.0.2","46884","88","516649","38"
,"37.125309000","35.875289000","6897","140","192.168.10.22","8081","10.0.0.2","46884","88","516737","38"
,"37.125323000","35.875303000","6898","140","192.168.10.22","8081","10.0.0.2","46884","88","516825","38"
,"37.187733000","35.937713000","6899","52","10.0.0.2","46884","192.168.10.22","8081","0","38","512337"
,"37.187761000","35.937741000","6900","52","10.0.0.2","46884","192.168.10.22","8081","0","38","512425"
,"37.188799000","35.938779000","6901","140","192.168.10.22","8081","10.0.0.2","46884","88","516913","38"
,"37.188842000","35.938822000","6902","140","192.168.10.22","8081","10.0.0.2","46884","88","517001","38"
,"37.188949000","35.938929000","6903","140","192.168.10.22","8081","10.0.0.2","46884","88","517089","38"
,"37.188966000","35.938946000","6904","140","192.168.10.22","8081","10.0.0.2","46884","88","517177","38"
,"37.189014000","35.938994000","6905","140","192.168.10.22","8081","10.0.0.2","46884","88","517265","38"
,"37.189026000","35.939006000","6906","140","192.168.10.22","8081","10.0.0.2","46884","88","517353","38"
,"37.189071000","35.939051000","6907","140","192.168.10.22","8081","10.0.0.2","46884","88","517441","38"
,"37.189085000","35.939065000","6908","140","192.168.10.22","8081","10.0.0.2","46884","88","517529","38"
,"37.189129000","35.939109000","6909","140","192.168.10.22","8081","10.0.0.2","46884","88","517617","38"
,"37.189142000","35.939122000","6910","140","192.168.10.22","8081","10.0.0.2","46884","88","517705","38"
,"37.249268000","35.999248000","6911","52","10.0.0.2","46884","192.168.10.22","8081","0","38","512601"
,"37.249295000","35.999275000","6912","52","10.0.0.2","46884","192.168.10.22","8081","0","38","513393"
,"37.250326000","36.000306000","6913","140","192.168.10.22","8081","10.0.0.2","46884","88","517793","38"
,"37.250368000","36.000348000","6914","140","192.168.10.22","8081","10.0.0.2","46884","88","517881","38"
,"37.250432000","36.000412000","6915","140","192.168.10.22","8081","10.0.0.2","46884","88","517969","38"
,"37.250448000","36.000428000","6916","140","192.168.10.22","8081","10.0.0.2","46884","88","518057","38"
,"37.250500000","36.000480000","6917","140","192.168.10.22","8081","10.0.0.2","46884","88","518145","38"
,"37.250513000","36.000493000","6918","140","192.168.10.22","8081","10.0.0.2","46884","88","518233","38"
,"37.250557000","36.000537000","6919","140","192.168.10.22","8081","10.0.0.2","46884","88","518321","38"
,"37.250569000","36.000549000","6920","140","192.168.10.22","8081","10.0.0.2","46884","88","518409","38"
,"37.250613000","36.000593000","6921","140","192.168.10.22","8081","10.0.0.2","46884","88","518497","38"
,"37.250626000","36.000606000","6922","140","192.168.10.22","8081","10.0.0.2","46884","88","518585","38"
,"37.250671000","36.000651000","6923","140","192.168.10.22","8081","10.0.0.2","46884","88","518673","38"
,"37.250685000","36.000665000","6924","140","192.168.10.22","8081","10.0.0.2","46884","88","518761","38"
,"37.312115000","36.062095000","6925","52","10.0.0.2","46884","192.168.10.22","8081","0","38","514009"
,"37.312125000","36.062105000","6926","52","10.0.0.2","46884","192.168.10.22","8081","0","38","514273"
,"37.313049000","36.063029000","6927","140","192.168.10.22","8081","10.0.0.2","46884","88","518849","38"
,"37.313088000","36.063068000","6928","140","192.168.10.22","8081","10.0.0.2","46884","88","518937","38"
,"37.313146000","36.063126000","6929","140","192.168.10.22","8081","10.0.0.2","46884","88","519025","38"
,"37.313158000","36.063138000","6930","140","192.168.10.22","8081","10.0.0.2","46884","88","519113","38"
,"37.313203000","36.063183000","6931","140","192.168.10.22","8081","10.0.0.2","46884","88","519201","38"
,"37.313219000","36.063199000","6932","140","192.168.10.22","8081","10.0.0.2","46884","88","519289","38"
,"37.313265000","36.063245000","6933","140","192.168.10.22","8081","10.0.0.2","46884","88","519377","38"
,"37.313280000","36.063260000","6934","140","192.168.10.22","8081","10.0.0.2","46884","88","519465","38"
,"37.313324000","36.063304000","6935","140","192.168.10.22","8081","10.0.0.2","46884","88","519553","38"
,"37.313337000","36.063317000","6936","140","192.168.10.22","8081","10.0.0.2","46884","88","519641","38"
,"37.374769000","36.124749000","6937","52","10.0.0.2","46884","192.168.10.22","8081","0","38","515241"
,"37.375774000","36.125754000","6938","140","192.168.10.22","8081","10.0.0.2","46884","88","519729","38"
,"37.375815000","36.125795000","6939","140","192.168.10.22","8081","10.0.0.2","46884","88","519817","38"
,"37.375922000","36.125902000","6940","140","192.168.10.22","8081","10.0.0.2","46884","88","519905","38"
,"37.375941000","36.125921000","6941","140","192.168.10.22","8081","10.0.0.2","46884","88","519993","38"
,"37.375992000","36.125972000","6942","140","192.168.10.22","8081","10.0.0.2","46884","88","520081","38"
,"37.376004000","36.125984000","6943","140","192.168.10.22","8081","10.0.0.2","46884","88","520169","38"
,"37.376049000","36.126029000","6944","140","192.168.10.22","8081","10.0.0.2","46884","88","520257","38"
,"37.376063000","36.126043000","6945","140","192.168.10.22","8081","10.0.0.2","46884","88","520345","38"
,"37.376107000","36.126087000","6946","140","192.168.10.22","8081","10.0.0.2","46884","88","520433","38"
,"37.376119000","36.126099000","6947","140","192.168.10.22","8081","10.0.0.2","46884","88","520521","38"
,"37.437409000","36.187389000","6948","52","10.0.0.2","46884","192.168.10.22","8081","0","38","515945"
,"37.437435000","36.187415000","6949","52","10.0.0.2","46884","192.168.10.22","8081","0","38","516121"
,"37.438450000","36.188430000","6950","140","192.168.10.22","8081","10.0.0.2","46884","88","520609","38"
,"37.438492000","36.188472000","6951","140","192.168.10.22","8081","10.0.0.2","46884","88","520697","38"
,"37.438553000","36.188533000","6952","140","192.168.10.22","8081","10.0.0.2","46884","88","520785","38"
,"37.438569000","36.188549000","6953","140","192.168.10.22","8081","10.0.0.2","46884","88","520873","38"
,"37.438625000","36.188605000","6954","140","192.168.10.22","8081","10.0.0.2","46884","88","520961","38"
,"37.438639000","36.188619000","6955","140","192.168.10.22","8081","10.0.0.2","46884","88","521049","38"
,"37.438684000","36.188664000","6956","140","192.168.10.22","8081","10.0.0.2","46884","88","521137","38"
,"37.438695000","36.188675000","6957","140","192.168.10.22","8081","10.0.0.2","46884","88","521225","38"
,"37.438739000","36.188719000","6958","140","192.168.10.22","8081","10.0.0.2","46884","88","521313","38"
,"37.438752000","36.188732000","6959","140","192.168.10.22","8081","10.0.0.2","46884","88","521401","38"
,"37.499896000","36.249876000","6960","52","10.0.0.2","46884","192.168.10.22","8081","0","38","516913"
,"37.499961000","36.249941000","6961","52","10.0.0.2","46884","192.168.10.22","8081","0","38","517089"
,"37.500976000","36.250956000","6962","140","192.168.10.22","8081","10.0.0.2","46884","88","521489","38"
,"37.501017000","36.250997000","6963","140","192.168.10.22","8081","10.0.0.2","46884","88","521577","38"
,"37.501083000","36.251063000","6964","140","192.168.10.22","8081","10.0.0.2","46884","88","521665","38"
,"37.501099000","36.251079000","6965","140","192.168.10.22","8081","10.0.0.2","46884","88","521753","38"
,"37.501146000","36.251126000","6966","140","192.168.10.22","8081","10.0.0.2","46884","88","521841","38"
,"37.501157000","36.251137000","6967","140","192.168.10.22","8081","10.0.0.2","46884","88","521929","38"
,"37.501202000","36.251182000","6968","140","192.168.10.22","8081","10.0.0.2","46884","88","522017","38"
,"37.501214000","36.251194000","6969","140","192.168.10.22","8081","10.0.0.2","46884","88","522105","38"
,"37.501259000","36.251239000","6970","140","192.168.10.22","8081","10.0.0.2","46884","88","522193","38"
,"37.501273000","36.251253000","6971","140","192.168.10.22","8081","10.0.0.2","46884","88","522281","38"
,"37.501318000","36.251298000","6972","140","192.168.10.22","8081","10.0.0.2","46884","88","522369","38"
,"37.501331000","36.251311000","6973","140","192.168.10.22","8081","10.0.0.2","46884","88","522457","38"
,"37.562559000","36.312539000","6974","52","10.0.0.2","46884","192.168.10.22","8081","0","38","517969"
,"37.563575000","36.313555000","6975","140","192.168.10.22","8081","10.0.0.2","46884","88","522545","38"
,"37.563616000","36.313596000","6976","140","192.168.10.22","8081","10.0.0.2","46884","88","522633","38"
,"37.563681000","36.313661000","6977","140","192.168.10.22","8081","10.0.0.2","46884","88","522721","38"
,"37.563696000","36.313676000","6978","140","192.168.10.22","8081","10.0.0.2","46884","88","522809","38"
,"37.563750000","36.313730000","6979","140","192.168.10.22","8081","10.0.0.2","46884","88","522897","38"
,"37.563764000","36.313744000","6980","140","192.168.10.22","8081","10.0.0.2","46884","88","522985","38"
,"37.563811000","36.313791000","6981","140","192.168.10.22","8081","10.0.0.2","46884","88","523073","38"
,"37.563824000","36.313804000","6982","140","192.168.10.22","8081","10.0.0.2","46884","88","523161","38"
,"37.563868000","36.313848000","6983","140","192.168.10.22","8081","10.0.0.2","46884","88","523249","38"
,"37.563912000","36.313892000","6984","140","192.168.10.22","8081","10.0.0.2","46884","88","523337","38"
,"37.624123000","36.374103000","6985","52","10.0.0.2","46884","192.168.10.22","8081","0","38","518849"
,"37.625110000","36.375090000","6986","140","192.168.10.22","8081","10.0.0.2","46884","88","523425","38"
,"37.625152000","36.375132000","6987","140","192.168.10.22","8081","10.0.0.2","46884","88","523513","38"
,"37.625212000","36.375192000","6988","140","192.168.10.22","8081","10.0.0.2","46884","88","523601","38"
,"37.625227000","36.375207000","6989","140","192.168.10.22","8081","10.0.0.2","46884","88","523689","38"
,"37.625284000","36.375264000","6990","140","192.168.10.22","8081","10.0.0.2","46884","88","523777","38"
,"37.625296000","36.375276000","6991","140","192.168.10.22","8081","10.0.0.2","46884","88","523865","38"
,"37.625341000","36.375321000","6992","140","192.168.10.22","8081","10.0.0.2","46884","88","523953","38"
,"37.625352000","36.375332000","6993","140","192.168.10.22","8081","10.0.0.2","46884","88","524041","38"
,"37.625396000","36.375376000","6994","140","192.168.10.22","8081","10.0.0.2","46884","88","524129","38"
,"37.625410000","36.375390000","6995","140","192.168.10.22","8081","10.0.0.2","46884","88","524217","38"
,"37.687985000","36.437965000","6996","52","10.0.0.2","46884","192.168.10.22","8081","0","38","519817"
,"37.689001000","36.438981000","6997","140","192.168.10.22","8081","10.0.0.2","46884","88","524305","38"
,"37.689043000","36.439023000","6998","140","192.168.10.22","8081","10.0.0.2","46884","88","524393","38"
,"37.689108000","36.439088000","6999","140","192.168.10.22","8081","10.0.0.2","46884","88","524481","38"
,"37.689123000","36.439103000","7000","140","192.168.10.22","8081","10.0.0.2","46884","88","524569","38"
,"37.689173000","36.439153000","7001","140","192.168.10.22","8081","10.0.0.2","46884","88","524657","38"
,"37.689185000","36.439165000","7002","140","192.168.10.22","8081","10.0.0.2","46884","88","524745","38"
,"37.689230000","36.439210000","7003","140","192.168.10.22","8081","10.0.0.2","46884","88","524833","38"
,"37.689242000","36.439222000","7004","140","192.168.10.22","8081","10.0.0.2","46884","88","524921","38"
,"37.689285000","36.439265000","7005","140","192.168.10.22","8081","10.0.0.2","46884","88","525009","38"
,"37.689299000","36.439279000","7006","140","192.168.10.22","8081","10.0.0.2","46884","88","525097","38"
,"37.749976000","36.499956000","7007","52","10.0.0.2","46884","192.168.10.22","8081","0","38","520609"
,"37.749999000","36.499979000","7008","52","10.0.0.2","46884","192.168.10.22","8081","0","38","520697"
,"37.751014000","36.500994000","7009","140","192.168.10.22","8081","10.0.0.2","46884","88","525185","38"
,"37.751056000","36.501036000","7010","140","192.168.10.22","8081","10.0.0.2","46884","88","525273","38"
,"37.751118000","36.501098000","7011","140","192.168.10.22","8081","10.0.0.2","46884","88","525361","38"
,"37.751134000","36.501114000","7012","140","192.168.10.22","8081","10.0.0.2","46884","88","525449","38"
,"37.751184000","36.501164000","7013","140","192.168.10.22","8081","10.0.0.2","46884","88","525537","38"
,"37.751197000","36.501177000","7014","140","192.168.10.22","8081","10.0.0.2","46884","88","525625","38"
,"37.751241000","36.501221000","7015","140","192.168.10.22","8081","10.0.0.2","46884","88","525713","38"
,"37.751252000","36.501232000","7016","140","192.168.10.22","8081","10.0.0.2","46884","88","525801","38"
,"37.751297000","36.501277000","7017","140","192.168.10.22","8081","10.0.0.2","46884","88","525889","38"
,"37.751311000","36.501291000","7018","140","192.168.10.22","8081","10.0.0.2","46884","88","525977","38"
,"37.812225000","36.562205000","7019","52","10.0.0.2","46884","192.168.10.22","8081","0","38","521137"
,"37.812234000","36.562214000","7020","52","10.0.0.2","46884","192.168.10.22","8081","0","38","521577"
,"37.812238000","36.562218000","7021","52","10.0.0.2","46884","192.168.10.22","8081","0","38","521665"
,"37.813114000","36.563094000","7022","140","192.168.10.22","8081","10.0.0.2","46884","88","526065","38"
,"37.813150000","36.563130000","7023","140","192.168.10.22","8081","10.0.0.2","46884","88","526153","38"
,"37.813203000","36.563183000","7024","140","192.168.10.22","8081","10.0.0.2","46884","88","526241","38"
,"37.813216000","36.563196000","7025","140","192.168.10.22","8081","10.0.0.2","46884","88","526329","38"
,"37.813261000","36.563241000","7026","140","192.168.10.22","8081","10.0.0.2","46884","88","526417","38"
,"37.813273000","36.563253000","7027","140","192.168.10.22","8081","10.0.0.2","46884","88","526505","38"
,"37.813317000","36.563297000","7028","140","192.168.10.22","8081","10.0.0.2","46884","88","526593","38"
,"37.813328000","36.563308000","7029","140","192.168.10.22","8081","10.0.0.2","46884","88","526681","38"
,"37.813372000","36.563352000","7030","140","192.168.10.22","8081","10.0.0.2","46884","88","526769","38"
,"37.813385000","36.563365000","7031","140","192.168.10.22","8081","10.0.0.2","46884","88","526857","38"
,"37.813430000","36.563410000","7032","140","192.168.10.22","8081","10.0.0.2","46884","88","526945","38"
,"37.813444000","36.563424000","7033","140","192.168.10.22","8081","10.0.0.2","46884","88","527033","38"
,"37.874989000","36.624969000","7034","52","10.0.0.2","46884","192.168.10.22","8081","0","38","522545"
,"37.875995000","36.625975000","7035","140","192.168.10.22","8081","10.0.0.2","46884","88","527121","38"
,"37.876037000","36.626017000","7036","140","192.168.10.22","8081","10.0.0.2","46884","88","527209","38"
,"37.876103000","36.626083000","7037","140","192.168.10.22","8081","10.0.0.2","46884","88","527297","38"
,"37.876122000","36.626102000","7038","140","192.168.10.22","8081","10.0.0.2","46884","88","527385","38"
,"37.876171000","36.626151000","7039","140","192.168.10.22","8081","10.0.0.2","46884","88","527473","38"
,"37.876183000","36.626163000","7040","140","192.168.10.22","8081","10.0.0.2","46884","88","527561","38"
,"37.876229000","36.626209000","7041","140","192.168.10.22","8081","10.0.0.2","46884","88","527649","38"
,"37.876241000","36.626221000","7042","140","192.168.10.22","8081","10.0.0.2","46884","88","527737","38"
,"37.876285000","36.626265000","7043","140","192.168.10.22","8081","10.0.0.2","46884","88","527825","38"
,"37.876298000","36.626278000","7044","140","192.168.10.22","8081","10.0.0.2","46884","88","527913","38"
,"37.937115000","36.687095000","7045","52","10.0.0.2","46884","192.168.10.22","8081","0","38","523337"
,"37.937142000","36.687122000","7046","52","10.0.0.2","46884","192.168.10.22","8081","0","38","523513"
,"37.938028000","36.688008000","7047","140","192.168.10.22","8081","10.0.0.2","46884","88","528001","38"
,"37.938065000","36.688045000","7048","140","192.168.10.22","8081","10.0.0.2","46884","88","528089","38"
,"37.938115000","36.688095000","7049","140","192.168.10.22","8081","10.0.0.2","46884","88","528177","38"
,"37.938127000","36.688107000","7050","140","192.168.10.22","8081","10.0.0.2","46884","88","528265","38"
,"37.938173000","36.688153000","7051","140","192.168.10.22","8081","10.0.0.2","46884","88","528353","38"
,"37.938185000","36.688165000","7052","140","192.168.10.22","8081","10.0.0.2","46884","88","528441","38"
,"37.938230000","36.688210000","7053","140","192.168.10.22","8081","10.0.0.2","46884","88","528529","38"
,"37.938241000","36.688221000","7054","140","192.168.10.22","8081","10.0.0.2","46884","88","528617","38"
,"37.938286000","36.688266000","7055","140","192.168.10.22","8081","10.0.0.2","46884","88","528705","38"
,"37.938299000","36.688279000","7056","140","192.168.10.22","8081","10.0.0.2","46884","88","528793","38"
,"37.999263000","36.749243000","7057","52","10.0.0.2","46884","192.168.10.22","8081","0","38","523953"
,"37.999290000","36.749270000","7058","52","10.0.0.2","46884","192.168.10.22","8081","0","38","524393"
,"38.000186000","36.750166000","7059","140","192.168.10.22","8081","10.0.0.2","46884","88","528881","38"
,"38.000223000","36.750203000","7060","140","192.168.10.22","8081","10.0.0.2","46884","88","528969","38"
,"38.000277000","36.750257000","7061","140","192.168.10.22","8081","10.0.0.2","46884","88","529057","38"
,"38.000289000","36.750269000","7062","140","192.168.10.22","8081","10.0.0.2","46884","88","529145","38"
,"38.000334000","36.750314000","7063","140","192.168.10.22","8081","10.0.0.2","46884","88","529233","38"
,"38.000346000","36.750326000","7064","140","192.168.10.22","8081","10.0.0.2","46884","88","529321","38"
,"38.000391000","36.750371000","7065","140","192.168.10.22","8081","10.0.0.2","46884","88","529409","38"
,"38.000404000","36.750384000","7066","140","192.168.10.22","8081","10.0.0.2","46884","88","529497","38"
,"38.000449000","36.750429000","7067","140","192.168.10.22","8081","10.0.0.2","46884","88","529585","38"
,"38.000463000","36.750443000","7068","140","192.168.10.22","8081","10.0.0.2","46884","88","529673","38"
,"38.062727000","36.812707000","7069","52","10.0.0.2","46884","192.168.10.22","8081","0","38","525361"
,"38.063764000","36.813744000","7070","140","192.168.10.22","8081","10.0.0.2","46884","88","529761","38"
,"38.063805000","36.813785000","7071","140","192.168.10.22","8081","10.0.0.2","46884","88","529849","38"
,"38.063867000","36.813847000","7072","140","192.168.10.22","8081","10.0.0.2","46884","88","529937","38"
,"38.063918000","36.813898000","7073","140","192.168.10.22","8081","10.0.0.2","46884","88","530025","38"
,"38.063973000","36.813953000","7074","140","192.168.10.22","8081","10.0.0.2","46884","88","530113","38"
,"38.063984000","36.813964000","7075","140","192.168.10.22","8081","10.0.0.2","46884","88","530201","38"
,"38.064029000","36.814009000","7076","140","192.168.10.22","8081","10.0.0.2","46884","88","530289","38"
,"38.064042000","36.814022000","7077","140","192.168.10.22","8081","10.0.0.2","46884","88","530377","38"
,"38.064088000","36.814068000","7078","140","192.168.10.22","8081","10.0.0.2","46884","88","530465","38"
,"38.064104000","36.814084000","7079","140","192.168.10.22","8081","10.0.0.2","46884","88","530553","38"
,"38.064149000","36.814129000","7080","140","192.168.10.22","8081","10.0.0.2","46884","88","530641","38"
,"38.064160000","36.814140000","7081","140","192.168.10.22","8081","10.0.0.2","46884","88","530729","38"
,"38.124766000","36.874746000","7082","52","10.0.0.2","46884","192.168.10.22","8081","0","38","526153"
,"38.124775000","36.874755000","7083","52","10.0.0.2","46884","192.168.10.22","8081","0","38","526241"
,"38.125777000","36.875757000","7084","140","192.168.10.22","8081","10.0.0.2","46884","88","530817","38"
,"38.125818000","36.875798000","7085","140","192.168.10.22","8081","10.0.0.2","46884","88","530905","38"
,"38.125914000","36.875894000","7086","140","192.168.10.22","8081","10.0.0.2","46884","88","530993","38"
,"38.125934000","36.875914000","7087","140","192.168.10.22","8081","10.0.0.2","46884","88","531081","38"
,"38.125984000","36.875964000","7088","140","192.168.10.22","8081","10.0.0.2","46884","88","531169","38"
,"38.125996000","36.875976000","7089","140","192.168.10.22","8081","10.0.0.2","46884","88","531257","38"
,"38.126040000","36.876020000","7090","140","192.168.10.22","8081","10.0.0.2","46884","88","531345","38"
,"38.126051000","36.876031000","7091","140","192.168.10.22","8081","10.0.0.2","46884","88","531433","38"
,"38.126097000","36.876077000","7092","140","192.168.10.22","8081","10.0.0.2","46884","88","531521","38"
,"38.126112000","36.876092000","7093","140","192.168.10.22","8081","10.0.0.2","46884","88","531609","38"
,"38.187361000","36.937341000","7094","52","10.0.0.2","46884","192.168.10.22","8081","0","38","526593"
,"38.187388000","36.937368000","7095","52","10.0.0.2","46884","192.168.10.22","8081","0","38","527121"
,"38.188396000","36.938376000","7096","140","192.168.10.22","8081","10.0.0.2","46884","88","531697","38"
,"38.188437000","36.938417000","7097","140","192.168.10.22","8081","10.0.0.2","46884","88","531785","38"
,"38.188502000","36.938482000","7098","140","192.168.10.22","8081","10.0.0.2","46884","88","531873","38"
,"38.188518000","36.938498000","7099","140","192.168.10.22","8081","10.0.0.2","46884","88","531961","38"
,"38.188573000","36.938553000","7100","140","192.168.10.22","8081","10.0.0.2","46884","88","532049","38"
,"38.188586000","36.938566000","7101","140","192.168.10.22","8081","10.0.0.2","46884","88","532137","38"
,"38.188633000","36.938613000","7102","140","192.168.10.22","8081","10.0.0.2","46884","88","532225","38"
,"38.188645000","36.938625000","7103","140","192.168.10.22","8081","10.0.0.2","46884","88","532313","38"
,"38.188689000","36.938669000","7104","140","192.168.10.22","8081","10.0.0.2","46884","88","532401","38"
,"38.188703000","36.938683000","7105","140","192.168.10.22","8081","10.0.0.2","46884","88","532489","38"
,"38.249743000","36.999723000","7106","52","10.0.0.2","46884","192.168.10.22","8081","0","38","527913"
,"38.249769000","36.999749000","7107","52","10.0.0.2","46884","192.168.10.22","8081","0","38","528089"
,"38.250815000","37.000795000","7108","140","192.168.10.22","8081","10.0.0.2","46884","88","532577","38"
,"38.250857000","37.000837000","7109","140","192.168.10.22","8081","10.0.0.2","46884","88","532665","38"
,"38.250972000","37.000952000","7110","140","192.168.10.22","8081","10.0.0.2","46884","88","532753","38"
,"38.250990000","37.000970000","7111","140","192.168.10.22","8081","10.0.0.2","46884","88","532841","38"
,"38.251038000","37.001018000","7112","140","192.168.10.22","8081","10.0.0.2","46884","88","532929","38"
,"38.251052000","37.001032000","7113","140","192.168.10.22","8081","10.0.0.2","46884","88","533017","38"
,"38.251097000","37.001077000","7114","140","192.168.10.22","8081","10.0.0.2","46884","88","533105","38"
,"38.251110000","37.001090000","7115","140","192.168.10.22","8081","10.0.0.2","46884","88","533193","38"
,"38.251155000","37.001135000","7116","140","192.168.10.22","8081","10.0.0.2","46884","88","533281","38"
,"38.251169000","37.001149000","7117","140","192.168.10.22","8081","10.0.0.2","46884","88","533369","38"
,"38.312273000","37.062253000","7118","52","10.0.0.2","46884","192.168.10.22","8081","0","38","528881"
,"38.312282000","37.062262000","7119","52","10.0.0.2","46884","192.168.10.22","8081","0","38","528969"
,"38.313276000","37.063256000","7120","140","192.168.10.22","8081","10.0.0.2","46884","88","533457","38"
,"38.313319000","37.063299000","7121","140","192.168.10.22","8081","10.0.0.2","46884","88","533545","38"
,"38.313385000","37.063365000","7122","140","192.168.10.22","8081","10.0.0.2","46884","88","533633","38"
,"38.313401000","37.063381000","7123","140","192.168.10.22","8081","10.0.0.2","46884","88","533721","38"
,"38.313455000","37.063435000","7124","140","192.168.10.22","8081","10.0.0.2","46884","88","533809","38"
,"38.313468000","37.063448000","7125","140","192.168.10.22","8081","10.0.0.2","46884","88","533897","38"
,"38.313514000","37.063494000","7126","140","192.168.10.22","8081","10.0.0.2","46884","88","533985","38"
,"38.313526000","37.063506000","7127","140","192.168.10.22","8081","10.0.0.2","46884","88","534073","38"
,"38.313570000","37.063550000","7128","140","192.168.10.22","8081","10.0.0.2","46884","88","534161","38"
,"38.313584000","37.063564000","7129","140","192.168.10.22","8081","10.0.0.2","46884","88","534249","38"
,"38.374613000","37.124593000","7130","52","10.0.0.2","46884","192.168.10.22","8081","0","38","529937"
,"38.375552000","37.125532000","7131","140","192.168.10.22","8081","10.0.0.2","46884","88","534337","38"
,"38.375593000","37.125573000","7132","140","192.168.10.22","8081","10.0.0.2","46884","88","534425","38"
,"38.375656000","37.125636000","7133","140","192.168.10.22","8081","10.0.0.2","46884","88","534513","38"
,"38.375675000","37.125655000","7134","140","192.168.10.22","8081","10.0.0.2","46884","88","534601","38"
,"38.375731000","37.125711000","7135","140","192.168.10.22","8081","10.0.0.2","46884","88","534689","38"
,"38.375745000","37.125725000","7136","140","192.168.10.22","8081","10.0.0.2","46884","88","534777","38"
,"38.375791000","37.125771000","7137","140","192.168.10.22","8081","10.0.0.2","46884","88","534865","38"
,"38.375813000","37.125793000","7138","140","192.168.10.22","8081","10.0.0.2","46884","88","534953","38"
,"38.375858000","37.125838000","7139","140","192.168.10.22","8081","10.0.0.2","46884","88","535041","38"
,"38.375872000","37.125852000","7140","140","192.168.10.22","8081","10.0.0.2","46884","88","535129","38"
,"38.375958000","37.125938000","7141","140","192.168.10.22","8081","10.0.0.2","46884","88","535217","38"
,"38.375972000","37.125952000","7142","140","192.168.10.22","8081","10.0.0.2","46884","88","535305","38"
,"38.437767000","37.187747000","7143","52","10.0.0.2","46884","192.168.10.22","8081","0","38","530729"
,"38.437790000","37.187770000","7144","52","10.0.0.2","46884","192.168.10.22","8081","0","38","530817"
,"38.438800000","37.188780000","7145","140","192.168.10.22","8081","10.0.0.2","46884","88","535393","38"
,"38.438841000","37.188821000","7146","140","192.168.10.22","8081","10.0.0.2","46884","88","535481","38"
,"38.438945000","37.188925000","7147","140","192.168.10.22","8081","10.0.0.2","46884","88","535569","38"
,"38.438964000","37.188944000","7148","140","192.168.10.22","8081","10.0.0.2","46884","88","535657","38"
,"38.439013000","37.188993000","7149","140","192.168.10.22","8081","10.0.0.2","46884","88","535745","38"
,"38.439026000","37.189006000","7150","140","192.168.10.22","8081","10.0.0.2","46884","88","535833","38"
,"38.439071000","37.189051000","7151","140","192.168.10.22","8081","10.0.0.2","46884","88","535921","38"
,"38.439084000","37.189064000","7152","140","192.168.10.22","8081","10.0.0.2","46884","88","536009","38"
,"38.439130000","37.189110000","7153","140","192.168.10.22","8081","10.0.0.2","46884","88","536097","38"
,"38.439143000","37.189123000","7154","140","192.168.10.22","8081","10.0.0.2","46884","88","536185","38"
,"38.499149000","37.249129000","7155","52","10.0.0.2","46884","192.168.10.22","8081","0","38","531609"
,"38.499176000","37.249156000","7156","52","10.0.0.2","46884","192.168.10.22","8081","0","38","531785"
,"38.500180000","37.250160000","7157","140","192.168.10.22","8081","10.0.0.2","46884","88","536273","38"
,"38.500223000","37.250203000","7158","140","192.168.10.22","8081","10.0.0.2","46884","88","536361","38"
,"38.500288000","37.250268000","7159","140","192.168.10.22","8081","10.0.0.2","46884","88","536449","38"
,"38.500303000","37.250283000","7160","140","192.168.10.22","8081","10.0.0.2","46884","88","536537","38"
,"38.500355000","37.250335000","7161","140","192.168.10.22","8081","10.0.0.2","46884","88","536625","38"
,"38.500368000","37.250348000","7162","140","192.168.10.22","8081","10.0.0.2","46884","88","536713","38"
,"38.500413000","37.250393000","7163","140","192.168.10.22","8081","10.0.0.2","46884","88","536801","38"
,"38.500425000","37.250405000","7164","140","192.168.10.22","8081","10.0.0.2","46884","88","536889","38"
,"38.500470000","37.250450000","7165","140","192.168.10.22","8081","10.0.0.2","46884","88","536977","38"
,"38.500484000","37.250464000","7166","140","192.168.10.22","8081","10.0.0.2","46884","88","537065","38"
,"38.562408000","37.312388000","7167","52","10.0.0.2","46884","192.168.10.22","8081","0","38","532665"
,"38.563273000","37.313253000","7168","140","192.168.10.22","8081","10.0.0.2","46884","88","537153","38"
,"38.563310000","37.313290000","7169","140","192.168.10.22","8081","10.0.0.2","46884","88","537241","38"
,"38.563359000","37.313339000","7170","140","192.168.10.22","8081","10.0.0.2","46884","88","537329","38"
,"38.563371000","37.313351000","7171","140","192.168.10.22","8081","10.0.0.2","46884","88","537417","38"
,"38.563417000","37.313397000","7172","140","192.168.10.22","8081","10.0.0.2","46884","88","537505","38"
,"38.563428000","37.313408000","7173","140","192.168.10.22","8081","10.0.0.2","46884","88","537593","38"
,"38.563472000","37.313452000","7174","140","192.168.10.22","8081","10.0.0.2","46884","88","537681","38"
,"38.563483000","37.313463000","7175","140","192.168.10.22","8081","10.0.0.2","46884","88","537769","38"
,"38.563529000","37.313509000","7176","140","192.168.10.22","8081","10.0.0.2","46884","88","537857","38"
,"38.563543000","37.313523000","7177","140","192.168.10.22","8081","10.0.0.2","46884","88","537945","38"
,"38.624562000","37.374542000","7178","52","10.0.0.2","46884","192.168.10.22","8081","0","38","533633"
,"38.625521000","37.375501000","7179","140","192.168.10.22","8081","10.0.0.2","46884","88","538033","38"
,"38.625564000","37.375544000","7180","140","192.168.10.22","8081","10.0.0.2","46884","88","538121","38"
,"38.625628000","37.375608000","7181","140","192.168.10.22","8081","10.0.0.2","46884","88","538209","38"
,"38.625645000","37.375625000","7182","140","192.168.10.22","8081","10.0.0.2","46884","88","538297","38"
,"38.625695000","37.375675000","7183","140","192.168.10.22","8081","10.0.0.2","46884","88","538385","38"
,"38.625708000","37.375688000","7184","140","192.168.10.22","8081","10.0.0.2","46884","88","538473","38"
,"38.625752000","37.375732000","7185","140","192.168.10.22","8081","10.0.0.2","46884","88","538561","38"
,"38.625763000","37.375743000","7186","140","192.168.10.22","8081","10.0.0.2","46884","88","538649","38"
,"38.625808000","37.375788000","7187","140","192.168.10.22","8081","10.0.0.2","46884","88","538737","38"
,"38.625822000","37.375802000","7188","140","192.168.10.22","8081","10.0.0.2","46884","88","538825","38"
,"38.625867000","37.375847000","7189","140","192.168.10.22","8081","10.0.0.2","46884","88","538913","38"
,"38.625907000","37.375887000","7190","140","192.168.10.22","8081","10.0.0.2","46884","88","539001","38"
,"38.687156000","37.437136000","7191","52","10.0.0.2","46884","192.168.10.22","8081","0","38","534513"
,"38.688193000","37.438173000","7192","140","192.168.10.22","8081","10.0.0.2","46884","88","539089","38"
,"38.688234000","37.438214000","7193","140","192.168.10.22","8081","10.0.0.2","46884","88","539177","38"
,"38.688295000","37.438275000","7194","140","192.168.10.22","8081","10.0.0.2","46884","88","539265","38"
,"38.688311000","37.438291000","7195","140","192.168.10.22","8081","10.0.0.2","46884","88","539353","38"
,"38.688367000","37.438347000","7196","140","192.168.10.22","8081","10.0.0.2","46884","88","539441","38"
,"38.688380000","37.438360000","7197","140","192.168.10.22","8081","10.0.0.2","46884","88","539529","38"
,"38.688425000","37.438405000","7198","140","192.168.10.22","8081","10.0.0.2","46884","88","539617","38"
,"38.688436000","37.438416000","7199","140","192.168.10.22","8081","10.0.0.2","46884","88","539705","38"
,"38.688480000","37.438460000","7200","140","192.168.10.22","8081","10.0.0.2","46884","88","539793","38"
,"38.688494000","37.438474000","7201","140","192.168.10.22","8081","10.0.0.2","46884","88","539881","38"
,"38.749188000","37.499168000","7202","52","10.0.0.2","46884","192.168.10.22","8081","0","38","535305"
,"38.749214000","37.499194000","7203","52","10.0.0.2","46884","192.168.10.22","8081","0","38","535393"
,"38.750156000","37.500136000","7204","140","192.168.10.22","8081","10.0.0.2","46884","88","539969","38"
,"38.750197000","37.500177000","7205","140","192.168.10.22","8081","10.0.0.2","46884","88","540057","38"
,"38.750249000","37.500229000","7206","140","192.168.10.22","8081","10.0.0.2","46884","88","540145","38"
,"38.750261000","37.500241000","7207","140","192.168.10.22","8081","10.0.0.2","46884","88","540233","38"
,"38.750307000","37.500287000","7208","140","192.168.10.22","8081","10.0.0.2","46884","88","540321","38"
,"38.750318000","37.500298000","7209","140","192.168.10.22","8081","10.0.0.2","46884","88","540409","38"
,"38.750364000","37.500344000","7210","140","192.168.10.22","8081","10.0.0.2","46884","88","540497","38"
,"38.750376000","37.500356000","7211","140","192.168.10.22","8081","10.0.0.2","46884","88","540585","38"
,"38.750419000","37.500399000","7212","140","192.168.10.22","8081","10.0.0.2","46884","88","540673","38"
,"38.750432000","37.500412000","7213","140","192.168.10.22","8081","10.0.0.2","46884","88","540761","38"
,"38.812392000","37.562372000","7214","52","10.0.0.2","46884","192.168.10.22","8081","0","38","536185"
,"38.812402000","37.562382000","7215","52","10.0.0.2","46884","192.168.10.22","8081","0","38","536361"
,"38.813250000","37.563230000","7216","140","192.168.10.22","8081","10.0.0.2","46884","88","540849","38"
,"38.813287000","37.563267000","7217","140","192.168.10.22","8081","10.0.0.2","46884","88","540937","38"
,"38.813338000","37.563318000","7218","140","192.168.10.22","8081","10.0.0.2","46884","88","541025","38"
,"38.813350000","37.563330000","7219","140","192.168.10.22","8081","10.0.0.2","46884","88","541113","38"
,"38.813396000","37.563376000","7220","140","192.168.10.22","8081","10.0.0.2","46884","88","541201","38"
,"38.813407000","37.563387000","7221","140","192.168.10.22","8081","10.0.0.2","46884","88","541289","38"
,"38.813451000","37.563431000","7222","140","192.168.10.22","8081","10.0.0.2","46884","88","541377","38"
,"38.813462000","37.563442000","7223","140","192.168.10.22","8081","10.0.0.2","46884","88","541465","38"
,"38.813507000","37.563487000","7224","140","192.168.10.22","8081","10.0.0.2","46884","88","541553","38"
,"38.813520000","37.563500000","7225","140","192.168.10.22","8081","10.0.0.2","46884","88","541641","38"
,"38.874400000","37.624380000","7226","52","10.0.0.2","46884","192.168.10.22","8081","0","38","537241"
,"38.875258000","37.625238000","7227","140","192.168.10.22","8081","10.0.0.2","46884","88","541729","38"
,"38.875294000","37.625274000","7228","140","192.168.10.22","8081","10.0.0.2","46884","88","541817","38"
,"38.875346000","37.625326000","7229","140","192.168.10.22","8081","10.0.0.2","46884","88","541905","38"
,"38.875359000","37.625339000","7230","140","192.168.10.22","8081","10.0.0.2","46884","88","541993","38"
,"38.875404000","37.625384000","7231","140","192.168.10.22","8081","10.0.0.2","46884","88","542081","38"
,"38.875416000","37.625396000","7232","140","192.168.10.22","8081","10.0.0.2","46884","88","542169","38"
,"38.875461000","37.625441000","7233","140","192.168.10.22","8081","10.0.0.2","46884","88","542257","38"
,"38.875473000","37.625453000","7234","140","192.168.10.22","8081","10.0.0.2","46884","88","542345","38"
,"38.875516000","37.625496000","7235","140","192.168.10.22","8081","10.0.0.2","46884","88","542433","38"
,"38.875529000","37.625509000","7236","140","192.168.10.22","8081","10.0.0.2","46884","88","542521","38"
,"38.937079000","37.687059000","7237","52","10.0.0.2","46884","192.168.10.22","8081","0","38","538033"
,"38.937106000","37.687086000","7238","52","10.0.0.2","46884","192.168.10.22","8081","0","38","538209"
,"38.938046000","37.688026000","7239","140","192.168.10.22","8081","10.0.0.2","46884","88","542609","38"
,"38.938086000","37.688066000","7240","140","192.168.10.22","8081","10.0.0.2","46884","88","542697","38"
,"38.938138000","37.688118000","7241","140","192.168.10.22","8081","10.0.0.2","46884","88","542785","38"
,"38.938150000","37.688130000","7242","140","192.168.10.22","8081","10.0.0.2","46884","88","542873","38"
,"38.938196000","37.688176000","7243","140","192.168.10.22","8081","10.0.0.2","46884","88","542961","38"
,"38.938208000","37.688188000","7244","140","192.168.10.22","8081","10.0.0.2","46884","88","543049","38"
,"38.938253000","37.688233000","7245","140","192.168.10.22","8081","10.0.0.2","46884","88","543137","38"
,"38.938265000","37.688245000","7246","140","192.168.10.22","8081","10.0.0.2","46884","88","543225","38"
,"38.938311000","37.688291000","7247","140","192.168.10.22","8081","10.0.0.2","46884","88","543313","38"
,"38.938325000","37.688305000","7248","140","192.168.10.22","8081","10.0.0.2","46884","88","543401","38"
,"38.938370000","37.688350000","7249","140","192.168.10.22","8081","10.0.0.2","46884","88","543489","38"
,"38.938381000","37.688361000","7250","140","192.168.10.22","8081","10.0.0.2","46884","88","543577","38"
,"38.999376000","37.749356000","7251","52","10.0.0.2","46884","192.168.10.22","8081","0","38","539001"
,"38.999403000","37.749383000","7252","52","10.0.0.2","46884","192.168.10.22","8081","0","38","539089"
,"39.000307000","37.750287000","7253","140","192.168.10.22","8081","10.0.0.2","46884","88","543665","38"
,"39.000345000","37.750325000","7254","140","192.168.10.22","8081","10.0.0.2","46884","88","543753","38"
,"39.000406000","37.750386000","7255","140","192.168.10.22","8081","10.0.0.2","46884","88","543841","38"
,"39.000420000","37.750400000","7256","140","192.168.10.22","8081","10.0.0.2","46884","88","543929","38"
,"39.000469000","37.750449000","7257","140","192.168.10.22","8081","10.0.0.2","46884","88","544017","38"
,"39.000482000","37.750462000","7258","140","192.168.10.22","8081","10.0.0.2","46884","88","544105","38"
,"39.000531000","37.750511000","7259","140","192.168.10.22","8081","10.0.0.2","46884","88","544193","38"
,"39.000551000","37.750531000","7260","140","192.168.10.22","8081","10.0.0.2","46884","88","544281","38"
,"39.000596000","37.750576000","7261","140","192.168.10.22","8081","10.0.0.2","46884","88","544369","38"
,"39.000609000","37.750589000","7262","140","192.168.10.22","8081","10.0.0.2","46884","88","544457","38"
,"39.062167000","37.812147000","7263","52","10.0.0.2","46884","192.168.10.22","8081","0","38","539265"
,"39.062192000","37.812172000","7264","52","10.0.0.2","46884","192.168.10.22","8081","0","38","540057"
,"39.063129000","37.813109000","7265","140","192.168.10.22","8081","10.0.0.2","46884","88","544545","38"
,"39.063168000","37.813148000","7266","140","192.168.10.22","8081","10.0.0.2","46884","88","544633","38"
,"39.063219000","37.813199000","7267","140","192.168.10.22","8081","10.0.0.2","46884","88","544721","38"
,"39.063231000","37.813211000","7268","140","192.168.10.22","8081","10.0.0.2","46884","88","544809","38"
,"39.063276000","37.813256000","7269","140","192.168.10.22","8081","10.0.0.2","46884","88","544897","38"
,"39.063288000","37.813268000","7270","140","192.168.10.22","8081","10.0.0.2","46884","88","544985","38"
,"39.063332000","37.813312000","7271","140","192.168.10.22","8081","10.0.0.2","46884","88","545073","38"
,"39.063344000","37.813324000","7272","140","192.168.10.22","8081","10.0.0.2","46884","88","545161","38"
,"39.063389000","37.813369000","7273","140","192.168.10.22","8081","10.0.0.2","46884","88","545249","38"
,"39.063403000","37.813383000","7274","140","192.168.10.22","8081","10.0.0.2","46884","88","545337","38"
,"39.124436000","37.874416000","7275","52","10.0.0.2","46884","192.168.10.22","8081","0","38","540849"
,"39.124446000","37.874426000","7276","52","10.0.0.2","46884","192.168.10.22","8081","0","38","540937"
,"39.125320000","37.875300000","7277","140","192.168.10.22","8081","10.0.0.2","46884","88","545425","38"
,"39.125356000","37.875336000","7278","140","192.168.10.22","8081","10.0.0.2","46884","88","545513","38"
,"39.125407000","37.875387000","7279","140","192.168.10.22","8081","10.0.0.2","46884","88","545601","38"
,"39.125419000","37.875399000","7280","140","192.168.10.22","8081","10.0.0.2","46884","88","545689","38"
,"39.125464000","37.875444000","7281","140","192.168.10.22","8081","10.0.0.2","46884","88","545777","38"
,"39.125476000","37.875456000","7282","140","192.168.10.22","8081","10.0.0.2","46884","88","545865","38"
,"39.125520000","37.875500000","7283","140","192.168.10.22","8081","10.0.0.2","46884","88","545953","38"
,"39.125532000","37.875512000","7284","140","192.168.10.22","8081","10.0.0.2","46884","88","546041","38"
,"39.125576000","37.875556000","7285","140","192.168.10.22","8081","10.0.0.2","46884","88","546129","38"
,"39.125589000","37.875569000","7286","140","192.168.10.22","8081","10.0.0.2","46884","88","546217","38"
,"39.187838000","37.937818000","7287","52","10.0.0.2","46884","192.168.10.22","8081","0","38","541905"
,"39.188861000","37.938841000","7288","140","192.168.10.22","8081","10.0.0.2","46884","88","546305","38"
,"39.188930000","37.938910000","7289","140","192.168.10.22","8081","10.0.0.2","46884","88","546393","38"
,"39.189002000","37.938982000","7290","140","192.168.10.22","8081","10.0.0.2","46884","88","546481","38"
,"39.189018000","37.938998000","7291","140","192.168.10.22","8081","10.0.0.2","46884","88","546569","38"
,"39.189064000","37.939044000","7292","140","192.168.10.22","8081","10.0.0.2","46884","88","546657","38"
,"39.189075000","37.939055000","7293","140","192.168.10.22","8081","10.0.0.2","46884","88","546745","38"
,"39.189120000","37.939100000","7294","140","192.168.10.22","8081","10.0.0.2","46884","88","546833","38"
,"39.189143000","37.939123000","7295","140","192.168.10.22","8081","10.0.0.2","46884","88","546921","38"
,"39.189187000","37.939167000","7296","140","192.168.10.22","8081","10.0.0.2","46884","88","547009","38"
,"39.189200000","37.939180000","7297","140","192.168.10.22","8081","10.0.0.2","46884","88","547097","38"
,"39.189245000","37.939225000","7298","140","192.168.10.22","8081","10.0.0.2","46884","88","547185","38"
,"39.189258000","37.939238000","7299","140","192.168.10.22","8081","10.0.0.2","46884","88","547273","38"
,"39.249336000","37.999316000","7300","52","10.0.0.2","46884","192.168.10.22","8081","0","38","542257"
,"39.249363000","37.999343000","7301","52","10.0.0.2","46884","192.168.10.22","8081","0","38","542785"
,"39.250376000","38.000356000","7302","140","192.168.10.22","8081","10.0.0.2","46884","88","547361","38"
,"39.250421000","38.000401000","7303","140","192.168.10.22","8081","10.0.0.2","46884","88","547449","38"
,"39.250486000","38.000466000","7304","140","192.168.10.22","8081","10.0.0.2","46884","88","547537","38"
,"39.250502000","38.000482000","7305","140","192.168.10.22","8081","10.0.0.2","46884","88","547625","38"
,"39.250552000","38.000532000","7306","140","192.168.10.22","8081","10.0.0.2","46884","88","547713","38"
,"39.250564000","38.000544000","7307","140","192.168.10.22","8081","10.0.0.2","46884","88","547801","38"
,"39.250610000","38.000590000","7308","140","192.168.10.22","8081","10.0.0.2","46884","88","547889","38"
,"39.250621000","38.000601000","7309","140","192.168.10.22","8081","10.0.0.2","46884","88","547977","38"
,"39.250666000","38.000646000","7310","140","192.168.10.22","8081","10.0.0.2","46884","88","548065","38"
,"39.250680000","38.000660000","7311","140","192.168.10.22","8081","10.0.0.2","46884","88","548153","38"
,"39.312287000","38.062267000","7312","52","10.0.0.2","46884","192.168.10.22","8081","0","38","543577"
,"39.312296000","38.062276000","7313","52","10.0.0.2","46884","192.168.10.22","8081","0","38","543665"
,"39.313155000","38.063135000","7314","140","192.168.10.22","8081","10.0.0.2","46884","88","548241","38"
,"39.313192000","38.063172000","7315","140","192.168.10.22","8081","10.0.0.2","46884","88","548329","38"
,"39.313243000","38.063223000","7316","140","192.168.10.22","8081","10.0.0.2","46884","88","548417","38"
,"39.313256000","38.063236000","7317","140","192.168.10.22","8081","10.0.0.2","46884","88","548505","38"
,"39.313301000","38.063281000","7318","140","192.168.10.22","8081","10.0.0.2","46884","88","548593","38"
,"39.313313000","38.063293000","7319","140","192.168.10.22","8081","10.0.0.2","46884","88","548681","38"
,"39.313358000","38.063338000","7320","140","192.168.10.22","8081","10.0.0.2","46884","88","548769","38"
,"39.313370000","38.063350000","7321","140","192.168.10.22","8081","10.0.0.2","46884","88","548857","38"
,"39.313414000","38.063394000","7322","140","192.168.10.22","8081","10.0.0.2","46884","88","548945","38"
,"39.313428000","38.063408000","7323","140","192.168.10.22","8081","10.0.0.2","46884","88","549033","38"
,"39.374075000","38.124055000","7324","52","10.0.0.2","46884","192.168.10.22","8081","0","38","543841"
,"39.374102000","38.124082000","7325","52","10.0.0.2","46884","192.168.10.22","8081","0","38","544633"
,"39.375016000","38.124996000","7326","140","192.168.10.22","8081","10.0.0.2","46884","88","549121","38"
,"39.375058000","38.125038000","7327","140","192.168.10.22","8081","10.0.0.2","46884","88","549209","38"
,"39.375113000","38.125093000","7328","140","192.168.10.22","8081","10.0.0.2","46884","88","549297","38"
,"39.375125000","38.125105000","7329","140","192.168.10.22","8081","10.0.0.2","46884","88","549385","38"
,"39.375171000","38.125151000","7330","140","192.168.10.22","8081","10.0.0.2","46884","88","549473","38"
,"39.375183000","38.125163000","7331","140","192.168.10.22","8081","10.0.0.2","46884","88","549561","38"
,"39.375228000","38.125208000","7332","140","192.168.10.22","8081","10.0.0.2","46884","88","549649","38"
,"39.375241000","38.125221000","7333","140","192.168.10.22","8081","10.0.0.2","46884","88","549737","38"
,"39.375286000","38.125266000","7334","140","192.168.10.22","8081","10.0.0.2","46884","88","549825","38"
,"39.375300000","38.125280000","7335","140","192.168.10.22","8081","10.0.0.2","46884","88","549913","38"
,"39.437202000","38.187182000","7336","52","10.0.0.2","46884","192.168.10.22","8081","0","38","545425"
,"39.437227000","38.187207000","7337","52","10.0.0.2","46884","192.168.10.22","8081","0","38","545513"
,"39.438132000","38.188112000","7338","140","192.168.10.22","8081","10.0.0.2","46884","88","550001","38"
,"39.438168000","38.188148000","7339","140","192.168.10.22","8081","10.0.0.2","46884","88","550089","38"
,"39.438218000","38.188198000","7340","140","192.168.10.22","8081","10.0.0.2","46884","88","550177","38"
,"39.438230000","38.188210000","7341","140","192.168.10.22","8081","10.0.0.2","46884","88","550265","38"
,"39.438276000","38.188256000","7342","140","192.168.10.22","8081","10.0.0.2","46884","88","550353","38"
,"39.438287000","38.188267000","7343","140","192.168.10.22","8081","10.0.0.2","46884","88","550441","38"
,"39.438332000","38.188312000","7344","140","192.168.10.22","8081","10.0.0.2","46884","88","550529","38"
,"39.438345000","38.188325000","7345","140","192.168.10.22","8081","10.0.0.2","46884","88","550617","38"
,"39.438389000","38.188369000","7346","140","192.168.10.22","8081","10.0.0.2","46884","88","550705","38"
,"39.438403000","38.188383000","7347","140","192.168.10.22","8081","10.0.0.2","46884","88","550793","38"
,"39.499663000","38.249643000","7348","52","10.0.0.2","46884","192.168.10.22","8081","0","38","546305"
,"39.499690000","38.249670000","7349","52","10.0.0.2","46884","192.168.10.22","8081","0","38","546481"
,"39.500701000","38.250681000","7350","140","192.168.10.22","8081","10.0.0.2","46884","88","550881","38"
,"39.500743000","38.250723000","7351","140","192.168.10.22","8081","10.0.0.2","46884","88","550969","38"
,"39.500809000","38.250789000","7352","140","192.168.10.22","8081","10.0.0.2","46884","88","551057","38"
,"39.500825000","38.250805000","7353","140","192.168.10.22","8081","10.0.0.2","46884","88","551145","38"
,"39.500914000","38.250894000","7354","140","192.168.10.22","8081","10.0.0.2","46884","88","551233","38"
,"39.500929000","38.250909000","7355","140","192.168.10.22","8081","10.0.0.2","46884","88","551321","38"
,"39.500976000","38.250956000","7356","140","192.168.10.22","8081","10.0.0.2","46884","88","551409","38"
,"39.500998000","38.250978000","7357","140","192.168.10.22","8081","10.0.0.2","46884","88","551497","38"
,"39.501043000","38.251023000","7358","140","192.168.10.22","8081","10.0.0.2","46884","88","551585","38"
,"39.501057000","38.251037000","7359","140","192.168.10.22","8081","10.0.0.2","46884","88","551673","38"
,"39.501103000","38.251083000","7360","140","192.168.10.22","8081","10.0.0.2","46884","88","551761","38"
,"39.501117000","38.251097000","7361","140","192.168.10.22","8081","10.0.0.2","46884","88","551849","38"
,"39.562595000","38.312575000","7362","52","10.0.0.2","46884","192.168.10.22","8081","0","38","546657"
,"39.562623000","38.312603000","7363","52","10.0.0.2","46884","192.168.10.22","8081","0","38","547185"
,"39.562640000","38.312620000","7364","52","10.0.0.2","46884","192.168.10.22","8081","0","38","547361"
,"39.563609000","38.313589000","7365","140","192.168.10.22","8081","10.0.0.2","46884","88","551937","38"
,"39.563651000","38.313631000","7366","140","192.168.10.22","8081","10.0.0.2","46884","88","552025","38"
,"39.563713000","38.313693000","7367","140","192.168.10.22","8081","10.0.0.2","46884","88","552113","38"
,"39.563730000","38.313710000","7368","140","192.168.10.22","8081","10.0.0.2","46884","88","552201","38"
,"39.563783000","38.313763000","7369","140","192.168.10.22","8081","10.0.0.2","46884","88","552289","38"
,"39.563796000","38.313776000","7370","140","192.168.10.22","8081","10.0.0.2","46884","88","552377","38"
,"39.563841000","38.313821000","7371","140","192.168.10.22","8081","10.0.0.2","46884","88","552465","38"
,"39.563853000","38.313833000","7372","140","192.168.10.22","8081","10.0.0.2","46884","88","552553","38"
,"39.563939000","38.313919000","7373","140","192.168.10.22","8081","10.0.0.2","46884","88","552641","38"
,"39.563957000","38.313937000","7374","140","192.168.10.22","8081","10.0.0.2","46884","88","552729","38"
,"39.624131000","38.374111000","7375","52","10.0.0.2","46884","192.168.10.22","8081","0","38","548329"
,"39.625132000","38.375112000","7376","140","192.168.10.22","8081","10.0.0.2","46884","88","552817","38"
,"39.625174000","38.375154000","7377","140","192.168.10.22","8081","10.0.0.2","46884","88","552905","38"
,"39.625236000","38.375216000","7378","140","192.168.10.22","8081","10.0.0.2","46884","88","552993","38"
,"39.625253000","38.375233000","7379","140","192.168.10.22","8081","10.0.0.2","46884","88","553081","38"
,"39.625309000","38.375289000","7380","140","192.168.10.22","8081","10.0.0.2","46884","88","553169","38"
,"39.625322000","38.375302000","7381","140","192.168.10.22","8081","10.0.0.2","46884","88","553257","38"
,"39.625366000","38.375346000","7382","140","192.168.10.22","8081","10.0.0.2","46884","88","553345","38"
,"39.625378000","38.375358000","7383","140","192.168.10.22","8081","10.0.0.2","46884","88","553433","38"
,"39.625422000","38.375402000","7384","140","192.168.10.22","8081","10.0.0.2","46884","88","553521","38"
,"39.625437000","38.375417000","7385","140","192.168.10.22","8081","10.0.0.2","46884","88","553609","38"
,"39.687983000","38.437963000","7386","52","10.0.0.2","46884","192.168.10.22","8081","0","38","549033"
,"39.688012000","38.437992000","7387","52","10.0.0.2","46884","192.168.10.22","8081","0","38","549209"
,"39.689018000","38.438998000","7388","140","192.168.10.22","8081","10.0.0.2","46884","88","553697","38"
,"39.689060000","38.439040000","7389","140","192.168.10.22","8081","10.0.0.2","46884","88","553785","38"
,"39.689121000","38.439101000","7390","140","192.168.10.22","8081","10.0.0.2","46884","88","553873","38"
,"39.689138000","38.439118000","7391","140","192.168.10.22","8081","10.0.0.2","46884","88","553961","38"
,"39.689190000","38.439170000","7392","140","192.168.10.22","8081","10.0.0.2","46884","88","554049","38"
,"39.689202000","38.439182000","7393","140","192.168.10.22","8081","10.0.0.2","46884","88","554137","38"
,"39.689246000","38.439226000","7394","140","192.168.10.22","8081","10.0.0.2","46884","88","554225","38"
,"39.689257000","38.439237000","7395","140","192.168.10.22","8081","10.0.0.2","46884","88","554313","38"
,"39.689302000","38.439282000","7396","140","192.168.10.22","8081","10.0.0.2","46884","88","554401","38"
,"39.689316000","38.439296000","7397","140","192.168.10.22","8081","10.0.0.2","46884","88","554489","38"
,"39.749488000","38.499468000","7398","52","10.0.0.2","46884","192.168.10.22","8081","0","38","550001"
,"39.749517000","38.499497000","7399","52","10.0.0.2","46884","192.168.10.22","8081","0","38","550177"
,"39.750537000","38.500517000","7400","140","192.168.10.22","8081","10.0.0.2","46884","88","554577","38"
,"39.750578000","38.500558000","7401","140","192.168.10.22","8081","10.0.0.2","46884","88","554665","38"
,"39.750644000","38.500624000","7402","140","192.168.10.22","8081","10.0.0.2","46884","88","554753","38"
,"39.750660000","38.500640000","7403","140","192.168.10.22","8081","10.0.0.2","46884","88","554841","38"
,"39.750716000","38.500696000","7404","140","192.168.10.22","8081","10.0.0.2","46884","88","554929","38"
,"39.750730000","38.500710000","7405","140","192.168.10.22","8081","10.0.0.2","46884","88","555017","38"
,"39.750776000","38.500756000","7406","140","192.168.10.22","8081","10.0.0.2","46884","88","555105","38"
,"39.750787000","38.500767000","7407","140","192.168.10.22","8081","10.0.0.2","46884","88","555193","38"
,"39.750831000","38.500811000","7408","140","192.168.10.22","8081","10.0.0.2","46884","88","555281","38"
,"39.750844000","38.500824000","7409","140","192.168.10.22","8081","10.0.0.2","46884","88","555369","38"
,"39.750927000","38.500907000","7410","140","192.168.10.22","8081","10.0.0.2","46884","88","555457","38"
,"39.750944000","38.500924000","7411","140","192.168.10.22","8081","10.0.0.2","46884","88","555545","38"
,"39.812011000","38.561991000","7412","52","10.0.0.2","46884","192.168.10.22","8081","0","38","550969"
,"39.812019000","38.561999000","7413","52","10.0.0.2","46884","192.168.10.22","8081","0","38","551057"
,"39.813009000","38.562989000","7414","140","192.168.10.22","8081","10.0.0.2","46884","88","555633","38"
,"39.813052000","38.563032000","7415","140","192.168.10.22","8081","10.0.0.2","46884","88","555721","38"
,"39.813116000","38.563096000","7416","140","192.168.10.22","8081","10.0.0.2","46884","88","555809","38"
,"39.813131000","38.563111000","7417","140","192.168.10.22","8081","10.0.0.2","46884","88","555897","38"
,"39.813177000","38.563157000","7418","140","192.168.10.22","8081","10.0.0.2","46884","88","555985","38"
,"39.813188000","38.563168000","7419","140","192.168.10.22","8081","10.0.0.2","46884","88","556073","38"
,"39.813233000","38.563213000","7420","140","192.168.10.22","8081","10.0.0.2","46884","88","556161","38"
,"39.813244000","38.563224000","7421","140","192.168.10.22","8081","10.0.0.2","46884","88","556249","38"
,"39.813289000","38.563269000","7422","140","192.168.10.22","8081","10.0.0.2","46884","88","556337","38"
,"39.813303000","38.563283000","7423","140","192.168.10.22","8081","10.0.0.2","46884","88","556425","38"
,"39.874924000","38.624904000","7424","52","10.0.0.2","46884","192.168.10.22","8081","0","38","551937"
,"39.875920000","38.625900000","7425","140","192.168.10.22","8081","10.0.0.2","46884","88","556513","38"
,"39.875968000","38.625948000","7426","140","192.168.10.22","8081","10.0.0.2","46884","88","556601","38"
,"39.876032000","38.626012000","7427","140","192.168.10.22","8081","10.0.0.2","46884","88","556689","38"
,"39.876047000","38.626027000","7428","140","192.168.10.22","8081","10.0.0.2","46884","88","556777","38"
,"39.876097000","38.626077000","7429","140","192.168.10.22","8081","10.0.0.2","46884","88","556865","38"
,"39.876109000","38.626089000","7430","140","192.168.10.22","8081","10.0.0.2","46884","88","556953","38"
,"39.876152000","38.626132000","7431","140","192.168.10.22","8081","10.0.0.2","46884","88","557041","38"
,"39.876176000","38.626156000","7432","140","192.168.10.22","8081","10.0.0.2","46884","88","557129","38"
,"39.876221000","38.626201000","7433","140","192.168.10.22","8081","10.0.0.2","46884","88","557217","38"
,"39.876236000","38.626216000","7434","140","192.168.10.22","8081","10.0.0.2","46884","88","557305","38"
,"39.937821000","38.687801000","7435","52","10.0.0.2","46884","192.168.10.22","8081","0","38","552729"
,"39.937845000","38.687825000","7436","52","10.0.0.2","46884","192.168.10.22","8081","0","38","552905"
,"39.938843000","38.688823000","7437","140","192.168.10.22","8081","10.0.0.2","46884","88","557393","38"
,"39.938927000","38.688907000","7438","140","192.168.10.22","8081","10.0.0.2","46884","88","557481","38"
,"39.938997000","38.688977000","7439","140","192.168.10.22","8081","10.0.0.2","46884","88","557569","38"
,"39.939011000","38.688991000","7440","140","192.168.10.22","8081","10.0.0.2","46884","88","557657","38"
,"39.939057000","38.689037000","7441","140","192.168.10.22","8081","10.0.0.2","46884","88","557745","38"
,"39.939071000","38.689051000","7442","140","192.168.10.22","8081","10.0.0.2","46884","88","557833","38"
,"39.939117000","38.689097000","7443","140","192.168.10.22","8081","10.0.0.2","46884","88","557921","38"
,"39.939132000","38.689112000","7444","140","192.168.10.22","8081","10.0.0.2","46884","88","558009","38"
,"39.939177000","38.689157000","7445","140","192.168.10.22","8081","10.0.0.2","46884","88","558097","38"
,"39.939190000","38.689170000","7446","140","192.168.10.22","8081","10.0.0.2","46884","88","558185","38"
,"39.999942000","38.749922000","7447","52","10.0.0.2","46884","192.168.10.22","8081","0","38","553433"
,"39.999969000","38.749949000","7448","52","10.0.0.2","46884","192.168.10.22","8081","0","38","553785"
,"40.000975000","38.750955000","7449","140","192.168.10.22","8081","10.0.0.2","46884","88","558273","38"
,"40.001016000","38.750996000","7450","140","192.168.10.22","8081","10.0.0.2","46884","88","558361","38"
,"40.001076000","38.751056000","7451","140","192.168.10.22","8081","10.0.0.2","46884","88","558449","38"
,"40.001092000","38.751072000","7452","140","192.168.10.22","8081","10.0.0.2","46884","88","558537","38"
,"40.001142000","38.751122000","7453","140","192.168.10.22","8081","10.0.0.2","46884","88","558625","38"
,"40.001155000","38.751135000","7454","140","192.168.10.22","8081","10.0.0.2","46884","88","558713","38"
,"40.001199000","38.751179000","7455","140","192.168.10.22","8081","10.0.0.2","46884","88","558801","38"
,"40.001211000","38.751191000","7456","140","192.168.10.22","8081","10.0.0.2","46884","88","558889","38"
,"40.001256000","38.751236000","7457","140","192.168.10.22","8081","10.0.0.2","46884","88","558977","38"
,"40.001276000","38.751256000","7458","140","192.168.10.22","8081","10.0.0.2","46884","88","559065","38"
,"40.062922000","38.812902000","7459","52","10.0.0.2","46884","192.168.10.22","8081","0","38","554753"
,"40.063919000","38.813899000","7460","140","192.168.10.22","8081","10.0.0.2","46884","88","559153","38"
,"40.063964000","38.813944000","7461","140","192.168.10.22","8081","10.0.0.2","46884","88","559241","38"
,"40.064026000","38.814006000","7462","140","192.168.10.22","8081","10.0.0.2","46884","88","559329","38"
,"40.064044000","38.814024000","7463","140","192.168.10.22","8081","10.0.0.2","46884","88","559417","38"
,"40.064093000","38.814073000","7464","140","192.168.10.22","8081","10.0.0.2","46884","88","559505","38"
,"40.064105000","38.814085000","7465","140","192.168.10.22","8081","10.0.0.2","46884","88","559593","38"
,"40.064150000","38.814130000","7466","140","192.168.10.22","8081","10.0.0.2","46884","88","559681","38"
,"40.064163000","38.814143000","7467","140","192.168.10.22","8081","10.0.0.2","46884","88","559769","38"
,"40.064207000","38.814187000","7468","140","192.168.10.22","8081","10.0.0.2","46884","88","559857","38"
,"40.064220000","38.814200000","7469","140","192.168.10.22","8081","10.0.0.2","46884","88","559945","38"
,"40.064266000","38.814246000","7470","140","192.168.10.22","8081","10.0.0.2","46884","88","560033","38"
,"40.064278000","38.814258000","7471","140","192.168.10.22","8081","10.0.0.2","46884","88","560121","38"
,"40.124010000","38.873990000","7472","52","10.0.0.2","46884","192.168.10.22","8081","0","38","555017"
,"40.124019000","38.873999000","7473","52","10.0.0.2","46884","192.168.10.22","8081","0","38","555633"
,"40.124853000","38.874833000","7474","140","192.168.10.22","8081","10.0.0.2","46884","88","560209","38"
,"40.124919000","38.874899000","7475","140","192.168.10.22","8081","10.0.0.2","46884","88","560297","38"
,"40.124974000","38.874954000","7476","140","192.168.10.22","8081","10.0.0.2","46884","88","560385","38"
,"40.124986000","38.874966000","7477","140","192.168.10.22","8081","10.0.0.2","46884","88","560473","38"
,"40.125032000","38.875012000","7478","140","192.168.10.22","8081","10.0.0.2","46884","88","560561","38"
,"40.125055000","38.875035000","7479","140","192.168.10.22","8081","10.0.0.2","46884","88","560649","38"
,"40.125100000","38.875080000","7480","140","192.168.10.22","8081","10.0.0.2","46884","88","560737","38"
,"40.125114000","38.875094000","7481","140","192.168.10.22","8081","10.0.0.2","46884","88","560825","38"
,"40.125158000","38.875138000","7482","140","192.168.10.22","8081","10.0.0.2","46884","88","560913","38"
,"40.125170000","38.875150000","7483","140","192.168.10.22","8081","10.0.0.2","46884","88","561001","38"
,"40.187985000","38.937965000","7484","52","10.0.0.2","46884","192.168.10.22","8081","0","38","556425"
,"40.188009000","38.937989000","7485","52","10.0.0.2","46884","192.168.10.22","8081","0","38","556601"
,"40.189007000","38.938987000","7486","140","192.168.10.22","8081","10.0.0.2","46884","88","561089","38"
,"40.189049000","38.939029000","7487","140","192.168.10.22","8081","10.0.0.2","46884","88","561177","38"
,"40.189114000","38.939094000","7488","140","192.168.10.22","8081","10.0.0.2","46884","88","561265","38"
,"40.189130000","38.939110000","7489","140","192.168.10.22","8081","10.0.0.2","46884","88","561353","38"
,"40.189180000","38.939160000","7490","140","192.168.10.22","8081","10.0.0.2","46884","88","561441","38"
,"40.189192000","38.939172000","7491","140","192.168.10.22","8081","10.0.0.2","46884","88","561529","38"
,"40.189238000","38.939218000","7492","140","192.168.10.22","8081","10.0.0.2","46884","88","561617","38"
,"40.189250000","38.939230000","7493","140","192.168.10.22","8081","10.0.0.2","46884","88","561705","38"
,"40.189294000","38.939274000","7494","140","192.168.10.22","8081","10.0.0.2","46884","88","561793","38"
,"40.189308000","38.939288000","7495","140","192.168.10.22","8081","10.0.0.2","46884","88","561881","38"
,"40.249666000","38.999646000","7496","52","10.0.0.2","46884","192.168.10.22","8081","0","38","557393"
,"40.249693000","38.999673000","7497","52","10.0.0.2","46884","192.168.10.22","8081","0","38","557481"
,"40.250721000","39.000701000","7498","140","192.168.10.22","8081","10.0.0.2","46884","88","561969","38"
,"40.250763000","39.000743000","7499","140","192.168.10.22","8081","10.0.0.2","46884","88","562057","38"
,"40.250826000","39.000806000","7500","140","192.168.10.22","8081","10.0.0.2","46884","88","562145","38"
,"40.250843000","39.000823000","7501","140","192.168.10.22","8081","10.0.0.2","46884","88","562233","38"
,"40.250934000","39.000914000","7502","140","192.168.10.22","8081","10.0.0.2","46884","88","562321","38"
,"40.250949000","39.000929000","7503","140","192.168.10.22","8081","10.0.0.2","46884","88","562409","38"
,"40.250994000","39.000974000","7504","140","192.168.10.22","8081","10.0.0.2","46884","88","562497","38"
,"40.251017000","39.000997000","7505","140","192.168.10.22","8081","10.0.0.2","46884","88","562585","38"
,"40.251062000","39.001042000","7506","140","192.168.10.22","8081","10.0.0.2","46884","88","562673","38"
,"40.251075000","39.001055000","7507","140","192.168.10.22","8081","10.0.0.2","46884","88","562761","38"
,"40.312132000","39.062112000","7508","52","10.0.0.2","46884","192.168.10.22","8081","0","38","558009"
,"40.312142000","39.062122000","7509","52","10.0.0.2","46884","192.168.10.22","8081","0","38","558449"
,"40.313121000","39.063101000","7510","140","192.168.10.22","8081","10.0.0.2","46884","88","562849","38"
,"40.313163000","39.063143000","7511","140","192.168.10.22","8081","10.0.0.2","46884","88","562937","38"
,"40.313228000","39.063208000","7512","140","192.168.10.22","8081","10.0.0.2","46884","88","563025","38"
,"40.313244000","39.063224000","7513","140","192.168.10.22","8081","10.0.0.2","46884","88","563113","38"
,"40.313296000","39.063276000","7514","140","192.168.10.22","8081","10.0.0.2","46884","88","563201","38"
,"40.313310000","39.063290000","7515","140","192.168.10.22","8081","10.0.0.2","46884","88","563289","38"
,"40.313355000","39.063335000","7516","140","192.168.10.22","8081","10.0.0.2","46884","88","563377","38"
,"40.313367000","39.063347000","7517","140","192.168.10.22","8081","10.0.0.2","46884","88","563465","38"
,"40.313411000","39.063391000","7518","140","192.168.10.22","8081","10.0.0.2","46884","88","563553","38"
,"40.313424000","39.063404000","7519","140","192.168.10.22","8081","10.0.0.2","46884","88","563641","38"
,"40.313469000","39.063449000","7520","140","192.168.10.22","8081","10.0.0.2","46884","88","563729","38"
,"40.313482000","39.063462000","7521","140","192.168.10.22","8081","10.0.0.2","46884","88","563817","38"
,"40.374078000","39.124058000","7522","52","10.0.0.2","46884","192.168.10.22","8081","0","38","559329"
,"40.375026000","39.125006000","7523","140","192.168.10.22","8081","10.0.0.2","46884","88","563905","38"
,"40.375066000","39.125046000","7524","140","192.168.10.22","8081","10.0.0.2","46884","88","563993","38"
,"40.375118000","39.125098000","7525","140","192.168.10.22","8081","10.0.0.2","46884","88","564081","38"
,"40.375131000","39.125111000","7526","140","192.168.10.22","8081","10.0.0.2","46884","88","564169","38"
,"40.375177000","39.125157000","7527","140","192.168.10.22","8081","10.0.0.2","46884","88","564257","38"
,"40.375189000","39.125169000","7528","140","192.168.10.22","8081","10.0.0.2","46884","88","564345","38"
,"40.375235000","39.125215000","7529","140","192.168.10.22","8081","10.0.0.2","46884","88","564433","38"
,"40.375247000","39.125227000","7530","140","192.168.10.22","8081","10.0.0.2","46884","88","564521","38"
,"40.375291000","39.125271000","7531","140","192.168.10.22","8081","10.0.0.2","46884","88","564609","38"
,"40.375304000","39.125284000","7532","140","192.168.10.22","8081","10.0.0.2","46884","88","564697","38"
,"40.437685000","39.187665000","7533","52","10.0.0.2","46884","192.168.10.22","8081","0","38","560121"
,"40.437714000","39.187694000","7534","52","10.0.0.2","46884","192.168.10.22","8081","0","38","560209"
,"40.438719000","39.188699000","7535","140","192.168.10.22","8081","10.0.0.2","46884","88","564785","38"
,"40.438761000","39.188741000","7536","140","192.168.10.22","8081","10.0.0.2","46884","88","564873","38"
,"40.438822000","39.188802000","7537","140","192.168.10.22","8081","10.0.0.2","46884","88","564961","38"
,"40.438838000","39.188818000","7538","140","192.168.10.22","8081","10.0.0.2","46884","88","565049","38"
,"40.438938000","39.188918000","7539","140","192.168.10.22","8081","10.0.0.2","46884","88","565137","38"
,"40.438955000","39.188935000","7540","140","192.168.10.22","8081","10.0.0.2","46884","88","565225","38"
,"40.439003000","39.188983000","7541","140","192.168.10.22","8081","10.0.0.2","46884","88","565313","38"
,"40.439017000","39.188997000","7542","140","192.168.10.22","8081","10.0.0.2","46884","88","565401","38"
,"40.439062000","39.189042000","7543","140","192.168.10.22","8081","10.0.0.2","46884","88","565489","38"
,"40.439080000","39.189060000","7544","140","192.168.10.22","8081","10.0.0.2","46884","88","565577","38"
,"40.499247000","39.249227000","7545","52","10.0.0.2","46884","192.168.10.22","8081","0","38","560913"
,"40.499275000","39.249255000","7546","52","10.0.0.2","46884","192.168.10.22","8081","0","38","561177"
,"40.500304000","39.250284000","7547","140","192.168.10.22","8081","10.0.0.2","46884","88","565665","38"
,"40.500348000","39.250328000","7548","140","192.168.10.22","8081","10.0.0.2","46884","88","565753","38"
,"40.500413000","39.250393000","7549","140","192.168.10.22","8081","10.0.0.2","46884","88","565841","38"
,"40.500430000","39.250410000","7550","140","192.168.10.22","8081","10.0.0.2","46884","88","565929","38"
,"40.500482000","39.250462000","7551","140","192.168.10.22","8081","10.0.0.2","46884","88","566017","38"
,"40.500494000","39.250474000","7552","140","192.168.10.22","8081","10.0.0.2","46884","88","566105","38"
,"40.500539000","39.250519000","7553","140","192.168.10.22","8081","10.0.0.2","46884","88","566193","38"
,"40.500550000","39.250530000","7554","140","192.168.10.22","8081","10.0.0.2","46884","88","566281","38"
,"40.500596000","39.250576000","7555","140","192.168.10.22","8081","10.0.0.2","46884","88","566369","38"
,"40.500610000","39.250590000","7556","140","192.168.10.22","8081","10.0.0.2","46884","88","566457","38"
,"40.562755000","39.312735000","7557","52","10.0.0.2","46884","192.168.10.22","8081","0","38","562057"
,"40.563812000","39.313792000","7558","140","192.168.10.22","8081","10.0.0.2","46884","88","566545","38"
,"40.563854000","39.313834000","7559","140","192.168.10.22","8081","10.0.0.2","46884","88","566633","38"
,"40.563963000","39.313943000","7560","140","192.168.10.22","8081","10.0.0.2","46884","88","566721","38"
,"40.563979000","39.313959000","7561","140","192.168.10.22","8081","10.0.0.2","46884","88","566809","38"
,"40.564028000","39.314008000","7562","140","192.168.10.22","8081","10.0.0.2","46884","88","566897","38"
,"40.564040000","39.314020000","7563","140","192.168.10.22","8081","10.0.0.2","46884","88","566985","38"
,"40.564086000","39.314066000","7564","140","192.168.10.22","8081","10.0.0.2","46884","88","567073","38"
,"40.564099000","39.314079000","7565","140","192.168.10.22","8081","10.0.0.2","46884","88","567161","38"
,"40.564145000","39.314125000","7566","140","192.168.10.22","8081","10.0.0.2","46884","88","567249","38"
,"40.564159000","39.314139000","7567","140","192.168.10.22","8081","10.0.0.2","46884","88","567337","38"
,"40.624481000","39.374461000","7568","52","10.0.0.2","46884","192.168.10.22","8081","0","38","563025"
,"40.625306000","39.375286000","7569","140","192.168.10.22","8081","10.0.0.2","46884","88","567425","38"
,"40.625348000","39.375328000","7570","140","192.168.10.22","8081","10.0.0.2","46884","88","567513","38"
,"40.625414000","39.375394000","7571","140","192.168.10.22","8081","10.0.0.2","46884","88","567601","38"
,"40.625430000","39.375410000","7572","140","192.168.10.22","8081","10.0.0.2","46884","88","567689","38"
,"40.625484000","39.375464000","7573","140","192.168.10.22","8081","10.0.0.2","46884","88","567777","38"
,"40.625497000","39.375477000","7574","140","192.168.10.22","8081","10.0.0.2","46884","88","567865","38"
,"40.625543000","39.375523000","7575","140","192.168.10.22","8081","10.0.0.2","46884","88","567953","38"
,"40.625555000","39.375535000","7576","140","192.168.10.22","8081","10.0.0.2","46884","88","568041","38"
,"40.625598000","39.375578000","7577","140","192.168.10.22","8081","10.0.0.2","46884","88","568129","38"
,"40.625612000","39.375592000","7578","140","192.168.10.22","8081","10.0.0.2","46884","88","568217","38"
,"40.625658000","39.375638000","7579","140","192.168.10.22","8081","10.0.0.2","46884","88","568305","38"
,"40.625671000","39.375651000","7580","140","192.168.10.22","8081","10.0.0.2","46884","88","568393","38"
,"40.687255000","39.437235000","7581","52","10.0.0.2","46884","192.168.10.22","8081","0","38","563905"
,"40.688209000","39.438189000","7582","140","192.168.10.22","8081","10.0.0.2","46884","88","568481","38"
,"40.688250000","39.438230000","7583","140","192.168.10.22","8081","10.0.0.2","46884","88","568569","38"
,"40.688301000","39.438281000","7584","140","192.168.10.22","8081","10.0.0.2","46884","88","568657","38"
,"40.688313000","39.438293000","7585","140","192.168.10.22","8081","10.0.0.2","46884","88","568745","38"
,"40.688359000","39.438339000","7586","140","192.168.10.22","8081","10.0.0.2","46884","88","568833","38"
,"40.688370000","39.438350000","7587","140","192.168.10.22","8081","10.0.0.2","46884","88","568921","38"
,"40.688416000","39.438396000","7588","140","192.168.10.22","8081","10.0.0.2","46884","88","569009","38"
,"40.688428000","39.438408000","7589","140","192.168.10.22","8081","10.0.0.2","46884","88","569097","38"
,"40.688471000","39.438451000","7590","140","192.168.10.22","8081","10.0.0.2","46884","88","569185","38"
,"40.688484000","39.438464000","7591","140","192.168.10.22","8081","10.0.0.2","46884","88","569273","38"
,"40.749538000","39.499518000","7592","52","10.0.0.2","46884","192.168.10.22","8081","0","38","564697"
,"40.749563000","39.499543000","7593","52","10.0.0.2","46884","192.168.10.22","8081","0","38","564873"
,"40.750588000","39.500568000","7594","140","192.168.10.22","8081","10.0.0.2","46884","88","569361","38"
,"40.750628000","39.500608000","7595","140","192.168.10.22","8081","10.0.0.2","46884","88","569449","38"
,"40.750694000","39.500674000","7596","140","192.168.10.22","8081","10.0.0.2","46884","88","569537","38"
,"40.750710000","39.500690000","7597","140","192.168.10.22","8081","10.0.0.2","46884","88","569625","38"
,"40.750766000","39.500746000","7598","140","192.168.10.22","8081","10.0.0.2","46884","88","569713","38"
,"40.750780000","39.500760000","7599","140","192.168.10.22","8081","10.0.0.2","46884","88","569801","38"
,"40.750826000","39.500806000","7600","140","192.168.10.22","8081","10.0.0.2","46884","88","569889","38"
,"40.750838000","39.500818000","7601","140","192.168.10.22","8081","10.0.0.2","46884","88","569977","38"
,"40.750930000","39.500910000","7602","140","192.168.10.22","8081","10.0.0.2","46884","88","570065","38"
,"40.750947000","39.500927000","7603","140","192.168.10.22","8081","10.0.0.2","46884","88","570153","38"
,"40.812076000","39.562056000","7604","52","10.0.0.2","46884","192.168.10.22","8081","0","38","565665"
,"40.812086000","39.562066000","7605","52","10.0.0.2","46884","192.168.10.22","8081","0","38","565753"
,"40.813076000","39.563056000","7606","140","192.168.10.22","8081","10.0.0.2","46884","88","570241","38"
,"40.813117000","39.563097000","7607","140","192.168.10.22","8081","10.0.0.2","46884","88","570329","38"
,"40.813179000","39.563159000","7608","140","192.168.10.22","8081","10.0.0.2","46884","88","570417","38"
,"40.813195000","39.563175000","7609","140","192.168.10.22","8081","10.0.0.2","46884","88","570505","38"
,"40.813251000","39.563231000","7610","140","192.168.10.22","8081","10.0.0.2","46884","88","570593","38"
,"40.813264000","39.563244000","7611","140","192.168.10.22","8081","10.0.0.2","46884","88","570681","38"
,"40.813309000","39.563289000","7612","140","192.168.10.22","8081","10.0.0.2","46884","88","570769","38"
,"40.813320000","39.563300000","7613","140","192.168.10.22","8081","10.0.0.2","46884","88","570857","38"
,"40.813365000","39.563345000","7614","140","192.168.10.22","8081","10.0.0.2","46884","88","570945","38"
,"40.813379000","39.563359000","7615","140","192.168.10.22","8081","10.0.0.2","46884","88","571033","38"
,"40.874388000","39.624368000","7616","52","10.0.0.2","46884","192.168.10.22","8081","0","38","566721"
,"40.875285000","39.625265000","7617","140","192.168.10.22","8081","10.0.0.2","46884","88","571121","38"
,"40.875322000","39.625302000","7618","140","192.168.10.22","8081","10.0.0.2","46884","88","571209","38"
,"40.875377000","39.625357000","7619","140","192.168.10.22","8081","10.0.0.2","46884","88","571297","38"
,"40.875390000","39.625370000","7620","140","192.168.10.22","8081","10.0.0.2","46884","88","571385","38"
,"40.875436000","39.625416000","7621","140","192.168.10.22","8081","10.0.0.2","46884","88","571473","38"
,"40.875449000","39.625429000","7622","140","192.168.10.22","8081","10.0.0.2","46884","88","571561","38"
,"40.875497000","39.625477000","7623","140","192.168.10.22","8081","10.0.0.2","46884","88","571649","38"
,"40.875519000","39.625499000","7624","140","192.168.10.22","8081","10.0.0.2","46884","88","571737","38"
,"40.875563000","39.625543000","7625","140","192.168.10.22","8081","10.0.0.2","46884","88","571825","38"
,"40.875577000","39.625557000","7626","140","192.168.10.22","8081","10.0.0.2","46884","88","571913","38"
,"40.875622000","39.625602000","7627","140","192.168.10.22","8081","10.0.0.2","46884","88","572001","38"
,"40.875636000","39.625616000","7628","140","192.168.10.22","8081","10.0.0.2","46884","88","572089","38"
,"40.937627000","39.687607000","7629","52","10.0.0.2","46884","192.168.10.22","8081","0","38","567513"
,"40.937653000","39.687633000","7630","52","10.0.0.2","46884","192.168.10.22","8081","0","38","567601"
,"40.938568000","39.688548000","7631","140","192.168.10.22","8081","10.0.0.2","46884","88","572177","38"
,"40.938606000","39.688586000","7632","140","192.168.10.22","8081","10.0.0.2","46884","88","572265","38"
,"40.938664000","39.688644000","7633","140","192.168.10.22","8081","10.0.0.2","46884","88","572353","38"
,"40.938678000","39.688658000","7634","140","192.168.10.22","8081","10.0.0.2","46884","88","572441","38"
,"40.938727000","39.688707000","7635","140","192.168.10.22","8081","10.0.0.2","46884","88","572529","38"
,"40.938739000","39.688719000","7636","140","192.168.10.22","8081","10.0.0.2","46884","88","572617","38"
,"40.938789000","39.688769000","7637","140","192.168.10.22","8081","10.0.0.2","46884","88","572705","38"
,"40.938811000","39.688791000","7638","140","192.168.10.22","8081","10.0.0.2","46884","88","572793","38"
,"40.938855000","39.688835000","7639","140","192.168.10.22","8081","10.0.0.2","46884","88","572881","38"
,"40.938869000","39.688849000","7640","140","192.168.10.22","8081","10.0.0.2","46884","88","572969","38"
,"40.999927000","39.749907000","7641","52","10.0.0.2","46884","192.168.10.22","8081","0","38","568393"
,"40.999970000","39.749950000","7642","52","10.0.0.2","46884","192.168.10.22","8081","0","38","568481"
,"41.000979000","39.750959000","7643","140","192.168.10.22","8081","10.0.0.2","46884","88","573057","38"
,"41.001021000","39.751001000","7644","140","192.168.10.22","8081","10.0.0.2","46884","88","573145","38"
,"41.001081000","39.751061000","7645","140","192.168.10.22","8081","10.0.0.2","46884","88","573233","38"
,"41.001097000","39.751077000","7646","140","192.168.10.22","8081","10.0.0.2","46884","88","573321","38"
,"41.001146000","39.751126000","7647","140","192.168.10.22","8081","10.0.0.2","46884","88","573409","38"
,"41.001158000","39.751138000","7648","140","192.168.10.22","8081","10.0.0.2","46884","88","573497","38"
,"41.001203000","39.751183000","7649","140","192.168.10.22","8081","10.0.0.2","46884","88","573585","38"
,"41.001214000","39.751194000","7650","140","192.168.10.22","8081","10.0.0.2","46884","88","573673","38"
,"41.001260000","39.751240000","7651","140","192.168.10.22","8081","10.0.0.2","46884","88","573761","38"
,"41.001275000","39.751255000","7652","140","192.168.10.22","8081","10.0.0.2","46884","88","573849","38"
,"41.062278000","39.812258000","7653","52","10.0.0.2","46884","192.168.10.22","8081","0","38","569449"
,"41.063174000","39.813154000","7654","140","192.168.10.22","8081","10.0.0.2","46884","88","573937","38"
,"41.063211000","39.813191000","7655","140","192.168.10.22","8081","10.0.0.2","46884","88","574025","38"
,"41.063263000","39.813243000","7656","140","192.168.10.22","8081","10.0.0.2","46884","88","574113","38"
,"41.063275000","39.813255000","7657","140","192.168.10.22","8081","10.0.0.2","46884","88","574201","38"
,"41.063321000","39.813301000","7658","140","192.168.10.22","8081","10.0.0.2","46884","88","574289","38"
,"41.063332000","39.813312000","7659","140","192.168.10.22","8081","10.0.0.2","46884","88","574377","38"
,"41.063378000","39.813358000","7660","140","192.168.10.22","8081","10.0.0.2","46884","88","574465","38"
,"41.063390000","39.813370000","7661","140","192.168.10.22","8081","10.0.0.2","46884","88","574553","38"
,"41.063434000","39.813414000","7662","140","192.168.10.22","8081","10.0.0.2","46884","88","574641","38"
,"41.063447000","39.813427000","7663","140","192.168.10.22","8081","10.0.0.2","46884","88","574729","38"
,"41.124690000","39.874670000","7664","52","10.0.0.2","46884","192.168.10.22","8081","0","38","569801"
,"41.124716000","39.874696000","7665","52","10.0.0.2","46884","192.168.10.22","8081","0","38","570329"
,"41.125759000","39.875739000","7666","140","192.168.10.22","8081","10.0.0.2","46884","88","574817","38"
,"41.125801000","39.875781000","7667","140","192.168.10.22","8081","10.0.0.2","46884","88","574905","38"
,"41.125867000","39.875847000","7668","140","192.168.10.22","8081","10.0.0.2","46884","88","574993","38"
,"41.125918000","39.875898000","7669","140","192.168.10.22","8081","10.0.0.2","46884","88","575081","38"
,"41.125976000","39.875956000","7670","140","192.168.10.22","8081","10.0.0.2","46884","88","575169","38"
,"41.125988000","39.875968000","7671","140","192.168.10.22","8081","10.0.0.2","46884","88","575257","38"
,"41.126034000","39.876014000","7672","140","192.168.10.22","8081","10.0.0.2","46884","88","575345","38"
,"41.126046000","39.876026000","7673","140","192.168.10.22","8081","10.0.0.2","46884","88","575433","38"
,"41.126090000","39.876070000","7674","140","192.168.10.22","8081","10.0.0.2","46884","88","575521","38"
,"41.126103000","39.876083000","7675","140","192.168.10.22","8081","10.0.0.2","46884","88","575609","38"
,"41.187837000","39.937817000","7676","52","10.0.0.2","46884","192.168.10.22","8081","0","38","571297"
,"41.188833000","39.938813000","7677","140","192.168.10.22","8081","10.0.0.2","46884","88","575697","38"
,"41.188906000","39.938886000","7678","140","192.168.10.22","8081","10.0.0.2","46884","88","575785","38"
,"41.188978000","39.938958000","7679","140","192.168.10.22","8081","10.0.0.2","46884","88","575873","38"
,"41.188993000","39.938973000","7680","140","192.168.10.22","8081","10.0.0.2","46884","88","575961","38"
,"41.189040000","39.939020000","7681","140","192.168.10.22","8081","10.0.0.2","46884","88","576049","38"
,"41.189065000","39.939045000","7682","140","192.168.10.22","8081","10.0.0.2","46884","88","576137","38"
,"41.189109000","39.939089000","7683","140","192.168.10.22","8081","10.0.0.2","46884","88","576225","38"
,"41.189122000","39.939102000","7684","140","192.168.10.22","8081","10.0.0.2","46884","88","576313","38"
,"41.189167000","39.939147000","7685","140","192.168.10.22","8081","10.0.0.2","46884","88","576401","38"
,"41.189181000","39.939161000","7686","140","192.168.10.22","8081","10.0.0.2","46884","88","576489","38"
,"41.189227000","39.939207000","7687","140","192.168.10.22","8081","10.0.0.2","46884","88","576577","38"
,"41.189238000","39.939218000","7688","140","192.168.10.22","8081","10.0.0.2","46884","88","576665","38"
,"41.249154000","39.999134000","7689","52","10.0.0.2","46884","192.168.10.22","8081","0","38","572089"
,"41.249180000","39.999160000","7690","52","10.0.0.2","46884","192.168.10.22","8081","0","38","572177"
,"41.250082000","40.000062000","7691","140","192.168.10.22","8081","10.0.0.2","46884","88","576753","38"
,"41.250119000","40.000099000","7692","140","192.168.10.22","8081","10.0.0.2","46884","88","576841","38"
,"41.250176000","40.000156000","7693","140","192.168.10.22","8081","10.0.0.2","46884","88","576929","38"
,"41.250189000","40.000169000","7694","140","192.168.10.22","8081","10.0.0.2","46884","88","577017","38"
,"41.250238000","40.000218000","7695","140","192.168.10.22","8081","10.0.0.2","46884","88","577105","38"
,"41.250251000","40.000231000","7696","140","192.168.10.22","8081","10.0.0.2","46884","88","577193","38"
,"41.250300000","40.000280000","7697","140","192.168.10.22","8081","10.0.0.2","46884","88","577281","38"
,"41.250312000","40.000292000","7698","140","192.168.10.22","8081","10.0.0.2","46884","88","577369","38"
,"41.250357000","40.000337000","7699","140","192.168.10.22","8081","10.0.0.2","46884","88","577457","38"
,"41.250370000","40.000350000","7700","140","192.168.10.22","8081","10.0.0.2","46884","88","577545","38"
,"41.312657000","40.062637000","7701","52","10.0.0.2","46884","192.168.10.22","8081","0","38","572969"
,"41.312664000","40.062644000","7702","52","10.0.0.2","46884","192.168.10.22","8081","0","38","573057"
,"41.312667000","40.062647000","7703","52","10.0.0.2","46884","192.168.10.22","8081","0","38","573145"
,"41.313628000","40.063608000","7704","140","192.168.10.22","8081","10.0.0.2","46884","88","577633","38"
,"41.313670000","40.063650000","7705","140","192.168.10.22","8081","10.0.0.2","46884","88","577721","38"
,"41.313735000","40.063715000","7706","140","192.168.10.22","8081","10.0.0.2","46884","88","577809","38"
,"41.313751000","40.063731000","7707","140","192.168.10.22","8081","10.0.0.2","46884","88","577897","38"
,"41.313806000","40.063786000","7708","140","192.168.10.22","8081","10.0.0.2","46884","88","577985","38"
,"41.313819000","40.063799000","7709","140","192.168.10.22","8081","10.0.0.2","46884","88","578073","38"
,"41.313864000","40.063844000","7710","140","192.168.10.22","8081","10.0.0.2","46884","88","578161","38"
,"41.313915000","40.063895000","7711","140","192.168.10.22","8081","10.0.0.2","46884","88","578249","38"
,"41.313970000","40.063950000","7712","140","192.168.10.22","8081","10.0.0.2","46884","88","578337","38"
,"41.313984000","40.063964000","7713","140","192.168.10.22","8081","10.0.0.2","46884","88","578425","38"
,"41.374082000","40.124062000","7714","52","10.0.0.2","46884","192.168.10.22","8081","0","38","573673"
,"41.374108000","40.124088000","7715","52","10.0.0.2","46884","192.168.10.22","8081","0","38","574025"
,"41.375112000","40.125092000","7716","140","192.168.10.22","8081","10.0.0.2","46884","88","578513","38"
,"41.375154000","40.125134000","7717","140","192.168.10.22","8081","10.0.0.2","46884","88","578601","38"
,"41.375217000","40.125197000","7718","140","192.168.10.22","8081","10.0.0.2","46884","88","578689","38"
,"41.375233000","40.125213000","7719","140","192.168.10.22","8081","10.0.0.2","46884","88","578777","38"
,"41.375291000","40.125271000","7720","140","192.168.10.22","8081","10.0.0.2","46884","88","578865","38"
,"41.375304000","40.125284000","7721","140","192.168.10.22","8081","10.0.0.2","46884","88","578953","38"
,"41.375351000","40.125331000","7722","140","192.168.10.22","8081","10.0.0.2","46884","88","579041","38"
,"41.375363000","40.125343000","7723","140","192.168.10.22","8081","10.0.0.2","46884","88","579129","38"
,"41.375409000","40.125389000","7724","140","192.168.10.22","8081","10.0.0.2","46884","88","579217","38"
,"41.375422000","40.125402000","7725","140","192.168.10.22","8081","10.0.0.2","46884","88","579305","38"
,"41.437739000","40.187719000","7726","52","10.0.0.2","46884","192.168.10.22","8081","0","38","574729"
,"41.437767000","40.187747000","7727","52","10.0.0.2","46884","192.168.10.22","8081","0","38","574993"
,"41.438793000","40.188773000","7728","140","192.168.10.22","8081","10.0.0.2","46884","88","579393","38"
,"41.438834000","40.188814000","7729","140","192.168.10.22","8081","10.0.0.2","46884","88","579481","38"
,"41.438944000","40.188924000","7730","140","192.168.10.22","8081","10.0.0.2","46884","88","579569","38"
,"41.438963000","40.188943000","7731","140","192.168.10.22","8081","10.0.0.2","46884","88","579657","38"
,"41.439010000","40.188990000","7732","140","192.168.10.22","8081","10.0.0.2","46884","88","579745","38"
,"41.439021000","40.189001000","7733","140","192.168.10.22","8081","10.0.0.2","46884","88","579833","38"
,"41.439066000","40.189046000","7734","140","192.168.10.22","8081","10.0.0.2","46884","88","579921","38"
,"41.439080000","40.189060000","7735","140","192.168.10.22","8081","10.0.0.2","46884","88","580009","38"
,"41.439125000","40.189105000","7736","140","192.168.10.22","8081","10.0.0.2","46884","88","580097","38"
,"41.439140000","40.189120000","7737","140","192.168.10.22","8081","10.0.0.2","46884","88","580185","38"
,"41.439186000","40.189166000","7738","140","192.168.10.22","8081","10.0.0.2","46884","88","580273","38"
,"41.439199000","40.189179000","7739","140","192.168.10.22","8081","10.0.0.2","46884","88","580361","38"
,"41.499540000","40.249520000","7740","52","10.0.0.2","46884","192.168.10.22","8081","0","38","575697"
,"41.499567000","40.249547000","7741","52","10.0.0.2","46884","192.168.10.22","8081","0","38","575873"
,"41.500582000","40.250562000","7742","140","192.168.10.22","8081","10.0.0.2","46884","88","580449","38"
,"41.500627000","40.250607000","7743","140","192.168.10.22","8081","10.0.0.2","46884","88","580537","38"
,"41.500693000","40.250673000","7744","140","192.168.10.22","8081","10.0.0.2","46884","88","580625","38"
,"41.500708000","40.250688000","7745","140","192.168.10.22","8081","10.0.0.2","46884","88","580713","38"
,"41.500761000","40.250741000","7746","140","192.168.10.22","8081","10.0.0.2","46884","88","580801","38"
,"41.500773000","40.250753000","7747","140","192.168.10.22","8081","10.0.0.2","46884","88","580889","38"
,"41.500819000","40.250799000","7748","140","192.168.10.22","8081","10.0.0.2","46884","88","580977","38"
,"41.500830000","40.250810000","7749","140","192.168.10.22","8081","10.0.0.2","46884","88","581065","38"
,"41.500909000","40.250889000","7750","140","192.168.10.22","8081","10.0.0.2","46884","88","581153","38"
,"41.500927000","40.250907000","7751","140","192.168.10.22","8081","10.0.0.2","46884","88","581241","38"
,"41.562872000","40.312852000","7752","52","10.0.0.2","46884","192.168.10.22","8081","0","38","576753"
,"41.563898000","40.313878000","7753","140","192.168.10.22","8081","10.0.0.2","46884","88","581329","38"
,"41.563953000","40.313933000","7754","140","192.168.10.22","8081","10.0.0.2","46884","88","581417","38"
,"41.564019000","40.313999000","7755","140","192.168.10.22","8081","10.0.0.2","46884","88","581505","38"
,"41.564036000","40.314016000","7756","140","192.168.10.22","8081","10.0.0.2","46884","88","581593","38"
,"41.564083000","40.314063000","7757","140","192.168.10.22","8081","10.0.0.2","46884","88","581681","38"
,"41.564097000","40.314077000","7758","140","192.168.10.22","8081","10.0.0.2","46884","88","581769","38"
,"41.564143000","40.314123000","7759","140","192.168.10.22","8081","10.0.0.2","46884","88","581857","38"
,"41.564157000","40.314137000","7760","140","192.168.10.22","8081","10.0.0.2","46884","88","581945","38"
,"41.564203000","40.314183000","7761","140","192.168.10.22","8081","10.0.0.2","46884","88","582033","38"
,"41.564217000","40.314197000","7762","140","192.168.10.22","8081","10.0.0.2","46884","88","582121","38"
,"41.624747000","40.374727000","7763","52","10.0.0.2","46884","192.168.10.22","8081","0","38","577721"
,"41.625729000","40.375709000","7764","140","192.168.10.22","8081","10.0.0.2","46884","88","582209","38"
,"41.625771000","40.375751000","7765","140","192.168.10.22","8081","10.0.0.2","46884","88","582297","38"
,"41.625834000","40.375814000","7766","140","192.168.10.22","8081","10.0.0.2","46884","88","582385","38"
,"41.625851000","40.375831000","7767","140","192.168.10.22","8081","10.0.0.2","46884","88","582473","38"
,"41.625942000","40.375922000","7768","140","192.168.10.22","8081","10.0.0.2","46884","88","582561","38"
,"41.625958000","40.375938000","7769","140","192.168.10.22","8081","10.0.0.2","46884","88","582649","38"
,"41.626006000","40.375986000","7770","140","192.168.10.22","8081","10.0.0.2","46884","88","582737","38"
,"41.626019000","40.375999000","7771","140","192.168.10.22","8081","10.0.0.2","46884","88","582825","38"
,"41.626063000","40.376043000","7772","140","192.168.10.22","8081","10.0.0.2","46884","88","582913","38"
,"41.626077000","40.376057000","7773","140","192.168.10.22","8081","10.0.0.2","46884","88","583001","38"
,"41.687562000","40.437542000","7774","52","10.0.0.2","46884","192.168.10.22","8081","0","38","578601"
,"41.688542000","40.438522000","7775","140","192.168.10.22","8081","10.0.0.2","46884","88","583089","38"
,"41.688584000","40.438564000","7776","140","192.168.10.22","8081","10.0.0.2","46884","88","583177","38"
,"41.688649000","40.438629000","7777","140","192.168.10.22","8081","10.0.0.2","46884","88","583265","38"
,"41.688665000","40.438645000","7778","140","192.168.10.22","8081","10.0.0.2","46884","88","583353","38"
,"41.688718000","40.438698000","7779","140","192.168.10.22","8081","10.0.0.2","46884","88","583441","38"
,"41.688731000","40.438711000","7780","140","192.168.10.22","8081","10.0.0.2","46884","88","583529","38"
,"41.688777000","40.438757000","7781","140","192.168.10.22","8081","10.0.0.2","46884","88","583617","38"
,"41.688788000","40.438768000","7782","140","192.168.10.22","8081","10.0.0.2","46884","88","583705","38"
,"41.688833000","40.438813000","7783","140","192.168.10.22","8081","10.0.0.2","46884","88","583793","38"
,"41.688847000","40.438827000","7784","140","192.168.10.22","8081","10.0.0.2","46884","88","583881","38"
,"41.749842000","40.499822000","7785","52","10.0.0.2","46884","192.168.10.22","8081","0","38","579393"
,"41.749865000","40.499845000","7786","52","10.0.0.2","46884","192.168.10.22","8081","0","38","579569"
,"41.750839000","40.500819000","7787","140","192.168.10.22","8081","10.0.0.2","46884","88","583969","38"
,"41.750920000","40.500900000","7788","140","192.168.10.22","8081","10.0.0.2","46884","88","584057","38"
,"41.750992000","40.500972000","7789","140","192.168.10.22","8081","10.0.0.2","46884","88","584145","38"
,"41.751006000","40.500986000","7790","140","192.168.10.22","8081","10.0.0.2","46884","88","584233","38"
,"41.751053000","40.501033000","7791","140","192.168.10.22","8081","10.0.0.2","46884","88","584321","38"
,"41.751069000","40.501049000","7792","140","192.168.10.22","8081","10.0.0.2","46884","88","584409","38"
,"41.751115000","40.501095000","7793","140","192.168.10.22","8081","10.0.0.2","46884","88","584497","38"
,"41.751129000","40.501109000","7794","140","192.168.10.22","8081","10.0.0.2","46884","88","584585","38"
,"41.751173000","40.501153000","7795","140","192.168.10.22","8081","10.0.0.2","46884","88","584673","38"
,"41.751186000","40.501166000","7796","140","192.168.10.22","8081","10.0.0.2","46884","88","584761","38"
,"41.751231000","40.501211000","7797","140","192.168.10.22","8081","10.0.0.2","46884","88","584849","38"
,"41.751244000","40.501224000","7798","140","192.168.10.22","8081","10.0.0.2","46884","88","584937","38"
,"41.812548000","40.562528000","7799","52","10.0.0.2","46884","192.168.10.22","8081","0","38","580361"
,"41.812556000","40.562536000","7800","52","10.0.0.2","46884","192.168.10.22","8081","0","38","580449"
,"41.813511000","40.563491000","7801","140","192.168.10.22","8081","10.0.0.2","46884","88","585025","38"
,"41.813555000","40.563535000","7802","140","192.168.10.22","8081","10.0.0.2","46884","88","585113","38"
,"41.813619000","40.563599000","7803","140","192.168.10.22","8081","10.0.0.2","46884","88","585201","38"
,"41.813637000","40.563617000","7804","140","192.168.10.22","8081","10.0.0.2","46884","88","585289","38"
,"41.813692000","40.563672000","7805","140","192.168.10.22","8081","10.0.0.2","46884","88","585377","38"
,"41.813705000","40.563685000","7806","140","192.168.10.22","8081","10.0.0.2","46884","88","585465","38"
,"41.813750000","40.563730000","7807","140","192.168.10.22","8081","10.0.0.2","46884","88","585553","38"
,"41.813762000","40.563742000","7808","140","192.168.10.22","8081","10.0.0.2","46884","88","585641","38"
,"41.813806000","40.563786000","7809","140","192.168.10.22","8081","10.0.0.2","46884","88","585729","38"
,"41.813820000","40.563800000","7810","140","192.168.10.22","8081","10.0.0.2","46884","88","585817","38"
,"41.874506000","40.624486000","7811","52","10.0.0.2","46884","192.168.10.22","8081","0","38","581417"
,"41.875482000","40.625462000","7812","140","192.168.10.22","8081","10.0.0.2","46884","88","585905","38"
,"41.875524000","40.625504000","7813","140","192.168.10.22","8081","10.0.0.2","46884","88","585993","38"
,"41.875588000","40.625568000","7814","140","192.168.10.22","8081","10.0.0.2","46884","88","586081","38"
,"41.875603000","40.625583000","7815","140","192.168.10.22","8081","10.0.0.2","46884","88","586169","38"
,"41.875657000","40.625637000","7816","140","192.168.10.22","8081","10.0.0.2","46884","88","586257","38"
,"41.875671000","40.625651000","7817","140","192.168.10.22","8081","10.0.0.2","46884","88","586345","38"
,"41.875719000","40.625699000","7818","140","192.168.10.22","8081","10.0.0.2","46884","88","586433","38"
,"41.875731000","40.625711000","7819","140","192.168.10.22","8081","10.0.0.2","46884","88","586521","38"
,"41.875776000","40.625756000","7820","140","192.168.10.22","8081","10.0.0.2","46884","88","586609","38"
,"41.875790000","40.625770000","7821","140","192.168.10.22","8081","10.0.0.2","46884","88","586697","38"
,"41.937582000","40.687562000","7822","52","10.0.0.2","46884","192.168.10.22","8081","0","38","582297"
,"41.938564000","40.688544000","7823","140","192.168.10.22","8081","10.0.0.2","46884","88","586785","38"
,"41.938605000","40.688585000","7824","140","192.168.10.22","8081","10.0.0.2","46884","88","586873","38"
,"41.938668000","40.688648000","7825","140","192.168.10.22","8081","10.0.0.2","46884","88","586961","38"
,"41.938688000","40.688668000","7826","140","192.168.10.22","8081","10.0.0.2","46884","88","587049","38"
,"41.938742000","40.688722000","7827","140","192.168.10.22","8081","10.0.0.2","46884","88","587137","38"
,"41.938755000","40.688735000","7828","140","192.168.10.22","8081","10.0.0.2","46884","88","587225","38"
,"41.938800000","40.688780000","7829","140","192.168.10.22","8081","10.0.0.2","46884","88","587313","38"
,"41.938812000","40.688792000","7830","140","192.168.10.22","8081","10.0.0.2","46884","88","587401","38"
,"41.938856000","40.688836000","7831","140","192.168.10.22","8081","10.0.0.2","46884","88","587489","38"
,"41.938870000","40.688850000","7832","140","192.168.10.22","8081","10.0.0.2","46884","88","587577","38"
,"41.999354000","40.749334000","7833","52","10.0.0.2","46884","192.168.10.22","8081","0","38","583177"
,"41.999384000","40.749364000","7834","52","10.0.0.2","46884","192.168.10.22","8081","0","38","583265"
,"42.000371000","40.750351000","7835","140","192.168.10.22","8081","10.0.0.2","46884","88","587665","38"
,"42.000412000","40.750392000","7836","140","192.168.10.22","8081","10.0.0.2","46884","88","587753","38"
,"42.000474000","40.750454000","7837","140","192.168.10.22","8081","10.0.0.2","46884","88","587841","38"
,"42.000490000","40.750470000","7838","140","192.168.10.22","8081","10.0.0.2","46884","88","587929","38"
,"42.000542000","40.750522000","7839","140","192.168.10.22","8081","10.0.0.2","46884","88","588017","38"
,"42.000554000","40.750534000","7840","140","192.168.10.22","8081","10.0.0.2","46884","88","588105","38"
,"42.000599000","40.750579000","7841","140","192.168.10.22","8081","10.0.0.2","46884","88","588193","38"
,"42.000611000","40.750591000","7842","140","192.168.10.22","8081","10.0.0.2","46884","88","588281","38"
,"42.000654000","40.750634000","7843","140","192.168.10.22","8081","10.0.0.2","46884","88","588369","38"
,"42.000675000","40.750655000","7844","140","192.168.10.22","8081","10.0.0.2","46884","88","588457","38"
,"42.000722000","40.750702000","7845","140","192.168.10.22","8081","10.0.0.2","46884","88","588545","38"
,"42.000736000","40.750716000","7846","140","192.168.10.22","8081","10.0.0.2","46884","88","588633","38"
,"42.062330000","40.812310000","7847","52","10.0.0.2","46884","192.168.10.22","8081","0","38","584145"
,"42.063315000","40.813295000","7848","140","192.168.10.22","8081","10.0.0.2","46884","88","588721","38"
,"42.063338000","40.813318000","7849","140","192.168.10.22","8081","10.0.0.2","46884","88","588809","38"
,"42.063386000","40.813366000","7850","140","192.168.10.22","8081","10.0.0.2","46884","88","588897","38"
,"42.063398000","40.813378000","7851","140","192.168.10.22","8081","10.0.0.2","46884","88","588985","38"
,"42.063442000","40.813422000","7852","140","192.168.10.22","8081","10.0.0.2","46884","88","589073","38"
,"42.063453000","40.813433000","7853","140","192.168.10.22","8081","10.0.0.2","46884","88","589161","38"
,"42.063497000","40.813477000","7854","140","192.168.10.22","8081","10.0.0.2","46884","88","589249","38"
,"42.063507000","40.813487000","7855","140","192.168.10.22","8081","10.0.0.2","46884","88","589337","38"
,"42.063551000","40.813531000","7856","140","192.168.10.22","8081","10.0.0.2","46884","88","589425","38"
,"42.063570000","40.813550000","7857","140","192.168.10.22","8081","10.0.0.2","46884","88","589513","38"
,"42.124386000","40.874366000","7858","52","10.0.0.2","46884","192.168.10.22","8081","0","38","585025"
,"42.125315000","40.875295000","7859","140","192.168.10.22","8081","10.0.0.2","46884","88","589601","38"
,"42.125340000","40.875320000","7860","140","192.168.10.22","8081","10.0.0.2","46884","88","589689","38"
,"42.125388000","40.875368000","7861","140","192.168.10.22","8081","10.0.0.2","46884","88","589777","38"
,"42.125401000","40.875381000","7862","140","192.168.10.22","8081","10.0.0.2","46884","88","589865","38"
,"42.125445000","40.875425000","7863","140","192.168.10.22","8081","10.0.0.2","46884","88","589953","38"
,"42.125457000","40.875437000","7864","140","192.168.10.22","8081","10.0.0.2","46884","88","590041","38"
,"42.125500000","40.875480000","7865","140","192.168.10.22","8081","10.0.0.2","46884","88","590129","38"
,"42.125512000","40.875492000","7866","140","192.168.10.22","8081","10.0.0.2","46884","88","590217","38"
,"42.125554000","40.875534000","7867","140","192.168.10.22","8081","10.0.0.2","46884","88","590305","38"
,"42.125568000","40.875548000","7868","140","192.168.10.22","8081","10.0.0.2","46884","88","590393","38"
,"42.187405000","40.937385000","7869","52","10.0.0.2","46884","192.168.10.22","8081","0","38","585993"
,"42.188353000","40.938333000","7870","140","192.168.10.22","8081","10.0.0.2","46884","88","590481","38"
,"42.188375000","40.938355000","7871","140","192.168.10.22","8081","10.0.0.2","46884","88","590569","38"
,"42.188423000","40.938403000","7872","140","192.168.10.22","8081","10.0.0.2","46884","88","590657","38"
,"42.188435000","40.938415000","7873","140","192.168.10.22","8081","10.0.0.2","46884","88","590745","38"
,"42.188480000","40.938460000","7874","140","192.168.10.22","8081","10.0.0.2","46884","88","590833","38"
,"42.188491000","40.938471000","7875","140","192.168.10.22","8081","10.0.0.2","46884","88","590921","38"
,"42.188535000","40.938515000","7876","140","192.168.10.22","8081","10.0.0.2","46884","88","591009","38"
,"42.188546000","40.938526000","7877","140","192.168.10.22","8081","10.0.0.2","46884","88","591097","38"
,"42.188588000","40.938568000","7878","140","192.168.10.22","8081","10.0.0.2","46884","88","591185","38"
,"42.188608000","40.938588000","7879","140","192.168.10.22","8081","10.0.0.2","46884","88","591273","38"
,"42.249079000","40.999059000","7880","52","10.0.0.2","46884","192.168.10.22","8081","0","38","586785"
,"42.249106000","40.999086000","7881","52","10.0.0.2","46884","192.168.10.22","8081","0","38","586873"
,"42.250126000","41.000106000","7882","140","192.168.10.22","8081","10.0.0.2","46884","88","591361","38"
,"42.250149000","41.000129000","7883","140","192.168.10.22","8081","10.0.0.2","46884","88","591449","38"
,"42.250199000","41.000179000","7884","140","192.168.10.22","8081","10.0.0.2","46884","88","591537","38"
,"42.250211000","41.000191000","7885","140","192.168.10.22","8081","10.0.0.2","46884","88","591625","38"
,"42.250255000","41.000235000","7886","140","192.168.10.22","8081","10.0.0.2","46884","88","591713","38"
,"42.250267000","41.000247000","7887","140","192.168.10.22","8081","10.0.0.2","46884","88","591801","38"
,"42.250312000","41.000292000","7888","140","192.168.10.22","8081","10.0.0.2","46884","88","591889","38"
,"42.250324000","41.000304000","7889","140","192.168.10.22","8081","10.0.0.2","46884","88","591977","38"
,"42.250368000","41.000348000","7890","140","192.168.10.22","8081","10.0.0.2","46884","88","592065","38"
,"42.250381000","41.000361000","7891","140","192.168.10.22","8081","10.0.0.2","46884","88","592153","38"
,"42.312295000","41.062275000","7892","52","10.0.0.2","46884","192.168.10.22","8081","0","38","587577"
,"42.312306000","41.062286000","7893","52","10.0.0.2","46884","192.168.10.22","8081","0","38","587841"
,"42.313269000","41.063249000","7894","140","192.168.10.22","8081","10.0.0.2","46884","88","592241","38"
,"42.313290000","41.063270000","7895","140","192.168.10.22","8081","10.0.0.2","46884","88","592329","38"
,"42.313338000","41.063318000","7896","140","192.168.10.22","8081","10.0.0.2","46884","88","592417","38"
,"42.313350000","41.063330000","7897","140","192.168.10.22","8081","10.0.0.2","46884","88","592505","38"
,"42.313393000","41.063373000","7898","140","192.168.10.22","8081","10.0.0.2","46884","88","592593","38"
,"42.313404000","41.063384000","7899","140","192.168.10.22","8081","10.0.0.2","46884","88","592681","38"
,"42.313449000","41.063429000","7900","140","192.168.10.22","8081","10.0.0.2","46884","88","592769","38"
,"42.313461000","41.063441000","7901","140","192.168.10.22","8081","10.0.0.2","46884","88","592857","38"
,"42.313504000","41.063484000","7902","140","192.168.10.22","8081","10.0.0.2","46884","88","592945","38"
,"42.313517000","41.063497000","7903","140","192.168.10.22","8081","10.0.0.2","46884","88","593033","38"
,"42.313561000","41.063541000","7904","140","192.168.10.22","8081","10.0.0.2","46884","88","593121","38"
,"42.313574000","41.063554000","7905","140","192.168.10.22","8081","10.0.0.2","46884","88","593209","38"
,"42.374283000","41.124263000","7906","52","10.0.0.2","46884","192.168.10.22","8081","0","38","588721"
,"42.375243000","41.125223000","7907","140","192.168.10.22","8081","10.0.0.2","46884","88","593297","38"
,"42.375268000","41.125248000","7908","140","192.168.10.22","8081","10.0.0.2","46884","88","593385","38"
,"42.375315000","41.125295000","7909","140","192.168.10.22","8081","10.0.0.2","46884","88","593473","38"
,"42.375327000","41.125307000","7910","140","192.168.10.22","8081","10.0.0.2","46884","88","593561","38"
,"42.375371000","41.125351000","7911","140","192.168.10.22","8081","10.0.0.2","46884","88","593649","38"
,"42.375383000","41.125363000","7912","140","192.168.10.22","8081","10.0.0.2","46884","88","593737","38"
,"42.375427000","41.125407000","7913","140","192.168.10.22","8081","10.0.0.2","46884","88","593825","38"
,"42.375439000","41.125419000","7914","140","192.168.10.22","8081","10.0.0.2","46884","88","593913","38"
,"42.375482000","41.125462000","7915","140","192.168.10.22","8081","10.0.0.2","46884","88","594001","38"
,"42.375496000","41.125476000","7916","140","192.168.10.22","8081","10.0.0.2","46884","88","594089","38"
,"42.437989000","41.187969000","7917","52","10.0.0.2","46884","192.168.10.22","8081","0","38","589513"
,"42.438016000","41.187996000","7918","52","10.0.0.2","46884","192.168.10.22","8081","0","38","589689"
,"42.439087000","41.189067000","7919","140","192.168.10.22","8081","10.0.0.2","46884","88","594177","38"
,"42.439117000","41.189097000","7920","140","192.168.10.22","8081","10.0.0.2","46884","88","594265","38"
,"42.439180000","41.189160000","7921","140","192.168.10.22","8081","10.0.0.2","46884","88","594353","38"
,"42.439197000","41.189177000","7922","140","192.168.10.22","8081","10.0.0.2","46884","88","594441","38"
,"42.439248000","41.189228000","7923","140","192.168.10.22","8081","10.0.0.2","46884","88","594529","38"
,"42.439262000","41.189242000","7924","140","192.168.10.22","8081","10.0.0.2","46884","88","594617","38"
,"42.439307000","41.189287000","7925","140","192.168.10.22","8081","10.0.0.2","46884","88","594705","38"
,"42.439318000","41.189298000","7926","140","192.168.10.22","8081","10.0.0.2","46884","88","594793","38"
,"42.439362000","41.189342000","7927","140","192.168.10.22","8081","10.0.0.2","46884","88","594881","38"
,"42.439377000","41.189357000","7928","140","192.168.10.22","8081","10.0.0.2","46884","88","594969","38"
,"42.499075000","41.249055000","7929","52","10.0.0.2","46884","192.168.10.22","8081","0","38","590481"
,"42.499101000","41.249081000","7930","52","10.0.0.2","46884","192.168.10.22","8081","0","38","590569"
,"42.500099000","41.250079000","7931","140","192.168.10.22","8081","10.0.0.2","46884","88","595057","38"
,"42.500123000","41.250103000","7932","140","192.168.10.22","8081","10.0.0.2","46884","88","595145","38"
,"42.500171000","41.250151000","7933","140","192.168.10.22","8081","10.0.0.2","46884","88","595233","38"
,"42.500183000","41.250163000","7934","140","192.168.10.22","8081","10.0.0.2","46884","88","595321","38"
,"42.500227000","41.250207000","7935","140","192.168.10.22","8081","10.0.0.2","46884","88","595409","38"
,"42.500239000","41.250219000","7936","140","192.168.10.22","8081","10.0.0.2","46884","88","595497","38"
,"42.500283000","41.250263000","7937","140","192.168.10.22","8081","10.0.0.2","46884","88","595585","38"
,"42.500294000","41.250274000","7938","140","192.168.10.22","8081","10.0.0.2","46884","88","595673","38"
,"42.500338000","41.250318000","7939","140","192.168.10.22","8081","10.0.0.2","46884","88","595761","38"
,"42.500352000","41.250332000","7940","140","192.168.10.22","8081","10.0.0.2","46884","88","595849","38"
,"42.562190000","41.312170000","7941","52","10.0.0.2","46884","192.168.10.22","8081","0","38","591009"
,"42.562217000","41.312197000","7942","52","10.0.0.2","46884","192.168.10.22","8081","0","38","591537"
,"42.563193000","41.313173000","7943","140","192.168.10.22","8081","10.0.0.2","46884","88","595937","38"
,"42.563215000","41.313195000","7944","140","192.168.10.22","8081","10.0.0.2","46884","88","596025","38"
,"42.563264000","41.313244000","7945","140","192.168.10.22","8081","10.0.0.2","46884","88","596113","38"
,"42.563276000","41.313256000","7946","140","192.168.10.22","8081","10.0.0.2","46884","88","596201","38"
,"42.563320000","41.313300000","7947","140","192.168.10.22","8081","10.0.0.2","46884","88","596289","38"
,"42.563332000","41.313312000","7948","140","192.168.10.22","8081","10.0.0.2","46884","88","596377","38"
,"42.563376000","41.313356000","7949","140","192.168.10.22","8081","10.0.0.2","46884","88","596465","38"
,"42.563387000","41.313367000","7950","140","192.168.10.22","8081","10.0.0.2","46884","88","596553","38"
,"42.563430000","41.313410000","7951","140","192.168.10.22","8081","10.0.0.2","46884","88","596641","38"
,"42.563443000","41.313423000","7952","140","192.168.10.22","8081","10.0.0.2","46884","88","596729","38"
,"42.563487000","41.313467000","7953","140","192.168.10.22","8081","10.0.0.2","46884","88","596817","38"
,"42.563501000","41.313481000","7954","140","192.168.10.22","8081","10.0.0.2","46884","88","596905","38"
,"42.624839000","41.374819000","7955","52","10.0.0.2","46884","192.168.10.22","8081","0","38","592417"
,"42.625575000","41.375555000","7956","140","192.168.10.22","8081","10.0.0.2","46884","88","596993","38"
,"42.625585000","41.375565000","7957","140","192.168.10.22","8081","10.0.0.2","46884","88","597081","38"
,"42.625611000","41.375591000","7958","140","192.168.10.22","8081","10.0.0.2","46884","88","597169","38"
,"42.625614000","41.375594000","7959","140","192.168.10.22","8081","10.0.0.2","46884","88","597257","38"
,"42.625625000","41.375605000","7960","140","192.168.10.22","8081","10.0.0.2","46884","88","597345","38"
,"42.625628000","41.375608000","7961","140","192.168.10.22","8081","10.0.0.2","46884","88","597433","38"
,"42.625638000","41.375618000","7962","140","192.168.10.22","8081","10.0.0.2","46884","88","597521","38"
,"42.625641000","41.375621000","7963","140","192.168.10.22","8081","10.0.0.2","46884","88","597609","38"
,"42.625652000","41.375632000","7964","140","192.168.10.22","8081","10.0.0.2","46884","88","597697","38"
,"42.625654000","41.375634000","7965","140","192.168.10.22","8081","10.0.0.2","46884","88","597785","38"
,"42.687951000","41.437931000","7966","52","10.0.0.2","46884","192.168.10.22","8081","0","38","593297"
,"42.689071000","41.439051000","7967","140","192.168.10.22","8081","10.0.0.2","46884","88","597873","38"
,"42.689102000","41.439082000","7968","140","192.168.10.22","8081","10.0.0.2","46884","88","597961","38"
,"42.689163000","41.439143000","7969","140","192.168.10.22","8081","10.0.0.2","46884","88","598049","38"
,"42.689179000","41.439159000","7970","140","192.168.10.22","8081","10.0.0.2","46884","88","598137","38"
,"42.689233000","41.439213000","7971","140","192.168.10.22","8081","10.0.0.2","46884","88","598225","38"
,"42.689247000","41.439227000","7972","140","192.168.10.22","8081","10.0.0.2","46884","88","598313","38"
,"42.689292000","41.439272000","7973","140","192.168.10.22","8081","10.0.0.2","46884","88","598401","38"
,"42.689303000","41.439283000","7974","140","192.168.10.22","8081","10.0.0.2","46884","88","598489","38"
,"42.689347000","41.439327000","7975","140","192.168.10.22","8081","10.0.0.2","46884","88","598577","38"
,"42.689380000","41.439360000","7976","140","192.168.10.22","8081","10.0.0.2","46884","88","598665","38"
,"42.749360000","41.499340000","7977","52","10.0.0.2","46884","192.168.10.22","8081","0","38","594177"
,"42.749386000","41.499366000","7978","52","10.0.0.2","46884","192.168.10.22","8081","0","38","594265"
,"42.750352000","41.500332000","7979","140","192.168.10.22","8081","10.0.0.2","46884","88","598753","38"
,"42.750375000","41.500355000","7980","140","192.168.10.22","8081","10.0.0.2","46884","88","598841","38"
,"42.750425000","41.500405000","7981","140","192.168.10.22","8081","10.0.0.2","46884","88","598929","38"
,"42.750437000","41.500417000","7982","140","192.168.10.22","8081","10.0.0.2","46884","88","599017","38"
,"42.750481000","41.500461000","7983","140","192.168.10.22","8081","10.0.0.2","46884","88","599105","38"
,"42.750493000","41.500473000","7984","140","192.168.10.22","8081","10.0.0.2","46884","88","599193","38"
,"42.750537000","41.500517000","7985","140","192.168.10.22","8081","10.0.0.2","46884","88","599281","38"
,"42.750548000","41.500528000","7986","140","192.168.10.22","8081","10.0.0.2","46884","88","599369","38"
,"42.750592000","41.500572000","7987","140","192.168.10.22","8081","10.0.0.2","46884","88","599457","38"
,"42.750606000","41.500586000","7988","140","192.168.10.22","8081","10.0.0.2","46884","88","599545","38"
,"42.812725000","41.562705000","7989","52","10.0.0.2","46884","192.168.10.22","8081","0","38","594793"
,"42.812736000","41.562716000","7990","52","10.0.0.2","46884","192.168.10.22","8081","0","38","595145"
,"42.813804000","41.563784000","7991","140","192.168.10.22","8081","10.0.0.2","46884","88","599633","38"
,"42.813835000","41.563815000","7992","140","192.168.10.22","8081","10.0.0.2","46884","88","599721","38"
,"42.813937000","41.563917000","7993","140","192.168.10.22","8081","10.0.0.2","46884","88","599809","38"
,"42.813958000","41.563938000","7994","140","192.168.10.22","8081","10.0.0.2","46884","88","599897","38"
,"42.814011000","41.563991000","7995","140","192.168.10.22","8081","10.0.0.2","46884","88","599985","38"
,"42.814024000","41.564004000","7996","140","192.168.10.22","8081","10.0.0.2","46884","88","600073","38"
,"42.814069000","41.564049000","7997","140","192.168.10.22","8081","10.0.0.2","46884","88","600161","38"
,"42.814084000","41.564064000","7998","140","192.168.10.22","8081","10.0.0.2","46884","88","600249","38"
,"42.814129000","41.564109000","7999","140","192.168.10.22","8081","10.0.0.2","46884","88","600337","38"
,"42.814142000","41.564122000","8000","140","192.168.10.22","8081","10.0.0.2","46884","88","600425","38"
,"42.874298000","41.624278000","8001","52","10.0.0.2","46884","192.168.10.22","8081","0","38","596025"
,"42.874328000","41.624308000","8002","52","10.0.0.2","46884","192.168.10.22","8081","0","38","596113"
,"42.875423000","41.625403000","8003","140","192.168.10.22","8081","10.0.0.2","46884","88","600513","38"
,"42.875452000","41.625432000","8004","140","192.168.10.22","8081","10.0.0.2","46884","88","600601","38"
,"42.875514000","41.625494000","8005","140","192.168.10.22","8081","10.0.0.2","46884","88","600689","38"
,"42.875529000","41.625509000","8006","140","192.168.10.22","8081","10.0.0.2","46884","88","600777","38"
,"42.875583000","41.625563000","8007","140","192.168.10.22","8081","10.0.0.2","46884","88","600865","38"
,"42.875599000","41.625579000","8008","140","192.168.10.22","8081","10.0.0.2","46884","88","600953","38"
,"42.875649000","41.625629000","8009","140","192.168.10.22","8081","10.0.0.2","46884","88","601041","38"
,"42.875661000","41.625641000","8010","140","192.168.10.22","8081","10.0.0.2","46884","88","601129","38"
,"42.875705000","41.625685000","8011","140","192.168.10.22","8081","10.0.0.2","46884","88","601217","38"
,"42.875720000","41.625700000","8012","140","192.168.10.22","8081","10.0.0.2","46884","88","601305","38"
,"42.875764000","41.625744000","8013","140","192.168.10.22","8081","10.0.0.2","46884","88","601393","38"
,"42.875780000","41.625760000","8014","140","192.168.10.22","8081","10.0.0.2","46884","88","601481","38"
,"42.937317000","41.687297000","8015","52","10.0.0.2","46884","192.168.10.22","8081","0","38","596905"
,"42.937346000","41.687326000","8016","52","10.0.0.2","46884","192.168.10.22","8081","0","38","596993"
,"42.938376000","41.688356000","8017","140","192.168.10.22","8081","10.0.0.2","46884","88","601569","38"
,"42.938406000","41.688386000","8018","140","192.168.10.22","8081","10.0.0.2","46884","88","601657","38"
,"42.938464000","41.688444000","8019","140","192.168.10.22","8081","10.0.0.2","46884","88","601745","38"
,"42.938480000","41.688460000","8020","140","192.168.10.22","8081","10.0.0.2","46884","88","601833","38"
,"42.938533000","41.688513000","8021","140","192.168.10.22","8081","10.0.0.2","46884","88","601921","38"
,"42.938549000","41.688529000","8022","140","192.168.10.22","8081","10.0.0.2","46884","88","602009","38"
,"42.938601000","41.688581000","8023","140","192.168.10.22","8081","10.0.0.2","46884","88","602097","38"
,"42.938613000","41.688593000","8024","140","192.168.10.22","8081","10.0.0.2","46884","88","602185","38"
,"42.938658000","41.688638000","8025","140","192.168.10.22","8081","10.0.0.2","46884","88","602273","38"
,"42.938672000","41.688652000","8026","140","192.168.10.22","8081","10.0.0.2","46884","88","602361","38"
,"42.999855000","41.749835000","8027","52","10.0.0.2","46884","192.168.10.22","8081","0","38","597345"
,"42.999912000","41.749892000","8028","52","10.0.0.2","46884","192.168.10.22","8081","0","38","597961"
,"43.000970000","41.750950000","8029","140","192.168.10.22","8081","10.0.0.2","46884","88","602449","38"
,"43.000998000","41.750978000","8030","140","192.168.10.22","8081","10.0.0.2","46884","88","602537","38"
,"43.001060000","41.751040000","8031","140","192.168.10.22","8081","10.0.0.2","46884","88","602625","38"
,"43.001076000","41.751056000","8032","140","192.168.10.22","8081","10.0.0.2","46884","88","602713","38"
,"43.001129000","41.751109000","8033","140","192.168.10.22","8081","10.0.0.2","46884","88","602801","38"
,"43.001141000","41.751121000","8034","140","192.168.10.22","8081","10.0.0.2","46884","88","602889","38"
,"43.001186000","41.751166000","8035","140","192.168.10.22","8081","10.0.0.2","46884","88","602977","38"
,"43.001197000","41.751177000","8036","140","192.168.10.22","8081","10.0.0.2","46884","88","603065","38"
,"43.001240000","41.751220000","8037","140","192.168.10.22","8081","10.0.0.2","46884","88","603153","38"
,"43.001263000","41.751243000","8038","140","192.168.10.22","8081","10.0.0.2","46884","88","603241","38"
,"43.062315000","41.812295000","8039","52","10.0.0.2","46884","192.168.10.22","8081","0","38","598841"
,"43.063371000","41.813351000","8040","140","192.168.10.22","8081","10.0.0.2","46884","88","603329","38"
,"43.063403000","41.813383000","8041","140","192.168.10.22","8081","10.0.0.2","46884","88","603417","38"
,"43.063461000","41.813441000","8042","140","192.168.10.22","8081","10.0.0.2","46884","88","603505","38"
,"43.063476000","41.813456000","8043","140","192.168.10.22","8081","10.0.0.2","46884","88","603593","38"
,"43.063529000","41.813509000","8044","140","192.168.10.22","8081","10.0.0.2","46884","88","603681","38"
,"43.063544000","41.813524000","8045","140","192.168.10.22","8081","10.0.0.2","46884","88","603769","38"
,"43.063597000","41.813577000","8046","140","192.168.10.22","8081","10.0.0.2","46884","88","603857","38"
,"43.063610000","41.813590000","8047","140","192.168.10.22","8081","10.0.0.2","46884","88","603945","38"
,"43.063653000","41.813633000","8048","140","192.168.10.22","8081","10.0.0.2","46884","88","604033","38"
,"43.063668000","41.813648000","8049","140","192.168.10.22","8081","10.0.0.2","46884","88","604121","38"
,"43.124295000","41.874275000","8050","52","10.0.0.2","46884","192.168.10.22","8081","0","38","599721"
,"43.124304000","41.874284000","8051","52","10.0.0.2","46884","192.168.10.22","8081","0","38","599809"
,"43.125323000","41.875303000","8052","140","192.168.10.22","8081","10.0.0.2","46884","88","604209","38"
,"43.125348000","41.875328000","8053","140","192.168.10.22","8081","10.0.0.2","46884","88","604297","38"
,"43.125395000","41.875375000","8054","140","192.168.10.22","8081","10.0.0.2","46884","88","604385","38"
,"43.125407000","41.875387000","8055","140","192.168.10.22","8081","10.0.0.2","46884","88","604473","38"
,"43.125451000","41.875431000","8056","140","192.168.10.22","8081","10.0.0.2","46884","88","604561","38"
,"43.125463000","41.875443000","8057","140","192.168.10.22","8081","10.0.0.2","46884","88","604649","38"
,"43.125506000","41.875486000","8058","140","192.168.10.22","8081","10.0.0.2","46884","88","604737","38"
,"43.125517000","41.875497000","8059","140","192.168.10.22","8081","10.0.0.2","46884","88","604825","38"
,"43.125561000","41.875541000","8060","140","192.168.10.22","8081","10.0.0.2","46884","88","604913","38"
,"43.125580000","41.875560000","8061","140","192.168.10.22","8081","10.0.0.2","46884","88","605001","38"
,"43.125623000","41.875603000","8062","140","192.168.10.22","8081","10.0.0.2","46884","88","605089","38"
,"43.125636000","41.875616000","8063","140","192.168.10.22","8081","10.0.0.2","46884","88","605177","38"
,"43.187907000","41.937887000","8064","52","10.0.0.2","46884","192.168.10.22","8081","0","38","600601"
,"43.187949000","41.937929000","8065","52","10.0.0.2","46884","192.168.10.22","8081","0","38","600689"
,"43.189014000","41.938994000","8066","140","192.168.10.22","8081","10.0.0.2","46884","88","605265","38"
,"43.189046000","41.939026000","8067","140","192.168.10.22","8081","10.0.0.2","46884","88","605353","38"
,"43.189108000","41.939088000","8068","140","192.168.10.22","8081","10.0.0.2","46884","88","605441","38"
,"43.189124000","41.939104000","8069","140","192.168.10.22","8081","10.0.0.2","46884","88","605529","38"
,"43.189180000","41.939160000","8070","140","192.168.10.22","8081","10.0.0.2","46884","88","605617","38"
,"43.189192000","41.939172000","8071","140","192.168.10.22","8081","10.0.0.2","46884","88","605705","38"
,"43.189235000","41.939215000","8072","140","192.168.10.22","8081","10.0.0.2","46884","88","605793","38"
,"43.189246000","41.939226000","8073","140","192.168.10.22","8081","10.0.0.2","46884","88","605881","38"
,"43.189290000","41.939270000","8074","140","192.168.10.22","8081","10.0.0.2","46884","88","605969","38"
,"43.189312000","41.939292000","8075","140","192.168.10.22","8081","10.0.0.2","46884","88","606057","38"
,"43.249399000","41.999379000","8076","52","10.0.0.2","46884","192.168.10.22","8081","0","38","601481"
,"43.249426000","41.999406000","8077","52","10.0.0.2","46884","192.168.10.22","8081","0","38","601569"
,"43.250463000","42.000443000","8078","140","192.168.10.22","8081","10.0.0.2","46884","88","606145","38"
,"43.250493000","42.000473000","8079","140","192.168.10.22","8081","10.0.0.2","46884","88","606233","38"
,"43.250554000","42.000534000","8080","140","192.168.10.22","8081","10.0.0.2","46884","88","606321","38"
,"43.250569000","42.000549000","8081","140","192.168.10.22","8081","10.0.0.2","46884","88","606409","38"
,"43.250623000","42.000603000","8082","140","192.168.10.22","8081","10.0.0.2","46884","88","606497","38"
,"43.250638000","42.000618000","8083","140","192.168.10.22","8081","10.0.0.2","46884","88","606585","38"
,"43.250689000","42.000669000","8084","140","192.168.10.22","8081","10.0.0.2","46884","88","606673","38"
,"43.250702000","42.000682000","8085","140","192.168.10.22","8081","10.0.0.2","46884","88","606761","38"
,"43.250746000","42.000726000","8086","140","192.168.10.22","8081","10.0.0.2","46884","88","606849","38"
,"43.250760000","42.000740000","8087","140","192.168.10.22","8081","10.0.0.2","46884","88","606937","38"
,"43.312054000","42.062034000","8088","52","10.0.0.2","46884","192.168.10.22","8081","0","38","602361"
,"43.312061000","42.062041000","8089","52","10.0.0.2","46884","192.168.10.22","8081","0","38","602537"
,"43.313085000","42.063065000","8090","140","192.168.10.22","8081","10.0.0.2","46884","88","607025","38"
,"43.313114000","42.063094000","8091","140","192.168.10.22","8081","10.0.0.2","46884","88","607113","38"
,"43.313175000","42.063155000","8092","140","192.168.10.22","8081","10.0.0.2","46884","88","607201","38"
,"43.313191000","42.063171000","8093","140","192.168.10.22","8081","10.0.0.2","46884","88","607289","38"
,"43.313242000","42.063222000","8094","140","192.168.10.22","8081","10.0.0.2","46884","88","607377","38"
,"43.313257000","42.063237000","8095","140","192.168.10.22","8081","10.0.0.2","46884","88","607465","38"
,"43.313310000","42.063290000","8096","140","192.168.10.22","8081","10.0.0.2","46884","88","607553","38"
,"43.313323000","42.063303000","8097","140","192.168.10.22","8081","10.0.0.2","46884","88","607641","38"
,"43.313367000","42.063347000","8098","140","192.168.10.22","8081","10.0.0.2","46884","88","607729","38"
,"43.313381000","42.063361000","8099","140","192.168.10.22","8081","10.0.0.2","46884","88","607817","38"
,"43.374869000","42.124849000","8100","52","10.0.0.2","46884","192.168.10.22","8081","0","38","603417"
,"43.375928000","42.125908000","8101","140","192.168.10.22","8081","10.0.0.2","46884","88","607905","38"
,"43.375961000","42.125941000","8102","140","192.168.10.22","8081","10.0.0.2","46884","88","607993","38"
,"43.376023000","42.126003000","8103","140","192.168.10.22","8081","10.0.0.2","46884","88","608081","38"
,"43.376040000","42.126020000","8104","140","192.168.10.22","8081","10.0.0.2","46884","88","608169","38"
,"43.376095000","42.126075000","8105","140","192.168.10.22","8081","10.0.0.2","46884","88","608257","38"
,"43.376108000","42.126088000","8106","140","192.168.10.22","8081","10.0.0.2","46884","88","608345","38"
,"43.376152000","42.126132000","8107","140","192.168.10.22","8081","10.0.0.2","46884","88","608433","38"
,"43.376163000","42.126143000","8108","140","192.168.10.22","8081","10.0.0.2","46884","88","608521","38"
,"43.376207000","42.126187000","8109","140","192.168.10.22","8081","10.0.0.2","46884","88","608609","38"
,"43.376222000","42.126202000","8110","140","192.168.10.22","8081","10.0.0.2","46884","88","608697","38"
,"43.437389000","42.187369000","8111","52","10.0.0.2","46884","192.168.10.22","8081","0","38","604209"
,"43.437419000","42.187399000","8112","52","10.0.0.2","46884","192.168.10.22","8081","0","38","604385"
,"43.438483000","42.188463000","8113","140","192.168.10.22","8081","10.0.0.2","46884","88","608785","38"
,"43.438514000","42.188494000","8114","140","192.168.10.22","8081","10.0.0.2","46884","88","608873","38"
,"43.438576000","42.188556000","8115","140","192.168.10.22","8081","10.0.0.2","46884","88","608961","38"
,"43.438592000","42.188572000","8116","140","192.168.10.22","8081","10.0.0.2","46884","88","609049","38"
,"43.438646000","42.188626000","8117","140","192.168.10.22","8081","10.0.0.2","46884","88","609137","38"
,"43.438662000","42.188642000","8118","140","192.168.10.22","8081","10.0.0.2","46884","88","609225","38"
,"43.438712000","42.188692000","8119","140","192.168.10.22","8081","10.0.0.2","46884","88","609313","38"
,"43.438724000","42.188704000","8120","140","192.168.10.22","8081","10.0.0.2","46884","88","609401","38"
,"43.438768000","42.188748000","8121","140","192.168.10.22","8081","10.0.0.2","46884","88","609489","38"
,"43.438782000","42.188762000","8122","140","192.168.10.22","8081","10.0.0.2","46884","88","609577","38"
,"43.438827000","42.188807000","8123","140","192.168.10.22","8081","10.0.0.2","46884","88","609665","38"
,"43.438840000","42.188820000","8124","140","192.168.10.22","8081","10.0.0.2","46884","88","609753","38"
,"43.499183000","42.249163000","8125","52","10.0.0.2","46884","192.168.10.22","8081","0","38","605089"
,"43.499208000","42.249188000","8126","52","10.0.0.2","46884","192.168.10.22","8081","0","38","605265"
,"43.500246000","42.250226000","8127","140","192.168.10.22","8081","10.0.0.2","46884","88","609841","38"
,"43.500276000","42.250256000","8128","140","192.168.10.22","8081","10.0.0.2","46884","88","609929","38"
,"43.500337000","42.250317000","8129","140","192.168.10.22","8081","10.0.0.2","46884","88","610017","38"
,"43.500353000","42.250333000","8130","140","192.168.10.22","8081","10.0.0.2","46884","88","610105","38"
,"43.500406000","42.250386000","8131","140","192.168.10.22","8081","10.0.0.2","46884","88","610193","38"
,"43.500422000","42.250402000","8132","140","192.168.10.22","8081","10.0.0.2","46884","88","610281","38"
,"43.500471000","42.250451000","8133","140","192.168.10.22","8081","10.0.0.2","46884","88","610369","38"
,"43.500483000","42.250463000","8134","140","192.168.10.22","8081","10.0.0.2","46884","88","610457","38"
,"43.500527000","42.250507000","8135","140","192.168.10.22","8081","10.0.0.2","46884","88","610545","38"
,"43.500542000","42.250522000","8136","140","192.168.10.22","8081","10.0.0.2","46884","88","610633","38"
,"43.562575000","42.312555000","8137","52","10.0.0.2","46884","192.168.10.22","8081","0","38","606233"
,"43.563573000","42.313553000","8138","140","192.168.10.22","8081","10.0.0.2","46884","88","610721","38"
,"43.563598000","42.313578000","8139","140","192.168.10.22","8081","10.0.0.2","46884","88","610809","38"
,"43.563658000","42.313638000","8140","140","192.168.10.22","8081","10.0.0.2","46884","88","610897","38"
,"43.563675000","42.313655000","8141","140","192.168.10.22","8081","10.0.0.2","46884","88","610985","38"
,"43.563728000","42.313708000","8142","140","192.168.10.22","8081","10.0.0.2","46884","88","611073","38"
,"43.563743000","42.313723000","8143","140","192.168.10.22","8081","10.0.0.2","46884","88","611161","38"
,"43.563799000","42.313779000","8144","140","192.168.10.22","8081","10.0.0.2","46884","88","611249","38"
,"43.563812000","42.313792000","8145","140","192.168.10.22","8081","10.0.0.2","46884","88","611337","38"
,"43.563856000","42.313836000","8146","140","192.168.10.22","8081","10.0.0.2","46884","88","611425","38"
,"43.563870000","42.313850000","8147","140","192.168.10.22","8081","10.0.0.2","46884","88","611513","38"
,"43.624287000","42.374267000","8148","52","10.0.0.2","46884","192.168.10.22","8081","0","38","607113"
,"43.624952000","42.374932000","8149","140","192.168.10.22","8081","10.0.0.2","46884","88","611601","38"
,"43.624959000","42.374939000","8150","140","192.168.10.22","8081","10.0.0.2","46884","88","611689","38"
,"43.624989000","42.374969000","8151","140","192.168.10.22","8081","10.0.0.2","46884","88","611777","38"
,"43.624993000","42.374973000","8152","140","192.168.10.22","8081","10.0.0.2","46884","88","611865","38"
,"43.625003000","42.374983000","8153","140","192.168.10.22","8081","10.0.0.2","46884","88","611953","38"
,"43.625007000","42.374987000","8154","140","192.168.10.22","8081","10.0.0.2","46884","88","612041","38"
,"43.625018000","42.374998000","8155","140","192.168.10.22","8081","10.0.0.2","46884","88","612129","38"
,"43.625021000","42.375001000","8156","140","192.168.10.22","8081","10.0.0.2","46884","88","612217","38"
,"43.625116000","42.375096000","8157","140","192.168.10.22","8081","10.0.0.2","46884","88","612305","38"
,"43.625122000","42.375102000","8158","140","192.168.10.22","8081","10.0.0.2","46884","88","612393","38"
,"43.688006000","42.437986000","8159","52","10.0.0.2","46884","192.168.10.22","8081","0","38","608081"
,"43.689077000","42.439057000","8160","140","192.168.10.22","8081","10.0.0.2","46884","88","612481","38"
,"43.689109000","42.439089000","8161","140","192.168.10.22","8081","10.0.0.2","46884","88","612569","38"
,"43.689169000","42.439149000","8162","140","192.168.10.22","8081","10.0.0.2","46884","88","612657","38"
,"43.689185000","42.439165000","8163","140","192.168.10.22","8081","10.0.0.2","46884","88","612745","38"
,"43.689242000","42.439222000","8164","140","192.168.10.22","8081","10.0.0.2","46884","88","612833","38"
,"43.689259000","42.439239000","8165","140","192.168.10.22","8081","10.0.0.2","46884","88","612921","38"
,"43.689307000","42.439287000","8166","140","192.168.10.22","8081","10.0.0.2","46884","88","613009","38"
,"43.689319000","42.439299000","8167","140","192.168.10.22","8081","10.0.0.2","46884","88","613097","38"
,"43.689363000","42.439343000","8168","140","192.168.10.22","8081","10.0.0.2","46884","88","613185","38"
,"43.689378000","42.439358000","8169","140","192.168.10.22","8081","10.0.0.2","46884","88","613273","38"
,"43.689423000","42.439403000","8170","140","192.168.10.22","8081","10.0.0.2","46884","88","613361","38"
,"43.689437000","42.439417000","8171","140","192.168.10.22","8081","10.0.0.2","46884","88","613449","38"
,"43.749179000","42.499159000","8172","52","10.0.0.2","46884","192.168.10.22","8081","0","38","608873"
,"43.749205000","42.499185000","8173","52","10.0.0.2","46884","192.168.10.22","8081","0","38","608961"
,"43.750200000","42.500180000","8174","140","192.168.10.22","8081","10.0.0.2","46884","88","613537","38"
,"43.750223000","42.500203000","8175","140","192.168.10.22","8081","10.0.0.2","46884","88","613625","38"
,"43.750271000","42.500251000","8176","140","192.168.10.22","8081","10.0.0.2","46884","88","613713","38"
,"43.750283000","42.500263000","8177","140","192.168.10.22","8081","10.0.0.2","46884","88","613801","38"
,"43.750328000","42.500308000","8178","140","192.168.10.22","8081","10.0.0.2","46884","88","613889","38"
,"43.750340000","42.500320000","8179","140","192.168.10.22","8081","10.0.0.2","46884","88","613977","38"
,"43.750384000","42.500364000","8180","140","192.168.10.22","8081","10.0.0.2","46884","88","614065","38"
,"43.750396000","42.500376000","8181","140","192.168.10.22","8081","10.0.0.2","46884","88","614153","38"
,"43.750440000","42.500420000","8182","140","192.168.10.22","8081","10.0.0.2","46884","88","614241","38"
,"43.750459000","42.500439000","8183","140","192.168.10.22","8081","10.0.0.2","46884","88","614329","38"
,"43.812610000","42.562590000","8184","52","10.0.0.2","46884","192.168.10.22","8081","0","38","609841"
,"43.813635000","42.563615000","8185","140","192.168.10.22","8081","10.0.0.2","46884","88","614417","38"
,"43.813665000","42.563645000","8186","140","192.168.10.22","8081","10.0.0.2","46884","88","614505","38"
,"43.813726000","42.563706000","8187","140","192.168.10.22","8081","10.0.0.2","46884","88","614593","38"
,"43.813742000","42.563722000","8188","140","192.168.10.22","8081","10.0.0.2","46884","88","614681","38"
,"43.813797000","42.563777000","8189","140","192.168.10.22","8081","10.0.0.2","46884","88","614769","38"
,"43.813812000","42.563792000","8190","140","192.168.10.22","8081","10.0.0.2","46884","88","614857","38"
,"43.813861000","42.563841000","8191","140","192.168.10.22","8081","10.0.0.2","46884","88","614945","38"
,"43.813895000","42.563875000","8192","140","192.168.10.22","8081","10.0.0.2","46884","88","615033","38"
,"43.813946000","42.563926000","8193","140","192.168.10.22","8081","10.0.0.2","46884","88","615121","38"
,"43.813960000","42.563940000","8194","140","192.168.10.22","8081","10.0.0.2","46884","88","615209","38"
,"43.874104000","42.624084000","8195","52","10.0.0.2","46884","192.168.10.22","8081","0","38","610809"
,"43.875153000","42.625133000","8196","140","192.168.10.22","8081","10.0.0.2","46884","88","615297","38"
,"43.875183000","42.625163000","8197","140","192.168.10.22","8081","10.0.0.2","46884","88","615385","38"
,"43.875245000","42.625225000","8198","140","192.168.10.22","8081","10.0.0.2","46884","88","615473","38"
,"43.875261000","42.625241000","8199","140","192.168.10.22","8081","10.0.0.2","46884","88","615561","38"
,"43.875314000","42.625294000","8200","140","192.168.10.22","8081","10.0.0.2","46884","88","615649","38"
,"43.875331000","42.625311000","8201","140","192.168.10.22","8081","10.0.0.2","46884","88","615737","38"
,"43.875382000","42.625362000","8202","140","192.168.10.22","8081","10.0.0.2","46884","88","615825","38"
,"43.875394000","42.625374000","8203","140","192.168.10.22","8081","10.0.0.2","46884","88","615913","38"
,"43.875439000","42.625419000","8204","140","192.168.10.22","8081","10.0.0.2","46884","88","616001","38"
,"43.875453000","42.625433000","8205","140","192.168.10.22","8081","10.0.0.2","46884","88","616089","38"
,"43.937103000","42.687083000","8206","52","10.0.0.2","46884","192.168.10.22","8081","0","38","611689"
,"43.938115000","42.688095000","8207","140","192.168.10.22","8081","10.0.0.2","46884","88","616177","38"
,"43.938139000","42.688119000","8208","140","192.168.10.22","8081","10.0.0.2","46884","88","616265","38"
,"43.938186000","42.688166000","8209","140","192.168.10.22","8081","10.0.0.2","46884","88","616353","38"
,"43.938198000","42.688178000","8210","140","192.168.10.22","8081","10.0.0.2","46884","88","616441","38"
,"43.938243000","42.688223000","8211","140","192.168.10.22","8081","10.0.0.2","46884","88","616529","38"
,"43.938255000","42.688235000","8212","140","192.168.10.22","8081","10.0.0.2","46884","88","616617","38"
,"43.938299000","42.688279000","8213","140","192.168.10.22","8081","10.0.0.2","46884","88","616705","38"
,"43.938310000","42.688290000","8214","140","192.168.10.22","8081","10.0.0.2","46884","88","616793","38"
,"43.938353000","42.688333000","8215","140","192.168.10.22","8081","10.0.0.2","46884","88","616881","38"
,"43.938374000","42.688354000","8216","140","192.168.10.22","8081","10.0.0.2","46884","88","616969","38"
,"43.999873000","42.749853000","8217","52","10.0.0.2","46884","192.168.10.22","8081","0","38","611777"
,"43.999935000","42.749915000","8218","52","10.0.0.2","46884","192.168.10.22","8081","0","38","612569"
,"43.999948000","42.749928000","8219","52","10.0.0.2","46884","192.168.10.22","8081","0","38","612657"
,"44.000993000","42.750973000","8220","140","192.168.10.22","8081","10.0.0.2","46884","88","617057","38"
,"44.001025000","42.751005000","8221","140","192.168.10.22","8081","10.0.0.2","46884","88","617145","38"
,"44.001088000","42.751068000","8222","140","192.168.10.22","8081","10.0.0.2","46884","88","617233","38"
,"44.001104000","42.751084000","8223","140","192.168.10.22","8081","10.0.0.2","46884","88","617321","38"
,"44.001158000","42.751138000","8224","140","192.168.10.22","8081","10.0.0.2","46884","88","617409","38"
,"44.001171000","42.751151000","8225","140","192.168.10.22","8081","10.0.0.2","46884","88","617497","38"
,"44.001215000","42.751195000","8226","140","192.168.10.22","8081","10.0.0.2","46884","88","617585","38"
,"44.001227000","42.751207000","8227","140","192.168.10.22","8081","10.0.0.2","46884","88","617673","38"
,"44.001269000","42.751249000","8228","140","192.168.10.22","8081","10.0.0.2","46884","88","617761","38"
,"44.001284000","42.751264000","8229","140","192.168.10.22","8081","10.0.0.2","46884","88","617849","38"
,"44.001329000","42.751309000","8230","140","192.168.10.22","8081","10.0.0.2","46884","88","617937","38"
,"44.001342000","42.751322000","8231","140","192.168.10.22","8081","10.0.0.2","46884","88","618025","38"
,"44.062214000","42.812194000","8232","52","10.0.0.2","46884","192.168.10.22","8081","0","38","613361"
,"44.062241000","42.812221000","8233","52","10.0.0.2","46884","192.168.10.22","8081","0","38","613537"
,"44.063205000","42.813185000","8234","140","192.168.10.22","8081","10.0.0.2","46884","88","618113","38"
,"44.063228000","42.813208000","8235","140","192.168.10.22","8081","10.0.0.2","46884","88","618201","38"
,"44.063278000","42.813258000","8236","140","192.168.10.22","8081","10.0.0.2","46884","88","618289","38"
,"44.063290000","42.813270000","8237","140","192.168.10.22","8081","10.0.0.2","46884","88","618377","38"
,"44.063335000","42.813315000","8238","140","192.168.10.22","8081","10.0.0.2","46884","88","618465","38"
,"44.063347000","42.813327000","8239","140","192.168.10.22","8081","10.0.0.2","46884","88","618553","38"
,"44.063391000","42.813371000","8240","140","192.168.10.22","8081","10.0.0.2","46884","88","618641","38"
,"44.063402000","42.813382000","8241","140","192.168.10.22","8081","10.0.0.2","46884","88","618729","38"
,"44.063446000","42.813426000","8242","140","192.168.10.22","8081","10.0.0.2","46884","88","618817","38"
,"44.063460000","42.813440000","8243","140","192.168.10.22","8081","10.0.0.2","46884","88","618905","38"
,"44.124110000","42.874090000","8244","52","10.0.0.2","46884","192.168.10.22","8081","0","38","614329"
,"44.124137000","42.874117000","8245","52","10.0.0.2","46884","192.168.10.22","8081","0","38","614505"
,"44.125174000","42.875154000","8246","140","192.168.10.22","8081","10.0.0.2","46884","88","618993","38"
,"44.125200000","42.875180000","8247","140","192.168.10.22","8081","10.0.0.2","46884","88","619081","38"
,"44.125248000","42.875228000","8248","140","192.168.10.22","8081","10.0.0.2","46884","88","619169","38"
,"44.125261000","42.875241000","8249","140","192.168.10.22","8081","10.0.0.2","46884","88","619257","38"
,"44.125305000","42.875285000","8250","140","192.168.10.22","8081","10.0.0.2","46884","88","619345","38"
,"44.125317000","42.875297000","8251","140","192.168.10.22","8081","10.0.0.2","46884","88","619433","38"
,"44.125360000","42.875340000","8252","140","192.168.10.22","8081","10.0.0.2","46884","88","619521","38"
,"44.125371000","42.875351000","8253","140","192.168.10.22","8081","10.0.0.2","46884","88","619609","38"
,"44.125414000","42.875394000","8254","140","192.168.10.22","8081","10.0.0.2","46884","88","619697","38"
,"44.125442000","42.875422000","8255","140","192.168.10.22","8081","10.0.0.2","46884","88","619785","38"
,"44.187170000","42.937150000","8256","52","10.0.0.2","46884","192.168.10.22","8081","0","38","615209"
,"44.187197000","42.937177000","8257","52","10.0.0.2","46884","192.168.10.22","8081","0","38","615385"
,"44.188201000","42.938181000","8258","140","192.168.10.22","8081","10.0.0.2","46884","88","619873","38"
,"44.188225000","42.938205000","8259","140","192.168.10.22","8081","10.0.0.2","46884","88","619961","38"
,"44.188273000","42.938253000","8260","140","192.168.10.22","8081","10.0.0.2","46884","88","620049","38"
,"44.188284000","42.938264000","8261","140","192.168.10.22","8081","10.0.0.2","46884","88","620137","38"
,"44.188329000","42.938309000","8262","140","192.168.10.22","8081","10.0.0.2","46884","88","620225","38"
,"44.188341000","42.938321000","8263","140","192.168.10.22","8081","10.0.0.2","46884","88","620313","38"
,"44.188385000","42.938365000","8264","140","192.168.10.22","8081","10.0.0.2","46884","88","620401","38"
,"44.188396000","42.938376000","8265","140","192.168.10.22","8081","10.0.0.2","46884","88","620489","38"
,"44.188439000","42.938419000","8266","140","192.168.10.22","8081","10.0.0.2","46884","88","620577","38"
,"44.188458000","42.938438000","8267","140","192.168.10.22","8081","10.0.0.2","46884","88","620665","38"
,"44.249394000","42.999374000","8268","52","10.0.0.2","46884","192.168.10.22","8081","0","38","615473"
,"44.249422000","42.999402000","8269","52","10.0.0.2","46884","192.168.10.22","8081","0","38","616265"
,"44.249435000","42.999415000","8270","52","10.0.0.2","46884","192.168.10.22","8081","0","38","616353"
,"44.250443000","43.000423000","8271","140","192.168.10.22","8081","10.0.0.2","46884","88","620753","38"
,"44.250465000","43.000445000","8272","140","192.168.10.22","8081","10.0.0.2","46884","88","620841","38"
,"44.250516000","43.000496000","8273","140","192.168.10.22","8081","10.0.0.2","46884","88","620929","38"
,"44.250528000","43.000508000","8274","140","192.168.10.22","8081","10.0.0.2","46884","88","621017","38"
,"44.250574000","43.000554000","8275","140","192.168.10.22","8081","10.0.0.2","46884","88","621105","38"
,"44.250585000","43.000565000","8276","140","192.168.10.22","8081","10.0.0.2","46884","88","621193","38"
,"44.250633000","43.000613000","8277","140","192.168.10.22","8081","10.0.0.2","46884","88","621281","38"
,"44.250645000","43.000625000","8278","140","192.168.10.22","8081","10.0.0.2","46884","88","621369","38"
,"44.250691000","43.000671000","8279","140","192.168.10.22","8081","10.0.0.2","46884","88","621457","38"
,"44.250705000","43.000685000","8280","140","192.168.10.22","8081","10.0.0.2","46884","88","621545","38"
,"44.250750000","43.000730000","8281","140","192.168.10.22","8081","10.0.0.2","46884","88","621633","38"
,"44.250764000","43.000744000","8282","140","192.168.10.22","8081","10.0.0.2","46884","88","621721","38"
,"44.312231000","43.062211000","8283","52","10.0.0.2","46884","192.168.10.22","8081","0","38","616881"
,"44.312240000","43.062220000","8284","52","10.0.0.2","46884","192.168.10.22","8081","0","38","617233"
,"44.313257000","43.063237000","8285","140","192.168.10.22","8081","10.0.0.2","46884","88","621809","38"
,"44.313283000","43.063263000","8286","140","192.168.10.22","8081","10.0.0.2","46884","88","621897","38"
,"44.313333000","43.063313000","8287","140","192.168.10.22","8081","10.0.0.2","46884","88","621985","38"
,"44.313344000","43.063324000","8288","140","192.168.10.22","8081","10.0.0.2","46884","88","622073","38"
,"44.313388000","43.063368000","8289","140","192.168.10.22","8081","10.0.0.2","46884","88","622161","38"
,"44.313399000","43.063379000","8290","140","192.168.10.22","8081","10.0.0.2","46884","88","622249","38"
,"44.313444000","43.063424000","8291","140","192.168.10.22","8081","10.0.0.2","46884","88","622337","38"
,"44.313456000","43.063436000","8292","140","192.168.10.22","8081","10.0.0.2","46884","88","622425","38"
,"44.313499000","43.063479000","8293","140","192.168.10.22","8081","10.0.0.2","46884","88","622513","38"
,"44.313513000","43.063493000","8294","140","192.168.10.22","8081","10.0.0.2","46884","88","622601","38"
,"44.374083000","43.124063000","8295","52","10.0.0.2","46884","192.168.10.22","8081","0","38","618113"
,"44.375094000","43.125074000","8296","140","192.168.10.22","8081","10.0.0.2","46884","88","622689","38"
,"44.375118000","43.125098000","8297","140","192.168.10.22","8081","10.0.0.2","46884","88","622777","38"
,"44.375165000","43.125145000","8298","140","192.168.10.22","8081","10.0.0.2","46884","88","622865","38"
,"44.375176000","43.125156000","8299","140","192.168.10.22","8081","10.0.0.2","46884","88","622953","38"
,"44.375219000","43.125199000","8300","140","192.168.10.22","8081","10.0.0.2","46884","88","623041","38"
,"44.375231000","43.125211000","8301","140","192.168.10.22","8081","10.0.0.2","46884","88","623129","38"
,"44.375274000","43.125254000","8302","140","192.168.10.22","8081","10.0.0.2","46884","88","623217","38"
,"44.375285000","43.125265000","8303","140","192.168.10.22","8081","10.0.0.2","46884","88","623305","38"
,"44.375329000","43.125309000","8304","140","192.168.10.22","8081","10.0.0.2","46884","88","623393","38"
,"44.375343000","43.125323000","8305","140","192.168.10.22","8081","10.0.0.2","46884","88","623481","38"
,"44.437440000","43.187420000","8306","52","10.0.0.2","46884","192.168.10.22","8081","0","38","618905"
,"44.437467000","43.187447000","8307","52","10.0.0.2","46884","192.168.10.22","8081","0","38","619081"
,"44.438519000","43.188499000","8308","140","192.168.10.22","8081","10.0.0.2","46884","88","623569","38"
,"44.438550000","43.188530000","8309","140","192.168.10.22","8081","10.0.0.2","46884","88","623657","38"
,"44.438612000","43.188592000","8310","140","192.168.10.22","8081","10.0.0.2","46884","88","623745","38"
,"44.438629000","43.188609000","8311","140","192.168.10.22","8081","10.0.0.2","46884","88","623833","38"
,"44.438682000","43.188662000","8312","140","192.168.10.22","8081","10.0.0.2","46884","88","623921","38"
,"44.438699000","43.188679000","8313","140","192.168.10.22","8081","10.0.0.2","46884","88","624009","38"
,"44.438749000","43.188729000","8314","140","192.168.10.22","8081","10.0.0.2","46884","88","624097","38"
,"44.438761000","43.188741000","8315","140","192.168.10.22","8081","10.0.0.2","46884","88","624185","38"
,"44.438804000","43.188784000","8316","140","192.168.10.22","8081","10.0.0.2","46884","88","624273","38"
,"44.438818000","43.188798000","8317","140","192.168.10.22","8081","10.0.0.2","46884","88","624361","38"
,"44.499902000","43.249882000","8318","52","10.0.0.2","46884","192.168.10.22","8081","0","38","619873"
,"44.499942000","43.249922000","8319","52","10.0.0.2","46884","192.168.10.22","8081","0","38","619961"
,"44.501021000","43.251001000","8320","140","192.168.10.22","8081","10.0.0.2","46884","88","624449","38"
,"44.501052000","43.251032000","8321","140","192.168.10.22","8081","10.0.0.2","46884","88","624537","38"
,"44.501112000","43.251092000","8322","140","192.168.10.22","8081","10.0.0.2","46884","88","624625","38"
,"44.501128000","43.251108000","8323","140","192.168.10.22","8081","10.0.0.2","46884","88","624713","38"
,"44.501182000","43.251162000","8324","140","192.168.10.22","8081","10.0.0.2","46884","88","624801","38"
,"44.501194000","43.251174000","8325","140","192.168.10.22","8081","10.0.0.2","46884","88","624889","38"
,"44.501238000","43.251218000","8326","140","192.168.10.22","8081","10.0.0.2","46884","88","624977","38"
,"44.501249000","43.251229000","8327","140","192.168.10.22","8081","10.0.0.2","46884","88","625065","38"
,"44.501293000","43.251273000","8328","140","192.168.10.22","8081","10.0.0.2","46884","88","625153","38"
,"44.501305000","43.251285000","8329","140","192.168.10.22","8081","10.0.0.2","46884","88","625241","38"
,"44.562959000","43.312939000","8330","52","10.0.0.2","46884","192.168.10.22","8081","0","38","620929"
,"44.564004000","43.313984000","8331","140","192.168.10.22","8081","10.0.0.2","46884","88","625329","38"
,"44.564035000","43.314015000","8332","140","192.168.10.22","8081","10.0.0.2","46884","88","625417","38"
,"44.564098000","43.314078000","8333","140","192.168.10.22","8081","10.0.0.2","46884","88","625505","38"
,"44.564115000","43.314095000","8334","140","192.168.10.22","8081","10.0.0.2","46884","88","625593","38"
,"44.564169000","43.314149000","8335","140","192.168.10.22","8081","10.0.0.2","46884","88","625681","38"
,"44.564185000","43.314165000","8336","140","192.168.10.22","8081","10.0.0.2","46884","88","625769","38"
,"44.564234000","43.314214000","8337","140","192.168.10.22","8081","10.0.0.2","46884","88","625857","38"
,"44.564246000","43.314226000","8338","140","192.168.10.22","8081","10.0.0.2","46884","88","625945","38"
,"44.564289000","43.314269000","8339","140","192.168.10.22","8081","10.0.0.2","46884","88","626033","38"
,"44.564304000","43.314284000","8340","140","192.168.10.22","8081","10.0.0.2","46884","88","626121","38"
,"44.564349000","43.314329000","8341","140","192.168.10.22","8081","10.0.0.2","46884","88","626209","38"
,"44.564362000","43.314342000","8342","140","192.168.10.22","8081","10.0.0.2","46884","88","626297","38"
,"44.624568000","43.374548000","8343","52","10.0.0.2","46884","192.168.10.22","8081","0","38","621809"
,"44.625590000","43.375570000","8344","140","192.168.10.22","8081","10.0.0.2","46884","88","626385","38"
,"44.625621000","43.375601000","8345","140","192.168.10.22","8081","10.0.0.2","46884","88","626473","38"
,"44.625684000","43.375664000","8346","140","192.168.10.22","8081","10.0.0.2","46884","88","626561","38"
,"44.625702000","43.375682000","8347","140","192.168.10.22","8081","10.0.0.2","46884","88","626649","38"
,"44.625756000","43.375736000","8348","140","192.168.10.22","8081","10.0.0.2","46884","88","626737","38"
,"44.625771000","43.375751000","8349","140","192.168.10.22","8081","10.0.0.2","46884","88","626825","38"
,"44.625820000","43.375800000","8350","140","192.168.10.22","8081","10.0.0.2","46884","88","626913","38"
,"44.625832000","43.375812000","8351","140","192.168.10.22","8081","10.0.0.2","46884","88","627001","38"
,"44.625902000","43.375882000","8352","140","192.168.10.22","8081","10.0.0.2","46884","88","627089","38"
,"44.625923000","43.375903000","8353","140","192.168.10.22","8081","10.0.0.2","46884","88","627177","38"
,"44.687231000","43.437211000","8354","52","10.0.0.2","46884","192.168.10.22","8081","0","38","622337"
,"44.687257000","43.437237000","8355","52","10.0.0.2","46884","192.168.10.22","8081","0","38","622777"
,"44.688308000","43.438288000","8356","140","192.168.10.22","8081","10.0.0.2","46884","88","627265","38"
,"44.688338000","43.438318000","8357","140","192.168.10.22","8081","10.0.0.2","46884","88","627353","38"
,"44.688400000","43.438380000","8358","140","192.168.10.22","8081","10.0.0.2","46884","88","627441","38"
,"44.688416000","43.438396000","8359","140","192.168.10.22","8081","10.0.0.2","46884","88","627529","38"
,"44.688470000","43.438450000","8360","140","192.168.10.22","8081","10.0.0.2","46884","88","627617","38"
,"44.688488000","43.438468000","8361","140","192.168.10.22","8081","10.0.0.2","46884","88","627705","38"
,"44.688536000","43.438516000","8362","140","192.168.10.22","8081","10.0.0.2","46884","88","627793","38"
,"44.688548000","43.438528000","8363","140","192.168.10.22","8081","10.0.0.2","46884","88","627881","38"
,"44.688592000","43.438572000","8364","140","192.168.10.22","8081","10.0.0.2","46884","88","627969","38"
,"44.688606000","43.438586000","8365","140","192.168.10.22","8081","10.0.0.2","46884","88","628057","38"
,"44.749478000","43.499458000","8366","52","10.0.0.2","46884","192.168.10.22","8081","0","38","623569"
,"44.749505000","43.499485000","8367","52","10.0.0.2","46884","192.168.10.22","8081","0","38","623657"
,"44.750474000","43.500454000","8368","140","192.168.10.22","8081","10.0.0.2","46884","88","628145","38"
,"44.750496000","43.500476000","8369","140","192.168.10.22","8081","10.0.0.2","46884","88","628233","38"
,"44.750544000","43.500524000","8370","140","192.168.10.22","8081","10.0.0.2","46884","88","628321","38"
,"44.750556000","43.500536000","8371","140","192.168.10.22","8081","10.0.0.2","46884","88","628409","38"
,"44.750601000","43.500581000","8372","140","192.168.10.22","8081","10.0.0.2","46884","88","628497","38"
,"44.750612000","43.500592000","8373","140","192.168.10.22","8081","10.0.0.2","46884","88","628585","38"
,"44.750657000","43.500637000","8374","140","192.168.10.22","8081","10.0.0.2","46884","88","628673","38"
,"44.750668000","43.500648000","8375","140","192.168.10.22","8081","10.0.0.2","46884","88","628761","38"
,"44.750712000","43.500692000","8376","140","192.168.10.22","8081","10.0.0.2","46884","88","628849","38"
,"44.750726000","43.500706000","8377","140","192.168.10.22","8081","10.0.0.2","46884","88","628937","38"
,"44.812671000","43.562651000","8378","52","10.0.0.2","46884","192.168.10.22","8081","0","38","624449"
,"44.812679000","43.562659000","8379","52","10.0.0.2","46884","192.168.10.22","8081","0","38","624625"
,"44.813646000","43.563626000","8380","140","192.168.10.22","8081","10.0.0.2","46884","88","629025","38"
,"44.813668000","43.563648000","8381","140","192.168.10.22","8081","10.0.0.2","46884","88","629113","38"
,"44.813717000","43.563697000","8382","140","192.168.10.22","8081","10.0.0.2","46884","88","629201","38"
,"44.813729000","43.563709000","8383","140","192.168.10.22","8081","10.0.0.2","46884","88","629289","38"
,"44.813772000","43.563752000","8384","140","192.168.10.22","8081","10.0.0.2","46884","88","629377","38"
,"44.813784000","43.563764000","8385","140","192.168.10.22","8081","10.0.0.2","46884","88","629465","38"
,"44.813827000","43.563807000","8386","140","192.168.10.22","8081","10.0.0.2","46884","88","629553","38"
,"44.813839000","43.563819000","8387","140","192.168.10.22","8081","10.0.0.2","46884","88","629641","38"
,"44.813912000","43.563892000","8388","140","192.168.10.22","8081","10.0.0.2","46884","88","629729","38"
,"44.813928000","43.563908000","8389","140","192.168.10.22","8081","10.0.0.2","46884","88","629817","38"
,"44.813973000","43.563953000","8390","140","192.168.10.22","8081","10.0.0.2","46884","88","629905","38"
,"44.813986000","43.563966000","8391","140","192.168.10.22","8081","10.0.0.2","46884","88","629993","38"
,"44.874226000","43.624206000","8392","52","10.0.0.2","46884","192.168.10.22","8081","0","38","625505"
,"44.875275000","43.625255000","8393","140","192.168.10.22","8081","10.0.0.2","46884","88","630081","38"
,"44.875305000","43.625285000","8394","140","192.168.10.22","8081","10.0.0.2","46884","88","630169","38"
,"44.875367000","43.625347000","8395","140","192.168.10.22","8081","10.0.0.2","46884","88","630257","38"
,"44.875382000","43.625362000","8396","140","192.168.10.22","8081","10.0.0.2","46884","88","630345","38"
,"44.875436000","43.625416000","8397","140","192.168.10.22","8081","10.0.0.2","46884","88","630433","38"
,"44.875451000","43.625431000","8398","140","192.168.10.22","8081","10.0.0.2","46884","88","630521","38"
,"44.875501000","43.625481000","8399","140","192.168.10.22","8081","10.0.0.2","46884","88","630609","38"
,"44.875514000","43.625494000","8400","140","192.168.10.22","8081","10.0.0.2","46884","88","630697","38"
,"44.875558000","43.625538000","8401","140","192.168.10.22","8081","10.0.0.2","46884","88","630785","38"
,"44.875572000","43.625552000","8402","140","192.168.10.22","8081","10.0.0.2","46884","88","630873","38"
,"44.937354000","43.687334000","8403","52","10.0.0.2","46884","192.168.10.22","8081","0","38","626297"
,"44.937380000","43.687360000","8404","52","10.0.0.2","46884","192.168.10.22","8081","0","38","626385"
,"44.938343000","43.688323000","8405","140","192.168.10.22","8081","10.0.0.2","46884","88","630961","38"
,"44.938364000","43.688344000","8406","140","192.168.10.22","8081","10.0.0.2","46884","88","631049","38"
,"44.938412000","43.688392000","8407","140","192.168.10.22","8081","10.0.0.2","46884","88","631137","38"
,"44.938424000","43.688404000","8408","140","192.168.10.22","8081","10.0.0.2","46884","88","631225","38"
,"44.938467000","43.688447000","8409","140","192.168.10.22","8081","10.0.0.2","46884","88","631313","38"
,"44.938479000","43.688459000","8410","140","192.168.10.22","8081","10.0.0.2","46884","88","631401","38"
,"44.938523000","43.688503000","8411","140","192.168.10.22","8081","10.0.0.2","46884","88","631489","38"
,"44.938534000","43.688514000","8412","140","192.168.10.22","8081","10.0.0.2","46884","88","631577","38"
,"44.938578000","43.688558000","8413","140","192.168.10.22","8081","10.0.0.2","46884","88","631665","38"
,"44.938600000","43.688580000","8414","140","192.168.10.22","8081","10.0.0.2","46884","88","631753","38"
,"44.999545000","43.749525000","8415","52","10.0.0.2","46884","192.168.10.22","8081","0","38","627177"
,"44.999572000","43.749552000","8416","52","10.0.0.2","46884","192.168.10.22","8081","0","38","627353"
,"45.000534000","43.750514000","8417","140","192.168.10.22","8081","10.0.0.2","46884","88","631841","38"
,"45.000557000","43.750537000","8418","140","192.168.10.22","8081","10.0.0.2","46884","88","631929","38"
,"45.000607000","43.750587000","8419","140","192.168.10.22","8081","10.0.0.2","46884","88","632017","38"
,"45.000619000","43.750599000","8420","140","192.168.10.22","8081","10.0.0.2","46884","88","632105","38"
,"45.000662000","43.750642000","8421","140","192.168.10.22","8081","10.0.0.2","46884","88","632193","38"
,"45.000674000","43.750654000","8422","140","192.168.10.22","8081","10.0.0.2","46884","88","632281","38"
,"45.000718000","43.750698000","8423","140","192.168.10.22","8081","10.0.0.2","46884","88","632369","38"
,"45.000729000","43.750709000","8424","140","192.168.10.22","8081","10.0.0.2","46884","88","632457","38"
,"45.000773000","43.750753000","8425","140","192.168.10.22","8081","10.0.0.2","46884","88","632545","38"
,"45.000786000","43.750766000","8426","140","192.168.10.22","8081","10.0.0.2","46884","88","632633","38"
,"45.063031000","43.813011000","8427","52","10.0.0.2","46884","192.168.10.22","8081","0","38","628233"
,"45.064077000","43.814057000","8428","140","192.168.10.22","8081","10.0.0.2","46884","88","632721","38"
,"45.064107000","43.814087000","8429","140","192.168.10.22","8081","10.0.0.2","46884","88","632809","38"
,"45.064170000","43.814150000","8430","140","192.168.10.22","8081","10.0.0.2","46884","88","632897","38"
,"45.064187000","43.814167000","8431","140","192.168.10.22","8081","10.0.0.2","46884","88","632985","38"
,"45.064241000","43.814221000","8432","140","192.168.10.22","8081","10.0.0.2","46884","88","633073","38"
,"45.064256000","43.814236000","8433","140","192.168.10.22","8081","10.0.0.2","46884","88","633161","38"
,"45.064305000","43.814285000","8434","140","192.168.10.22","8081","10.0.0.2","46884","88","633249","38"
,"45.064317000","43.814297000","8435","140","192.168.10.22","8081","10.0.0.2","46884","88","633337","38"
,"45.064360000","43.814340000","8436","140","192.168.10.22","8081","10.0.0.2","46884","88","633425","38"
,"45.064379000","43.814359000","8437","140","192.168.10.22","8081","10.0.0.2","46884","88","633513","38"
,"45.124028000","43.874008000","8438","52","10.0.0.2","46884","192.168.10.22","8081","0","38","629113"
,"45.124038000","43.874018000","8439","52","10.0.0.2","46884","192.168.10.22","8081","0","38","629201"
,"45.125089000","43.875069000","8440","140","192.168.10.22","8081","10.0.0.2","46884","88","633601","38"
,"45.125113000","43.875093000","8441","140","192.168.10.22","8081","10.0.0.2","46884","88","633689","38"
,"45.125162000","43.875142000","8442","140","192.168.10.22","8081","10.0.0.2","46884","88","633777","38"
,"45.125174000","43.875154000","8443","140","192.168.10.22","8081","10.0.0.2","46884","88","633865","38"
,"45.125219000","43.875199000","8444","140","192.168.10.22","8081","10.0.0.2","46884","88","633953","38"
,"45.125231000","43.875211000","8445","140","192.168.10.22","8081","10.0.0.2","46884","88","634041","38"
,"45.125275000","43.875255000","8446","140","192.168.10.22","8081","10.0.0.2","46884","88","634129","38"
,"45.125287000","43.875267000","8447","140","192.168.10.22","8081","10.0.0.2","46884","88","634217","38"
,"45.125330000","43.875310000","8448","140","192.168.10.22","8081","10.0.0.2","46884","88","634305","38"
,"45.125344000","43.875324000","8449","140","192.168.10.22","8081","10.0.0.2","46884","88","634393","38"
,"45.125389000","43.875369000","8450","140","192.168.10.22","8081","10.0.0.2","46884","88","634481","38"
,"45.125402000","43.875382000","8451","140","192.168.10.22","8081","10.0.0.2","46884","88","634569","38"
,"45.187447000","43.937427000","8452","52","10.0.0.2","46884","192.168.10.22","8081","0","38","630081"
,"45.188508000","43.938488000","8453","140","192.168.10.22","8081","10.0.0.2","46884","88","634657","38"
,"45.188538000","43.938518000","8454","140","192.168.10.22","8081","10.0.0.2","46884","88","634745","38"
,"45.188601000","43.938581000","8455","140","192.168.10.22","8081","10.0.0.2","46884","88","634833","38"
,"45.188617000","43.938597000","8456","140","192.168.10.22","8081","10.0.0.2","46884","88","634921","38"
,"45.188672000","43.938652000","8457","140","192.168.10.22","8081","10.0.0.2","46884","88","635009","38"
,"45.188688000","43.938668000","8458","140","192.168.10.22","8081","10.0.0.2","46884","88","635097","38"
,"45.188739000","43.938719000","8459","140","192.168.10.22","8081","10.0.0.2","46884","88","635185","38"
,"45.188751000","43.938731000","8460","140","192.168.10.22","8081","10.0.0.2","46884","88","635273","38"
,"45.188795000","43.938775000","8461","140","192.168.10.22","8081","10.0.0.2","46884","88","635361","38"
,"45.188810000","43.938790000","8462","140","192.168.10.22","8081","10.0.0.2","46884","88","635449","38"
,"45.249099000","43.999079000","8463","52","10.0.0.2","46884","192.168.10.22","8081","0","38","630961"
,"45.249126000","43.999106000","8464","52","10.0.0.2","46884","192.168.10.22","8081","0","38","631049"
,"45.250164000","44.000144000","8465","140","192.168.10.22","8081","10.0.0.2","46884","88","635537","38"
,"45.250194000","44.000174000","8466","140","192.168.10.22","8081","10.0.0.2","46884","88","635625","38"
,"45.250254000","44.000234000","8467","140","192.168.10.22","8081","10.0.0.2","46884","88","635713","38"
,"45.250271000","44.000251000","8468","140","192.168.10.22","8081","10.0.0.2","46884","88","635801","38"
,"45.250325000","44.000305000","8469","140","192.168.10.22","8081","10.0.0.2","46884","88","635889","38"
,"45.250340000","44.000320000","8470","140","192.168.10.22","8081","10.0.0.2","46884","88","635977","38"
,"45.250391000","44.000371000","8471","140","192.168.10.22","8081","10.0.0.2","46884","88","636065","38"
,"45.250404000","44.000384000","8472","140","192.168.10.22","8081","10.0.0.2","46884","88","636153","38"
,"45.250448000","44.000428000","8473","140","192.168.10.22","8081","10.0.0.2","46884","88","636241","38"
,"45.250462000","44.000442000","8474","140","192.168.10.22","8081","10.0.0.2","46884","88","636329","38"
,"45.312605000","44.062585000","8475","52","10.0.0.2","46884","192.168.10.22","8081","0","38","631841"
,"45.312615000","44.062595000","8476","52","10.0.0.2","46884","192.168.10.22","8081","0","38","631929"
,"45.313653000","44.063633000","8477","140","192.168.10.22","8081","10.0.0.2","46884","88","636417","38"
,"45.313683000","44.063663000","8478","140","192.168.10.22","8081","10.0.0.2","46884","88","636505","38"
,"45.313745000","44.063725000","8479","140","192.168.10.22","8081","10.0.0.2","46884","88","636593","38"
,"45.313762000","44.063742000","8480","140","192.168.10.22","8081","10.0.0.2","46884","88","636681","38"
,"45.313818000","44.063798000","8481","140","192.168.10.22","8081","10.0.0.2","46884","88","636769","38"
,"45.313834000","44.063814000","8482","140","192.168.10.22","8081","10.0.0.2","46884","88","636857","38"
,"45.313922000","44.063902000","8483","140","192.168.10.22","8081","10.0.0.2","46884","88","636945","38"
,"45.313938000","44.063918000","8484","140","192.168.10.22","8081","10.0.0.2","46884","88","637033","38"
,"45.313984000","44.063964000","8485","140","192.168.10.22","8081","10.0.0.2","46884","88","637121","38"
,"45.313998000","44.063978000","8486","140","192.168.10.22","8081","10.0.0.2","46884","88","637209","38"
,"45.374220000","44.124200000","8487","52","10.0.0.2","46884","192.168.10.22","8081","0","38","632017"
,"45.374247000","44.124227000","8488","52","10.0.0.2","46884","192.168.10.22","8081","0","38","632897"
,"45.375300000","44.125280000","8489","140","192.168.10.22","8081","10.0.0.2","46884","88","637297","38"
,"45.375330000","44.125310000","8490","140","192.168.10.22","8081","10.0.0.2","46884","88","637385","38"
,"45.375390000","44.125370000","8491","140","192.168.10.22","8081","10.0.0.2","46884","88","637473","38"
,"45.375406000","44.125386000","8492","140","192.168.10.22","8081","10.0.0.2","46884","88","637561","38"
,"45.375461000","44.125441000","8493","140","192.168.10.22","8081","10.0.0.2","46884","88","637649","38"
,"45.375478000","44.125458000","8494","140","192.168.10.22","8081","10.0.0.2","46884","88","637737","38"
,"45.375525000","44.125505000","8495","140","192.168.10.22","8081","10.0.0.2","46884","88","637825","38"
,"45.375537000","44.125517000","8496","140","192.168.10.22","8081","10.0.0.2","46884","88","637913","38"
,"45.375581000","44.125561000","8497","140","192.168.10.22","8081","10.0.0.2","46884","88","638001","38"
,"45.375595000","44.125575000","8498","140","192.168.10.22","8081","10.0.0.2","46884","88","638089","38"
,"45.375639000","44.125619000","8499","140","192.168.10.22","8081","10.0.0.2","46884","88","638177","38"
,"45.375654000","44.125634000","8500","140","192.168.10.22","8081","10.0.0.2","46884","88","638265","38"
,"45.437378000","44.187358000","8501","52","10.0.0.2","46884","192.168.10.22","8081","0","38","633161"
,"45.437405000","44.187385000","8502","52","10.0.0.2","46884","192.168.10.22","8081","0","38","633601"
,"45.437419000","44.187399000","8503","52","10.0.0.2","46884","192.168.10.22","8081","0","38","633777"
,"45.438430000","44.188410000","8504","140","192.168.10.22","8081","10.0.0.2","46884","88","638353","38"
,"45.438455000","44.188435000","8505","140","192.168.10.22","8081","10.0.0.2","46884","88","638441","38"
,"45.438502000","44.188482000","8506","140","192.168.10.22","8081","10.0.0.2","46884","88","638529","38"
,"45.438514000","44.188494000","8507","140","192.168.10.22","8081","10.0.0.2","46884","88","638617","38"
,"45.438559000","44.188539000","8508","140","192.168.10.22","8081","10.0.0.2","46884","88","638705","38"
,"45.438570000","44.188550000","8509","140","192.168.10.22","8081","10.0.0.2","46884","88","638793","38"
,"45.438614000","44.188594000","8510","140","192.168.10.22","8081","10.0.0.2","46884","88","638881","38"
,"45.438625000","44.188605000","8511","140","192.168.10.22","8081","10.0.0.2","46884","88","638969","38"
,"45.438668000","44.188648000","8512","140","192.168.10.22","8081","10.0.0.2","46884","88","639057","38"
,"45.438691000","44.188671000","8513","140","192.168.10.22","8081","10.0.0.2","46884","88","639145","38"
,"45.499799000","44.249779000","8514","52","10.0.0.2","46884","192.168.10.22","8081","0","38","634569"
,"45.499826000","44.249806000","8515","52","10.0.0.2","46884","192.168.10.22","8081","0","38","634657"
,"45.500937000","44.250917000","8516","140","192.168.10.22","8081","10.0.0.2","46884","88","639233","38"
,"45.500967000","44.250947000","8517","140","192.168.10.22","8081","10.0.0.2","46884","88","639321","38"
,"45.501031000","44.251011000","8518","140","192.168.10.22","8081","10.0.0.2","46884","88","639409","38"
,"45.501047000","44.251027000","8519","140","192.168.10.22","8081","10.0.0.2","46884","88","639497","38"
,"45.501100000","44.251080000","8520","140","192.168.10.22","8081","10.0.0.2","46884","88","639585","38"
,"45.501112000","44.251092000","8521","140","192.168.10.22","8081","10.0.0.2","46884","88","639673","38"
,"45.501157000","44.251137000","8522","140","192.168.10.22","8081","10.0.0.2","46884","88","639761","38"
,"45.501168000","44.251148000","8523","140","192.168.10.22","8081","10.0.0.2","46884","88","639849","38"
,"45.501212000","44.251192000","8524","140","192.168.10.22","8081","10.0.0.2","46884","88","639937","38"
,"45.501226000","44.251206000","8525","140","192.168.10.22","8081","10.0.0.2","46884","88","640025","38"
,"45.562073000","44.312053000","8526","52","10.0.0.2","46884","192.168.10.22","8081","0","38","635449"
,"45.562099000","44.312079000","8527","52","10.0.0.2","46884","192.168.10.22","8081","0","38","635625"
,"45.563039000","44.313019000","8528","140","192.168.10.22","8081","10.0.0.2","46884","88","640113","38"
,"45.563078000","44.313058000","8529","140","192.168.10.22","8081","10.0.0.2","46884","88","640201","38"
,"45.563128000","44.313108000","8530","140","192.168.10.22","8081","10.0.0.2","46884","88","640289","38"
,"45.563140000","44.313120000","8531","140","192.168.10.22","8081","10.0.0.2","46884","88","640377","38"
,"45.563185000","44.313165000","8532","140","192.168.10.22","8081","10.0.0.2","46884","88","640465","38"
,"45.563197000","44.313177000","8533","140","192.168.10.22","8081","10.0.0.2","46884","88","640553","38"
,"45.563240000","44.313220000","8534","140","192.168.10.22","8081","10.0.0.2","46884","88","640641","38"
,"45.563252000","44.313232000","8535","140","192.168.10.22","8081","10.0.0.2","46884","88","640729","38"
,"45.563296000","44.313276000","8536","140","192.168.10.22","8081","10.0.0.2","46884","88","640817","38"
,"45.563309000","44.313289000","8537","140","192.168.10.22","8081","10.0.0.2","46884","88","640905","38"
,"45.624128000","44.374108000","8538","52","10.0.0.2","46884","192.168.10.22","8081","0","38","636505"
,"45.624990000","44.374970000","8539","140","192.168.10.22","8081","10.0.0.2","46884","88","640993","38"
,"45.625026000","44.375006000","8540","140","192.168.10.22","8081","10.0.0.2","46884","88","641081","38"
,"45.625078000","44.375058000","8541","140","192.168.10.22","8081","10.0.0.2","46884","88","641169","38"
,"45.625090000","44.375070000","8542","140","192.168.10.22","8081","10.0.0.2","46884","88","641257","38"
,"45.625136000","44.375116000","8543","140","192.168.10.22","8081","10.0.0.2","46884","88","641345","38"
,"45.625149000","44.375129000","8544","140","192.168.10.22","8081","10.0.0.2","46884","88","641433","38"
,"45.625193000","44.375173000","8545","140","192.168.10.22","8081","10.0.0.2","46884","88","641521","38"
,"45.625205000","44.375185000","8546","140","192.168.10.22","8081","10.0.0.2","46884","88","641609","38"
,"45.625249000","44.375229000","8547","140","192.168.10.22","8081","10.0.0.2","46884","88","641697","38"
,"45.625262000","44.375242000","8548","140","192.168.10.22","8081","10.0.0.2","46884","88","641785","38"
,"45.687793000","44.437773000","8549","52","10.0.0.2","46884","192.168.10.22","8081","0","38","637473"
,"45.688811000","44.438791000","8550","140","192.168.10.22","8081","10.0.0.2","46884","88","641873","38"
,"45.688854000","44.438834000","8551","140","192.168.10.22","8081","10.0.0.2","46884","88","641961","38"
,"45.688957000","44.438937000","8552","140","192.168.10.22","8081","10.0.0.2","46884","88","642049","38"
,"45.688975000","44.438955000","8553","140","192.168.10.22","8081","10.0.0.2","46884","88","642137","38"
,"45.689024000","44.439004000","8554","140","192.168.10.22","8081","10.0.0.2","46884","88","642225","38"
,"45.689036000","44.439016000","8555","140","192.168.10.22","8081","10.0.0.2","46884","88","642313","38"
,"45.689082000","44.439062000","8556","140","192.168.10.22","8081","10.0.0.2","46884","88","642401","38"
,"45.689104000","44.439084000","8557","140","192.168.10.22","8081","10.0.0.2","46884","88","642489","38"
,"45.689150000","44.439130000","8558","140","192.168.10.22","8081","10.0.0.2","46884","88","642577","38"
,"45.689163000","44.439143000","8559","140","192.168.10.22","8081","10.0.0.2","46884","88","642665","38"
,"45.689208000","44.439188000","8560","140","192.168.10.22","8081","10.0.0.2","46884","88","642753","38"
,"45.689221000","44.439201000","8561","140","192.168.10.22","8081","10.0.0.2","46884","88","642841","38"
,"45.749860000","44.499840000","8562","52","10.0.0.2","46884","192.168.10.22","8081","0","38","638265"
,"45.749916000","44.499896000","8563","52","10.0.0.2","46884","192.168.10.22","8081","0","38","638353"
,"45.750867000","44.500847000","8564","140","192.168.10.22","8081","10.0.0.2","46884","88","642929","38"
,"45.750950000","44.500930000","8565","140","192.168.10.22","8081","10.0.0.2","46884","88","643017","38"
,"45.751013000","44.500993000","8566","140","192.168.10.22","8081","10.0.0.2","46884","88","643105","38"
,"45.751028000","44.501008000","8567","140","192.168.10.22","8081","10.0.0.2","46884","88","643193","38"
,"45.751074000","44.501054000","8568","140","192.168.10.22","8081","10.0.0.2","46884","88","643281","38"
,"45.751088000","44.501068000","8569","140","192.168.10.22","8081","10.0.0.2","46884","88","643369","38"
,"45.751134000","44.501114000","8570","140","192.168.10.22","8081","10.0.0.2","46884","88","643457","38"
,"45.751147000","44.501127000","8571","140","192.168.10.22","8081","10.0.0.2","46884","88","643545","38"
,"45.751193000","44.501173000","8572","140","192.168.10.22","8081","10.0.0.2","46884","88","643633","38"
,"45.751207000","44.501187000","8573","140","192.168.10.22","8081","10.0.0.2","46884","88","643721","38"
,"45.812862000","44.562842000","8574","52","10.0.0.2","46884","192.168.10.22","8081","0","38","639145"
,"45.812915000","44.562895000","8575","52","10.0.0.2","46884","192.168.10.22","8081","0","38","639321"
,"45.813859000","44.563839000","8576","140","192.168.10.22","8081","10.0.0.2","46884","88","643809","38"
,"45.813937000","44.563917000","8577","140","192.168.10.22","8081","10.0.0.2","46884","88","643897","38"
,"45.814002000","44.563982000","8578","140","192.168.10.22","8081","10.0.0.2","46884","88","643985","38"
,"45.814019000","44.563999000","8579","140","192.168.10.22","8081","10.0.0.2","46884","88","644073","38"
,"45.814069000","44.564049000","8580","140","192.168.10.22","8081","10.0.0.2","46884","88","644161","38"
,"45.814083000","44.564063000","8581","140","192.168.10.22","8081","10.0.0.2","46884","88","644249","38"
,"45.814128000","44.564108000","8582","140","192.168.10.22","8081","10.0.0.2","46884","88","644337","38"
,"45.814141000","44.564121000","8583","140","192.168.10.22","8081","10.0.0.2","46884","88","644425","38"
,"45.814186000","44.564166000","8584","140","192.168.10.22","8081","10.0.0.2","46884","88","644513","38"
,"45.814201000","44.564181000","8585","140","192.168.10.22","8081","10.0.0.2","46884","88","644601","38"
,"45.874108000","44.624088000","8586","52","10.0.0.2","46884","192.168.10.22","8081","0","38","640113"
,"45.874135000","44.624115000","8587","52","10.0.0.2","46884","192.168.10.22","8081","0","38","640201"
,"45.875037000","44.625017000","8588","140","192.168.10.22","8081","10.0.0.2","46884","88","644689","38"
,"45.875076000","44.625056000","8589","140","192.168.10.22","8081","10.0.0.2","46884","88","644777","38"
,"45.875130000","44.625110000","8590","140","192.168.10.22","8081","10.0.0.2","46884","88","644865","38"
,"45.875143000","44.625123000","8591","140","192.168.10.22","8081","10.0.0.2","46884","88","644953","38"
,"45.875187000","44.625167000","8592","140","192.168.10.22","8081","10.0.0.2","46884","88","645041","38"
,"45.875201000","44.625181000","8593","140","192.168.10.22","8081","10.0.0.2","46884","88","645129","38"
,"45.875246000","44.625226000","8594","140","192.168.10.22","8081","10.0.0.2","46884","88","645217","38"
,"45.875258000","44.625238000","8595","140","192.168.10.22","8081","10.0.0.2","46884","88","645305","38"
,"45.875302000","44.625282000","8596","140","192.168.10.22","8081","10.0.0.2","46884","88","645393","38"
,"45.875315000","44.625295000","8597","140","192.168.10.22","8081","10.0.0.2","46884","88","645481","38"
,"45.937384000","44.687364000","8598","52","10.0.0.2","46884","192.168.10.22","8081","0","38","640729"
,"45.937411000","44.687391000","8599","52","10.0.0.2","46884","192.168.10.22","8081","0","38","641169"
,"45.938402000","44.688382000","8600","140","192.168.10.22","8081","10.0.0.2","46884","88","645569","38"
,"45.938444000","44.688424000","8601","140","192.168.10.22","8081","10.0.0.2","46884","88","645657","38"
,"45.938507000","44.688487000","8602","140","192.168.10.22","8081","10.0.0.2","46884","88","645745","38"
,"45.938524000","44.688504000","8603","140","192.168.10.22","8081","10.0.0.2","46884","88","645833","38"
,"45.938577000","44.688557000","8604","140","192.168.10.22","8081","10.0.0.2","46884","88","645921","38"
,"45.938590000","44.688570000","8605","140","192.168.10.22","8081","10.0.0.2","46884","88","646009","38"
,"45.938633000","44.688613000","8606","140","192.168.10.22","8081","10.0.0.2","46884","88","646097","38"
,"45.938645000","44.688625000","8607","140","192.168.10.22","8081","10.0.0.2","46884","88","646185","38"
,"45.938689000","44.688669000","8608","140","192.168.10.22","8081","10.0.0.2","46884","88","646273","38"
,"45.938703000","44.688683000","8609","140","192.168.10.22","8081","10.0.0.2","46884","88","646361","38"
,"45.938747000","44.688727000","8610","140","192.168.10.22","8081","10.0.0.2","46884","88","646449","38"
,"45.938761000","44.688741000","8611","140","192.168.10.22","8081","10.0.0.2","46884","88","646537","38"
,"46.000001000","44.749981000","8612","52","10.0.0.2","46884","192.168.10.22","8081","0","38","641961"
,"46.000028000","44.750008000","8613","52","10.0.0.2","46884","192.168.10.22","8081","0","38","642049"
,"46.001033000","44.751013000","8614","140","192.168.10.22","8081","10.0.0.2","46884","88","646625","38"
,"46.001075000","44.751055000","8615","140","192.168.10.22","8081","10.0.0.2","46884","88","646713","38"
,"46.001137000","44.751117000","8616","140","192.168.10.22","8081","10.0.0.2","46884","88","646801","38"
,"46.001154000","44.751134000","8617","140","192.168.10.22","8081","10.0.0.2","46884","88","646889","38"
,"46.001209000","44.751189000","8618","140","192.168.10.22","8081","10.0.0.2","46884","88","646977","38"
,"46.001222000","44.751202000","8619","140","192.168.10.22","8081","10.0.0.2","46884","88","647065","38"
,"46.001266000","44.751246000","8620","140","192.168.10.22","8081","10.0.0.2","46884","88","647153","38"
,"46.001278000","44.751258000","8621","140","192.168.10.22","8081","10.0.0.2","46884","88","647241","38"
,"46.001323000","44.751303000","8622","140","192.168.10.22","8081","10.0.0.2","46884","88","647329","38"
,"46.001337000","44.751317000","8623","140","192.168.10.22","8081","10.0.0.2","46884","88","647417","38"
,"46.062708000","44.812688000","8624","52","10.0.0.2","46884","192.168.10.22","8081","0","38","642929"
,"46.063721000","44.813701000","8625","140","192.168.10.22","8081","10.0.0.2","46884","88","647505","38"
,"46.063763000","44.813743000","8626","140","192.168.10.22","8081","10.0.0.2","46884","88","647593","38"
,"46.063828000","44.813808000","8627","140","192.168.10.22","8081","10.0.0.2","46884","88","647681","38"
,"46.063844000","44.813824000","8628","140","192.168.10.22","8081","10.0.0.2","46884","88","647769","38"
,"46.063932000","44.813912000","8629","140","192.168.10.22","8081","10.0.0.2","46884","88","647857","38"
,"46.063947000","44.813927000","8630","140","192.168.10.22","8081","10.0.0.2","46884","88","647945","38"
,"46.063994000","44.813974000","8631","140","192.168.10.22","8081","10.0.0.2","46884","88","648033","38"
,"46.064018000","44.813998000","8632","140","192.168.10.22","8081","10.0.0.2","46884","88","648121","38"
,"46.064062000","44.814042000","8633","140","192.168.10.22","8081","10.0.0.2","46884","88","648209","38"
,"46.064076000","44.814056000","8634","140","192.168.10.22","8081","10.0.0.2","46884","88","648297","38"
,"46.124459000","44.874439000","8635","52","10.0.0.2","46884","192.168.10.22","8081","0","38","643721"
,"46.124465000","44.874445000","8636","52","10.0.0.2","46884","192.168.10.22","8081","0","38","643897"
,"46.125429000","44.875409000","8637","140","192.168.10.22","8081","10.0.0.2","46884","88","648385","38"
,"46.125470000","44.875450000","8638","140","192.168.10.22","8081","10.0.0.2","46884","88","648473","38"
,"46.125533000","44.875513000","8639","140","192.168.10.22","8081","10.0.0.2","46884","88","648561","38"
,"46.125549000","44.875529000","8640","140","192.168.10.22","8081","10.0.0.2","46884","88","648649","38"
,"46.125605000","44.875585000","8641","140","192.168.10.22","8081","10.0.0.2","46884","88","648737","38"
,"46.125618000","44.875598000","8642","140","192.168.10.22","8081","10.0.0.2","46884","88","648825","38"
,"46.125664000","44.875644000","8643","140","192.168.10.22","8081","10.0.0.2","46884","88","648913","38"
,"46.125676000","44.875656000","8644","140","192.168.10.22","8081","10.0.0.2","46884","88","649001","38"
,"46.125720000","44.875700000","8645","140","192.168.10.22","8081","10.0.0.2","46884","88","649089","38"
,"46.125735000","44.875715000","8646","140","192.168.10.22","8081","10.0.0.2","46884","88","649177","38"
,"46.187312000","44.937292000","8647","52","10.0.0.2","46884","192.168.10.22","8081","0","38","644601"
,"46.187340000","44.937320000","8648","52","10.0.0.2","46884","192.168.10.22","8081","0","38","644777"
,"46.188296000","44.938276000","8649","140","192.168.10.22","8081","10.0.0.2","46884","88","649265","38"
,"46.188337000","44.938317000","8650","140","192.168.10.22","8081","10.0.0.2","46884","88","649353","38"
,"46.188397000","44.938377000","8651","140","192.168.10.22","8081","10.0.0.2","46884","88","649441","38"
,"46.188412000","44.938392000","8652","140","192.168.10.22","8081","10.0.0.2","46884","88","649529","38"
,"46.188467000","44.938447000","8653","140","192.168.10.22","8081","10.0.0.2","46884","88","649617","38"
,"46.188481000","44.938461000","8654","140","192.168.10.22","8081","10.0.0.2","46884","88","649705","38"
,"46.188528000","44.938508000","8655","140","192.168.10.22","8081","10.0.0.2","46884","88","649793","38"
,"46.188540000","44.938520000","8656","140","192.168.10.22","8081","10.0.0.2","46884","88","649881","38"
,"46.188585000","44.938565000","8657","140","192.168.10.22","8081","10.0.0.2","46884","88","649969","38"
,"46.188599000","44.938579000","8658","140","192.168.10.22","8081","10.0.0.2","46884","88","650057","38"
,"46.249725000","44.999705000","8659","52","10.0.0.2","46884","192.168.10.22","8081","0","38","645569"
,"46.249755000","44.999735000","8660","52","10.0.0.2","46884","192.168.10.22","8081","0","38","645745"
,"46.250769000","45.000749000","8661","140","192.168.10.22","8081","10.0.0.2","46884","88","650145","38"
,"46.250810000","45.000790000","8662","140","192.168.10.22","8081","10.0.0.2","46884","88","650233","38"
,"46.250896000","45.000876000","8663","140","192.168.10.22","8081","10.0.0.2","46884","88","650321","38"
,"46.250933000","45.000913000","8664","140","192.168.10.22","8081","10.0.0.2","46884","88","650409","38"
,"46.250984000","45.000964000","8665","140","192.168.10.22","8081","10.0.0.2","46884","88","650497","38"
,"46.250996000","45.000976000","8666","140","192.168.10.22","8081","10.0.0.2","46884","88","650585","38"
,"46.251040000","45.001020000","8667","140","192.168.10.22","8081","10.0.0.2","46884","88","650673","38"
,"46.251054000","45.001034000","8668","140","192.168.10.22","8081","10.0.0.2","46884","88","650761","38"
,"46.251100000","45.001080000","8669","140","192.168.10.22","8081","10.0.0.2","46884","88","650849","38"
,"46.251113000","45.001093000","8670","140","192.168.10.22","8081","10.0.0.2","46884","88","650937","38"
,"46.251159000","45.001139000","8671","140","192.168.10.22","8081","10.0.0.2","46884","88","651025","38"
,"46.251173000","45.001153000","8672","140","192.168.10.22","8081","10.0.0.2","46884","88","651113","38"
,"46.312268000","45.062248000","8673","52","10.0.0.2","46884","192.168.10.22","8081","0","38","646625"
,"46.313226000","45.063206000","8674","140","192.168.10.22","8081","10.0.0.2","46884","88","651201","38"
,"46.313268000","45.063248000","8675","140","192.168.10.22","8081","10.0.0.2","46884","88","651289","38"
,"46.313331000","45.063311000","8676","140","192.168.10.22","8081","10.0.0.2","46884","88","651377","38"
,"46.313348000","45.063328000","8677","140","192.168.10.22","8081","10.0.0.2","46884","88","651465","38"
,"46.313401000","45.063381000","8678","140","192.168.10.22","8081","10.0.0.2","46884","88","651553","38"
,"46.313414000","45.063394000","8679","140","192.168.10.22","8081","10.0.0.2","46884","88","651641","38"
,"46.313459000","45.063439000","8680","140","192.168.10.22","8081","10.0.0.2","46884","88","651729","38"
,"46.313471000","45.063451000","8681","140","192.168.10.22","8081","10.0.0.2","46884","88","651817","38"
,"46.313515000","45.063495000","8682","140","192.168.10.22","8081","10.0.0.2","46884","88","651905","38"
,"46.313529000","45.063509000","8683","140","192.168.10.22","8081","10.0.0.2","46884","88","651993","38"
,"46.374230000","45.124210000","8684","52","10.0.0.2","46884","192.168.10.22","8081","0","38","647593"
,"46.375228000","45.125208000","8685","140","192.168.10.22","8081","10.0.0.2","46884","88","652081","38"
,"46.375252000","45.125232000","8686","140","192.168.10.22","8081","10.0.0.2","46884","88","652169","38"
,"46.375300000","45.125280000","8687","140","192.168.10.22","8081","10.0.0.2","46884","88","652257","38"
,"46.375311000","45.125291000","8688","140","192.168.10.22","8081","10.0.0.2","46884","88","652345","38"
,"46.375356000","45.125336000","8689","140","192.168.10.22","8081","10.0.0.2","46884","88","652433","38"
,"46.375367000","45.125347000","8690","140","192.168.10.22","8081","10.0.0.2","46884","88","652521","38"
,"46.375411000","45.125391000","8691","140","192.168.10.22","8081","10.0.0.2","46884","88","652609","38"
,"46.375423000","45.125403000","8692","140","192.168.10.22","8081","10.0.0.2","46884","88","652697","38"
,"46.375466000","45.125446000","8693","140","192.168.10.22","8081","10.0.0.2","46884","88","652785","38"
,"46.375487000","45.125467000","8694","140","192.168.10.22","8081","10.0.0.2","46884","88","652873","38"
,"46.437113000","45.187093000","8695","52","10.0.0.2","46884","192.168.10.22","8081","0","38","648385"
,"46.437139000","45.187119000","8696","52","10.0.0.2","46884","192.168.10.22","8081","0","38","648473"
,"46.438164000","45.188144000","8697","140","192.168.10.22","8081","10.0.0.2","46884","88","652961","38"
,"46.438202000","45.188182000","8698","140","192.168.10.22","8081","10.0.0.2","46884","88","653049","38"
,"46.438254000","45.188234000","8699","140","192.168.10.22","8081","10.0.0.2","46884","88","653137","38"
,"46.438266000","45.188246000","8700","140","192.168.10.22","8081","10.0.0.2","46884","88","653225","38"
,"46.438310000","45.188290000","8701","140","192.168.10.22","8081","10.0.0.2","46884","88","653313","38"
,"46.438322000","45.188302000","8702","140","192.168.10.22","8081","10.0.0.2","46884","88","653401","38"
,"46.438367000","45.188347000","8703","140","192.168.10.22","8081","10.0.0.2","46884","88","653489","38"
,"46.438378000","45.188358000","8704","140","192.168.10.22","8081","10.0.0.2","46884","88","653577","38"
,"46.438422000","45.188402000","8705","140","192.168.10.22","8081","10.0.0.2","46884","88","653665","38"
,"46.438437000","45.188417000","8706","140","192.168.10.22","8081","10.0.0.2","46884","88","653753","38"
,"46.499392000","45.249372000","8707","52","10.0.0.2","46884","192.168.10.22","8081","0","38","649177"
,"46.499419000","45.249399000","8708","52","10.0.0.2","46884","192.168.10.22","8081","0","38","649441"
,"46.500315000","45.250295000","8709","140","192.168.10.22","8081","10.0.0.2","46884","88","653841","38"
,"46.500354000","45.250334000","8710","140","192.168.10.22","8081","10.0.0.2","46884","88","653929","38"
,"46.500405000","45.250385000","8711","140","192.168.10.22","8081","10.0.0.2","46884","88","654017","38"
,"46.500417000","45.250397000","8712","140","192.168.10.22","8081","10.0.0.2","46884","88","654105","38"
,"46.500463000","45.250443000","8713","140","192.168.10.22","8081","10.0.0.2","46884","88","654193","38"
,"46.500475000","45.250455000","8714","140","192.168.10.22","8081","10.0.0.2","46884","88","654281","38"
,"46.500519000","45.250499000","8715","140","192.168.10.22","8081","10.0.0.2","46884","88","654369","38"
,"46.500530000","45.250510000","8716","140","192.168.10.22","8081","10.0.0.2","46884","88","654457","38"
,"46.500575000","45.250555000","8717","140","192.168.10.22","8081","10.0.0.2","46884","88","654545","38"
,"46.500588000","45.250568000","8718","140","192.168.10.22","8081","10.0.0.2","46884","88","654633","38"
,"46.500632000","45.250612000","8719","140","192.168.10.22","8081","10.0.0.2","46884","88","654721","38"
,"46.500645000","45.250625000","8720","140","192.168.10.22","8081","10.0.0.2","46884","88","654809","38"
,"46.562959000","45.312939000","8721","52","10.0.0.2","46884","192.168.10.22","8081","0","38","650321"
,"46.563985000","45.313965000","8722","140","192.168.10.22","8081","10.0.0.2","46884","88","654897","38"
,"46.564027000","45.314007000","8723","140","192.168.10.22","8081","10.0.0.2","46884","88","654985","38"
,"46.564091000","45.314071000","8724","140","192.168.10.22","8081","10.0.0.2","46884","88","655073","38"
,"46.564108000","45.314088000","8725","140","192.168.10.22","8081","10.0.0.2","46884","88","655161","38"
,"46.564157000","45.314137000","8726","140","192.168.10.22","8081","10.0.0.2","46884","88","655249","38"
,"46.564168000","45.314148000","8727","140","192.168.10.22","8081","10.0.0.2","46884","88","655337","38"
,"46.564212000","45.314192000","8728","140","192.168.10.22","8081","10.0.0.2","46884","88","655425","38"
,"46.564223000","45.314203000","8729","140","192.168.10.22","8081","10.0.0.2","46884","88","655513","38"
,"46.564267000","45.314247000","8730","140","192.168.10.22","8081","10.0.0.2","46884","88","655601","38"
,"46.564287000","45.314267000","8731","140","192.168.10.22","8081","10.0.0.2","46884","88","655689","38"
,"46.624856000","45.374836000","8732","52","10.0.0.2","46884","192.168.10.22","8081","0","38","651201"
,"46.625868000","45.375848000","8733","140","192.168.10.22","8081","10.0.0.2","46884","88","655777","38"
,"46.625939000","45.375919000","8734","140","192.168.10.22","8081","10.0.0.2","46884","88","655865","38"
,"46.626008000","45.375988000","8735","140","192.168.10.22","8081","10.0.0.2","46884","88","655953","38"
,"46.626026000","45.376006000","8736","140","192.168.10.22","8081","10.0.0.2","46884","88","656041","38"
,"46.626073000","45.376053000","8737","140","192.168.10.22","8081","10.0.0.2","46884","88","656129","38"
,"46.626085000","45.376065000","8738","140","192.168.10.22","8081","10.0.0.2","46884","88","656217","38"
,"46.626130000","45.376110000","8739","140","192.168.10.22","8081","10.0.0.2","46884","88","656305","38"
,"46.626141000","45.376121000","8740","140","192.168.10.22","8081","10.0.0.2","46884","88","656393","38"
,"46.626186000","45.376166000","8741","140","192.168.10.22","8081","10.0.0.2","46884","88","656481","38"
,"46.626200000","45.376180000","8742","140","192.168.10.22","8081","10.0.0.2","46884","88","656569","38"
,"46.687505000","45.437485000","8743","52","10.0.0.2","46884","192.168.10.22","8081","0","38","652169"
,"46.688500000","45.438480000","8744","140","192.168.10.22","8081","10.0.0.2","46884","88","656657","38"
,"46.688541000","45.438521000","8745","140","192.168.10.22","8081","10.0.0.2","46884","88","656745","38"
,"46.688603000","45.438583000","8746","140","192.168.10.22","8081","10.0.0.2","46884","88","656833","38"
,"46.688619000","45.438599000","8747","140","192.168.10.22","8081","10.0.0.2","46884","88","656921","38"
,"46.688674000","45.438654000","8748","140","192.168.10.22","8081","10.0.0.2","46884","88","657009","38"
,"46.688688000","45.438668000","8749","140","192.168.10.22","8081","10.0.0.2","46884","88","657097","38"
,"46.688734000","45.438714000","8750","140","192.168.10.22","8081","10.0.0.2","46884","88","657185","38"
,"46.688746000","45.438726000","8751","140","192.168.10.22","8081","10.0.0.2","46884","88","657273","38"
,"46.688791000","45.438771000","8752","140","192.168.10.22","8081","10.0.0.2","46884","88","657361","38"
,"46.688805000","45.438785000","8753","140","192.168.10.22","8081","10.0.0.2","46884","88","657449","38"
,"46.749969000","45.499949000","8754","52","10.0.0.2","46884","192.168.10.22","8081","0","38","652257"
,"46.749995000","45.499975000","8755","52","10.0.0.2","46884","192.168.10.22","8081","0","38","653049"
,"46.751015000","45.500995000","8756","140","192.168.10.22","8081","10.0.0.2","46884","88","657537","38"
,"46.751057000","45.501037000","8757","140","192.168.10.22","8081","10.0.0.2","46884","88","657625","38"
,"46.751123000","45.501103000","8758","140","192.168.10.22","8081","10.0.0.2","46884","88","657713","38"
,"46.751139000","45.501119000","8759","140","192.168.10.22","8081","10.0.0.2","46884","88","657801","38"
,"46.751187000","45.501167000","8760","140","192.168.10.22","8081","10.0.0.2","46884","88","657889","38"
,"46.751198000","45.501178000","8761","140","192.168.10.22","8081","10.0.0.2","46884","88","657977","38"
,"46.751243000","45.501223000","8762","140","192.168.10.22","8081","10.0.0.2","46884","88","658065","38"
,"46.751254000","45.501234000","8763","140","192.168.10.22","8081","10.0.0.2","46884","88","658153","38"
,"46.751299000","45.501279000","8764","140","192.168.10.22","8081","10.0.0.2","46884","88","658241","38"
,"46.751314000","45.501294000","8765","140","192.168.10.22","8081","10.0.0.2","46884","88","658329","38"
,"46.812644000","45.562624000","8766","52","10.0.0.2","46884","192.168.10.22","8081","0","38","653753"
,"46.812651000","45.562631000","8767","52","10.0.0.2","46884","192.168.10.22","8081","0","38","654017"
,"46.813641000","45.563621000","8768","140","192.168.10.22","8081","10.0.0.2","46884","88","658417","38"
,"46.813684000","45.563664000","8769","140","192.168.10.22","8081","10.0.0.2","46884","88","658505","38"
,"46.813748000","45.563728000","8770","140","192.168.10.22","8081","10.0.0.2","46884","88","658593","38"
,"46.813764000","45.563744000","8771","140","192.168.10.22","8081","10.0.0.2","46884","88","658681","38"
,"46.813815000","45.563795000","8772","140","192.168.10.22","8081","10.0.0.2","46884","88","658769","38"
,"46.813827000","45.563807000","8773","140","192.168.10.22","8081","10.0.0.2","46884","88","658857","38"
,"46.813872000","45.563852000","8774","140","192.168.10.22","8081","10.0.0.2","46884","88","658945","38"
,"46.813914000","45.563894000","8775","140","192.168.10.22","8081","10.0.0.2","46884","88","659033","38"
,"46.813960000","45.563940000","8776","140","192.168.10.22","8081","10.0.0.2","46884","88","659121","38"
,"46.813974000","45.563954000","8777","140","192.168.10.22","8081","10.0.0.2","46884","88","659209","38"
,"46.814019000","45.563999000","8778","140","192.168.10.22","8081","10.0.0.2","46884","88","659297","38"
,"46.814032000","45.564012000","8779","140","192.168.10.22","8081","10.0.0.2","46884","88","659385","38"
,"46.874440000","45.624420000","8780","52","10.0.0.2","46884","192.168.10.22","8081","0","38","654897"
,"46.875438000","45.625418000","8781","140","192.168.10.22","8081","10.0.0.2","46884","88","659473","38"
,"46.875480000","45.625460000","8782","140","192.168.10.22","8081","10.0.0.2","46884","88","659561","38"
,"46.875548000","45.625528000","8783","140","192.168.10.22","8081","10.0.0.2","46884","88","659649","38"
,"46.875564000","45.625544000","8784","140","192.168.10.22","8081","10.0.0.2","46884","88","659737","38"
,"46.875617000","45.625597000","8785","140","192.168.10.22","8081","10.0.0.2","46884","88","659825","38"
,"46.875630000","45.625610000","8786","140","192.168.10.22","8081","10.0.0.2","46884","88","659913","38"
,"46.875676000","45.625656000","8787","140","192.168.10.22","8081","10.0.0.2","46884","88","660001","38"
,"46.875687000","45.625667000","8788","140","192.168.10.22","8081","10.0.0.2","46884","88","660089","38"
,"46.875731000","45.625711000","8789","140","192.168.10.22","8081","10.0.0.2","46884","88","660177","38"
,"46.875745000","45.625725000","8790","140","192.168.10.22","8081","10.0.0.2","46884","88","660265","38"
,"46.937514000","45.687494000","8791","52","10.0.0.2","46884","192.168.10.22","8081","0","38","655689"
,"46.937541000","45.687521000","8792","52","10.0.0.2","46884","192.168.10.22","8081","0","38","655777"
,"46.937554000","45.687534000","8793","52","10.0.0.2","46884","192.168.10.22","8081","0","38","655865"
,"46.938463000","45.688443000","8794","140","192.168.10.22","8081","10.0.0.2","46884","88","660353","38"
,"46.938500000","45.688480000","8795","140","192.168.10.22","8081","10.0.0.2","46884","88","660441","38"
,"46.938549000","45.688529000","8796","140","192.168.10.22","8081","10.0.0.2","46884","88","660529","38"
,"46.938561000","45.688541000","8797","140","192.168.10.22","8081","10.0.0.2","46884","88","660617","38"
,"46.938607000","45.688587000","8798","140","192.168.10.22","8081","10.0.0.2","46884","88","660705","38"
,"46.938618000","45.688598000","8799","140","192.168.10.22","8081","10.0.0.2","46884","88","660793","38"
,"46.938662000","45.688642000","8800","140","192.168.10.22","8081","10.0.0.2","46884","88","660881","38"
,"46.938673000","45.688653000","8801","140","192.168.10.22","8081","10.0.0.2","46884","88","660969","38"
,"46.938718000","45.688698000","8802","140","192.168.10.22","8081","10.0.0.2","46884","88","661057","38"
,"46.938731000","45.688711000","8803","140","192.168.10.22","8081","10.0.0.2","46884","88","661145","38"
,"46.999798000","45.749778000","8804","52","10.0.0.2","46884","192.168.10.22","8081","0","38","656305"
,"46.999824000","45.749804000","8805","52","10.0.0.2","46884","192.168.10.22","8081","0","38","656745"
,"47.000856000","45.750836000","8806","140","192.168.10.22","8081","10.0.0.2","46884","88","661233","38"
,"47.000939000","45.750919000","8807","140","192.168.10.22","8081","10.0.0.2","46884","88","661321","38"
,"47.001010000","45.750990000","8808","140","192.168.10.22","8081","10.0.0.2","46884","88","661409","38"
,"47.001025000","45.751005000","8809","140","192.168.10.22","8081","10.0.0.2","46884","88","661497","38"
,"47.001071000","45.751051000","8810","140","192.168.10.22","8081","10.0.0.2","46884","88","661585","38"
,"47.001083000","45.751063000","8811","140","192.168.10.22","8081","10.0.0.2","46884","88","661673","38"
,"47.001128000","45.751108000","8812","140","192.168.10.22","8081","10.0.0.2","46884","88","661761","38"
,"47.001141000","45.751121000","8813","140","192.168.10.22","8081","10.0.0.2","46884","88","661849","38"
,"47.001185000","45.751165000","8814","140","192.168.10.22","8081","10.0.0.2","46884","88","661937","38"
,"47.001198000","45.751178000","8815","140","192.168.10.22","8081","10.0.0.2","46884","88","662025","38"
,"47.062194000","45.812174000","8816","52","10.0.0.2","46884","192.168.10.22","8081","0","38","657713"
,"47.063127000","45.813107000","8817","140","192.168.10.22","8081","10.0.0.2","46884","88","662113","38"
,"47.063170000","45.813150000","8818","140","192.168.10.22","8081","10.0.0.2","46884","88","662201","38"
,"47.063240000","45.813220000","8819","140","192.168.10.22","8081","10.0.0.2","46884","88","662289","38"
,"47.063258000","45.813238000","8820","140","192.168.10.22","8081","10.0.0.2","46884","88","662377","38"
,"47.063314000","45.813294000","8821","140","192.168.10.22","8081","10.0.0.2","46884","88","662465","38"
,"47.063328000","45.813308000","8822","140","192.168.10.22","8081","10.0.0.2","46884","88","662553","38"
,"47.063373000","45.813353000","8823","140","192.168.10.22","8081","10.0.0.2","46884","88","662641","38"
,"47.063396000","45.813376000","8824","140","192.168.10.22","8081","10.0.0.2","46884","88","662729","38"
,"47.063441000","45.813421000","8825","140","192.168.10.22","8081","10.0.0.2","46884","88","662817","38"
,"47.063454000","45.813434000","8826","140","192.168.10.22","8081","10.0.0.2","46884","88","662905","38"
,"47.063498000","45.813478000","8827","140","192.168.10.22","8081","10.0.0.2","46884","88","662993","38"
,"47.063512000","45.813492000","8828","140","192.168.10.22","8081","10.0.0.2","46884","88","663081","38"
,"47.124174000","45.874154000","8829","52","10.0.0.2","46884","192.168.10.22","8081","0","38","658505"
,"47.124183000","45.874163000","8830","52","10.0.0.2","46884","192.168.10.22","8081","0","38","658593"
,"47.125112000","45.875092000","8831","140","192.168.10.22","8081","10.0.0.2","46884","88","663169","38"
,"47.125151000","45.875131000","8832","140","192.168.10.22","8081","10.0.0.2","46884","88","663257","38"
,"47.125203000","45.875183000","8833","140","192.168.10.22","8081","10.0.0.2","46884","88","663345","38"
,"47.125216000","45.875196000","8834","140","192.168.10.22","8081","10.0.0.2","46884","88","663433","38"
,"47.125261000","45.875241000","8835","140","192.168.10.22","8081","10.0.0.2","46884","88","663521","38"
,"47.125274000","45.875254000","8836","140","192.168.10.22","8081","10.0.0.2","46884","88","663609","38"
,"47.125319000","45.875299000","8837","140","192.168.10.22","8081","10.0.0.2","46884","88","663697","38"
,"47.125330000","45.875310000","8838","140","192.168.10.22","8081","10.0.0.2","46884","88","663785","38"
,"47.125374000","45.875354000","8839","140","192.168.10.22","8081","10.0.0.2","46884","88","663873","38"
,"47.125388000","45.875368000","8840","140","192.168.10.22","8081","10.0.0.2","46884","88","663961","38"
,"47.187770000","45.937750000","8841","52","10.0.0.2","46884","192.168.10.22","8081","0","38","659473"
,"47.188778000","45.938758000","8842","140","192.168.10.22","8081","10.0.0.2","46884","88","664049","38"
,"47.188821000","45.938801000","8843","140","192.168.10.22","8081","10.0.0.2","46884","88","664137","38"
,"47.188921000","45.938901000","8844","140","192.168.10.22","8081","10.0.0.2","46884","88","664225","38"
,"47.188941000","45.938921000","8845","140","192.168.10.22","8081","10.0.0.2","46884","88","664313","38"
,"47.188992000","45.938972000","8846","140","192.168.10.22","8081","10.0.0.2","46884","88","664401","38"
,"47.189004000","45.938984000","8847","140","192.168.10.22","8081","10.0.0.2","46884","88","664489","38"
,"47.189049000","45.939029000","8848","140","192.168.10.22","8081","10.0.0.2","46884","88","664577","38"
,"47.189074000","45.939054000","8849","140","192.168.10.22","8081","10.0.0.2","46884","88","664665","38"
,"47.189120000","45.939100000","8850","140","192.168.10.22","8081","10.0.0.2","46884","88","664753","38"
,"47.189133000","45.939113000","8851","140","192.168.10.22","8081","10.0.0.2","46884","88","664841","38"
,"47.249292000","45.999272000","8852","52","10.0.0.2","46884","192.168.10.22","8081","0","38","660265"
,"47.249322000","45.999302000","8853","52","10.0.0.2","46884","192.168.10.22","8081","0","38","660441"
,"47.250318000","46.000298000","8854","140","192.168.10.22","8081","10.0.0.2","46884","88","664929","38"
,"47.250358000","46.000338000","8855","140","192.168.10.22","8081","10.0.0.2","46884","88","665017","38"
,"47.250421000","46.000401000","8856","140","192.168.10.22","8081","10.0.0.2","46884","88","665105","38"
,"47.250437000","46.000417000","8857","140","192.168.10.22","8081","10.0.0.2","46884","88","665193","38"
,"47.250491000","46.000471000","8858","140","192.168.10.22","8081","10.0.0.2","46884","88","665281","38"
,"47.250504000","46.000484000","8859","140","192.168.10.22","8081","10.0.0.2","46884","88","665369","38"
,"47.250548000","46.000528000","8860","140","192.168.10.22","8081","10.0.0.2","46884","88","665457","38"
,"47.250560000","46.000540000","8861","140","192.168.10.22","8081","10.0.0.2","46884","88","665545","38"
,"47.250605000","46.000585000","8862","140","192.168.10.22","8081","10.0.0.2","46884","88","665633","38"
,"47.250619000","46.000599000","8863","140","192.168.10.22","8081","10.0.0.2","46884","88","665721","38"
,"47.312680000","46.062660000","8864","52","10.0.0.2","46884","192.168.10.22","8081","0","38","661233"
,"47.312689000","46.062669000","8865","52","10.0.0.2","46884","192.168.10.22","8081","0","38","661321"
,"47.313673000","46.063653000","8866","140","192.168.10.22","8081","10.0.0.2","46884","88","665809","38"
,"47.313715000","46.063695000","8867","140","192.168.10.22","8081","10.0.0.2","46884","88","665897","38"
,"47.313777000","46.063757000","8868","140","192.168.10.22","8081","10.0.0.2","46884","88","665985","38"
,"47.313794000","46.063774000","8869","140","192.168.10.22","8081","10.0.0.2","46884","88","666073","38"
,"47.313847000","46.063827000","8870","140","192.168.10.22","8081","10.0.0.2","46884","88","666161","38"
,"47.313860000","46.063840000","8871","140","192.168.10.22","8081","10.0.0.2","46884","88","666249","38"
,"47.313934000","46.063914000","8872","140","192.168.10.22","8081","10.0.0.2","46884","88","666337","38"
,"47.313947000","46.063927000","8873","140","192.168.10.22","8081","10.0.0.2","46884","88","666425","38"
,"47.313992000","46.063972000","8874","140","192.168.10.22","8081","10.0.0.2","46884","88","666513","38"
,"47.314005000","46.063985000","8875","140","192.168.10.22","8081","10.0.0.2","46884","88","666601","38"
,"47.375022000","46.125002000","8876","52","10.0.0.2","46884","192.168.10.22","8081","0","38","662289"
,"47.376035000","46.126015000","8877","140","192.168.10.22","8081","10.0.0.2","46884","88","666689","38"
,"47.376079000","46.126059000","8878","140","192.168.10.22","8081","10.0.0.2","46884","88","666777","38"
,"47.376144000","46.126124000","8879","140","192.168.10.22","8081","10.0.0.2","46884","88","666865","38"
,"47.376160000","46.126140000","8880","140","192.168.10.22","8081","10.0.0.2","46884","88","666953","38"
,"47.376209000","46.126189000","8881","140","192.168.10.22","8081","10.0.0.2","46884","88","667041","38"
,"47.376221000","46.126201000","8882","140","192.168.10.22","8081","10.0.0.2","46884","88","667129","38"
,"47.376266000","46.126246000","8883","140","192.168.10.22","8081","10.0.0.2","46884","88","667217","38"
,"47.376277000","46.126257000","8884","140","192.168.10.22","8081","10.0.0.2","46884","88","667305","38"
,"47.376320000","46.126300000","8885","140","192.168.10.22","8081","10.0.0.2","46884","88","667393","38"
,"47.376343000","46.126323000","8886","140","192.168.10.22","8081","10.0.0.2","46884","88","667481","38"
,"47.376388000","46.126368000","8887","140","192.168.10.22","8081","10.0.0.2","46884","88","667569","38"
,"47.376401000","46.126381000","8888","140","192.168.10.22","8081","10.0.0.2","46884","88","667657","38"
,"47.437244000","46.187224000","8889","52","10.0.0.2","46884","192.168.10.22","8081","0","38","662905"
,"47.437271000","46.187251000","8890","52","10.0.0.2","46884","192.168.10.22","8081","0","38","663169"
,"47.438155000","46.188135000","8891","140","192.168.10.22","8081","10.0.0.2","46884","88","667745","38"
,"47.438192000","46.188172000","8892","140","192.168.10.22","8081","10.0.0.2","46884","88","667833","38"
,"47.438247000","46.188227000","8893","140","192.168.10.22","8081","10.0.0.2","46884","88","667921","38"
,"47.438258000","46.188238000","8894","140","192.168.10.22","8081","10.0.0.2","46884","88","668009","38"
,"47.438303000","46.188283000","8895","140","192.168.10.22","8081","10.0.0.2","46884","88","668097","38"
,"47.438315000","46.188295000","8896","140","192.168.10.22","8081","10.0.0.2","46884","88","668185","38"
,"47.438360000","46.188340000","8897","140","192.168.10.22","8081","10.0.0.2","46884","88","668273","38"
,"47.438371000","46.188351000","8898","140","192.168.10.22","8081","10.0.0.2","46884","88","668361","38"
,"47.438415000","46.188395000","8899","140","192.168.10.22","8081","10.0.0.2","46884","88","668449","38"
,"47.438428000","46.188408000","8900","140","192.168.10.22","8081","10.0.0.2","46884","88","668537","38"
,"47.499617000","46.249597000","8901","52","10.0.0.2","46884","192.168.10.22","8081","0","38","663961"
,"47.499645000","46.249625000","8902","52","10.0.0.2","46884","192.168.10.22","8081","0","38","664137"
,"47.500628000","46.250608000","8903","140","192.168.10.22","8081","10.0.0.2","46884","88","668625","38"
,"47.500670000","46.250650000","8904","140","192.168.10.22","8081","10.0.0.2","46884","88","668713","38"
,"47.500736000","46.250716000","8905","140","192.168.10.22","8081","10.0.0.2","46884","88","668801","38"
,"47.500752000","46.250732000","8906","140","192.168.10.22","8081","10.0.0.2","46884","88","668889","38"
,"47.500804000","46.250784000","8907","140","192.168.10.22","8081","10.0.0.2","46884","88","668977","38"
,"47.500816000","46.250796000","8908","140","192.168.10.22","8081","10.0.0.2","46884","88","669065","38"
,"47.500860000","46.250840000","8909","140","192.168.10.22","8081","10.0.0.2","46884","88","669153","38"
,"47.500871000","46.250851000","8910","140","192.168.10.22","8081","10.0.0.2","46884","88","669241","38"
,"47.500957000","46.250937000","8911","140","192.168.10.22","8081","10.0.0.2","46884","88","669329","38"
,"47.500974000","46.250954000","8912","140","192.168.10.22","8081","10.0.0.2","46884","88","669417","38"
,"47.562653000","46.312633000","8913","52","10.0.0.2","46884","192.168.10.22","8081","0","38","665017"
,"47.563626000","46.313606000","8914","140","192.168.10.22","8081","10.0.0.2","46884","88","669505","38"
,"47.563669000","46.313649000","8915","140","192.168.10.22","8081","10.0.0.2","46884","88","669593","38"
,"47.563736000","46.313716000","8916","140","192.168.10.22","8081","10.0.0.2","46884","88","669681","38"
,"47.563754000","46.313734000","8917","140","192.168.10.22","8081","10.0.0.2","46884","88","669769","38"
,"47.563809000","46.313789000","8918","140","192.168.10.22","8081","10.0.0.2","46884","88","669857","38"
,"47.563823000","46.313803000","8919","140","192.168.10.22","8081","10.0.0.2","46884","88","669945","38"
,"47.563869000","46.313849000","8920","140","192.168.10.22","8081","10.0.0.2","46884","88","670033","38"
,"47.563911000","46.313891000","8921","140","192.168.10.22","8081","10.0.0.2","46884","88","670121","38"
,"47.563958000","46.313938000","8922","140","192.168.10.22","8081","10.0.0.2","46884","88","670209","38"
,"47.563974000","46.313954000","8923","140","192.168.10.22","8081","10.0.0.2","46884","88","670297","38"
,"47.624079000","46.374059000","8924","52","10.0.0.2","46884","192.168.10.22","8081","0","38","665985"
,"47.625075000","46.375055000","8925","140","192.168.10.22","8081","10.0.0.2","46884","88","670385","38"
,"47.625118000","46.375098000","8926","140","192.168.10.22","8081","10.0.0.2","46884","88","670473","38"
,"47.625180000","46.375160000","8927","140","192.168.10.22","8081","10.0.0.2","46884","88","670561","38"
,"47.625196000","46.375176000","8928","140","192.168.10.22","8081","10.0.0.2","46884","88","670649","38"
,"47.625248000","46.375228000","8929","140","192.168.10.22","8081","10.0.0.2","46884","88","670737","38"
,"47.625260000","46.375240000","8930","140","192.168.10.22","8081","10.0.0.2","46884","88","670825","38"
,"47.625306000","46.375286000","8931","140","192.168.10.22","8081","10.0.0.2","46884","88","670913","38"
,"47.625318000","46.375298000","8932","140","192.168.10.22","8081","10.0.0.2","46884","88","671001","38"
,"47.625363000","46.375343000","8933","140","192.168.10.22","8081","10.0.0.2","46884","88","671089","38"
,"47.625377000","46.375357000","8934","140","192.168.10.22","8081","10.0.0.2","46884","88","671177","38"
,"47.625422000","46.375402000","8935","140","192.168.10.22","8081","10.0.0.2","46884","88","671265","38"
,"47.625435000","46.375415000","8936","140","192.168.10.22","8081","10.0.0.2","46884","88","671353","38"
,"47.687841000","46.437821000","8937","52","10.0.0.2","46884","192.168.10.22","8081","0","38","666249"
,"47.687867000","46.437847000","8938","52","10.0.0.2","46884","192.168.10.22","8081","0","38","666865"
,"47.688839000","46.438819000","8939","140","192.168.10.22","8081","10.0.0.2","46884","88","671441","38"
,"47.688920000","46.438900000","8940","140","192.168.10.22","8081","10.0.0.2","46884","88","671529","38"
,"47.688991000","46.438971000","8941","140","192.168.10.22","8081","10.0.0.2","46884","88","671617","38"
,"47.689006000","46.438986000","8942","140","192.168.10.22","8081","10.0.0.2","46884","88","671705","38"
,"47.689054000","46.439034000","8943","140","192.168.10.22","8081","10.0.0.2","46884","88","671793","38"
,"47.689076000","46.439056000","8944","140","192.168.10.22","8081","10.0.0.2","46884","88","671881","38"
,"47.689121000","46.439101000","8945","140","192.168.10.22","8081","10.0.0.2","46884","88","671969","38"
,"47.689135000","46.439115000","8946","140","192.168.10.22","8081","10.0.0.2","46884","88","672057","38"
,"47.689180000","46.439160000","8947","140","192.168.10.22","8081","10.0.0.2","46884","88","672145","38"
,"47.689194000","46.439174000","8948","140","192.168.10.22","8081","10.0.0.2","46884","88","672233","38"
,"47.749568000","46.499548000","8949","52","10.0.0.2","46884","192.168.10.22","8081","0","38","667569"
,"47.749596000","46.499576000","8950","52","10.0.0.2","46884","192.168.10.22","8081","0","38","667745"
,"47.750588000","46.500568000","8951","140","192.168.10.22","8081","10.0.0.2","46884","88","672321","38"
,"47.750629000","46.500609000","8952","140","192.168.10.22","8081","10.0.0.2","46884","88","672409","38"
,"47.750692000","46.500672000","8953","140","192.168.10.22","8081","10.0.0.2","46884","88","672497","38"
,"47.750708000","46.500688000","8954","140","192.168.10.22","8081","10.0.0.2","46884","88","672585","38"
,"47.750763000","46.500743000","8955","140","192.168.10.22","8081","10.0.0.2","46884","88","672673","38"
,"47.750776000","46.500756000","8956","140","192.168.10.22","8081","10.0.0.2","46884","88","672761","38"
,"47.750822000","46.500802000","8957","140","192.168.10.22","8081","10.0.0.2","46884","88","672849","38"
,"47.750833000","46.500813000","8958","140","192.168.10.22","8081","10.0.0.2","46884","88","672937","38"
,"47.750910000","46.500890000","8959","140","192.168.10.22","8081","10.0.0.2","46884","88","673025","38"
,"47.750927000","46.500907000","8960","140","192.168.10.22","8081","10.0.0.2","46884","88","673113","38"
,"47.811974000","46.561954000","8961","52","10.0.0.2","46884","192.168.10.22","8081","0","38","668537"
,"47.811984000","46.561964000","8962","52","10.0.0.2","46884","192.168.10.22","8081","0","38","668713"
,"47.813009000","46.562989000","8963","140","192.168.10.22","8081","10.0.0.2","46884","88","673201","38"
,"47.813053000","46.563033000","8964","140","192.168.10.22","8081","10.0.0.2","46884","88","673289","38"
,"47.813118000","46.563098000","8965","140","192.168.10.22","8081","10.0.0.2","46884","88","673377","38"
,"47.813135000","46.563115000","8966","140","192.168.10.22","8081","10.0.0.2","46884","88","673465","38"
,"47.813182000","46.563162000","8967","140","192.168.10.22","8081","10.0.0.2","46884","88","673553","38"
,"47.813195000","46.563175000","8968","140","192.168.10.22","8081","10.0.0.2","46884","88","673641","38"
,"47.813240000","46.563220000","8969","140","192.168.10.22","8081","10.0.0.2","46884","88","673729","38"
,"47.813251000","46.563231000","8970","140","192.168.10.22","8081","10.0.0.2","46884","88","673817","38"
,"47.813295000","46.563275000","8971","140","192.168.10.22","8081","10.0.0.2","46884","88","673905","38"
,"47.813309000","46.563289000","8972","140","192.168.10.22","8081","10.0.0.2","46884","88","673993","38"
,"47.874825000","46.624805000","8973","52","10.0.0.2","46884","192.168.10.22","8081","0","38","669593"
,"47.875840000","46.625820000","8974","140","192.168.10.22","8081","10.0.0.2","46884","88","674081","38"
,"47.875920000","46.625900000","8975","140","192.168.10.22","8081","10.0.0.2","46884","88","674169","38"
,"47.875987000","46.625967000","8976","140","192.168.10.22","8081","10.0.0.2","46884","88","674257","38"
,"47.876003000","46.625983000","8977","140","192.168.10.22","8081","10.0.0.2","46884","88","674345","38"
,"47.876049000","46.626029000","8978","140","192.168.10.22","8081","10.0.0.2","46884","88","674433","38"
,"47.876072000","46.626052000","8979","140","192.168.10.22","8081","10.0.0.2","46884","88","674521","38"
,"47.876116000","46.626096000","8980","140","192.168.10.22","8081","10.0.0.2","46884","88","674609","38"
,"47.876129000","46.626109000","8981","140","192.168.10.22","8081","10.0.0.2","46884","88","674697","38"
,"47.876175000","46.626155000","8982","140","192.168.10.22","8081","10.0.0.2","46884","88","674785","38"
,"47.876188000","46.626168000","8983","140","192.168.10.22","8081","10.0.0.2","46884","88","674873","38"
,"47.937550000","46.687530000","8984","52","10.0.0.2","46884","192.168.10.22","8081","0","38","670385"
,"47.937575000","46.687555000","8985","52","10.0.0.2","46884","192.168.10.22","8081","0","38","670561"
,"47.938556000","46.688536000","8986","140","192.168.10.22","8081","10.0.0.2","46884","88","674961","38"
,"47.938597000","46.688577000","8987","140","192.168.10.22","8081","10.0.0.2","46884","88","675049","38"
,"47.938664000","46.688644000","8988","140","192.168.10.22","8081","10.0.0.2","46884","88","675137","38"
,"47.938681000","46.688661000","8989","140","192.168.10.22","8081","10.0.0.2","46884","88","675225","38"
,"47.938736000","46.688716000","8990","140","192.168.10.22","8081","10.0.0.2","46884","88","675313","38"
,"47.938749000","46.688729000","8991","140","192.168.10.22","8081","10.0.0.2","46884","88","675401","38"
,"47.938794000","46.688774000","8992","140","192.168.10.22","8081","10.0.0.2","46884","88","675489","38"
,"47.938806000","46.688786000","8993","140","192.168.10.22","8081","10.0.0.2","46884","88","675577","38"
,"47.938850000","46.688830000","8994","140","192.168.10.22","8081","10.0.0.2","46884","88","675665","38"
,"47.938864000","46.688844000","8995","140","192.168.10.22","8081","10.0.0.2","46884","88","675753","38"
,"47.938945000","46.688925000","8996","140","192.168.10.22","8081","10.0.0.2","46884","88","675841","38"
,"47.938961000","46.688941000","8997","140","192.168.10.22","8081","10.0.0.2","46884","88","675929","38"
,"47.999977000","46.749957000","8998","52","10.0.0.2","46884","192.168.10.22","8081","0","38","671353"
,"48.000004000","46.749984000","8999","52","10.0.0.2","46884","192.168.10.22","8081","0","38","671441"
,"48.001015000","46.750995000","9000","140","192.168.10.22","8081","10.0.0.2","46884","88","676017","38"
,"48.001057000","46.751037000","9001","140","192.168.10.22","8081","10.0.0.2","46884","88","676105","38"
,"48.001123000","46.751103000","9002","140","192.168.10.22","8081","10.0.0.2","46884","88","676193","38"
,"48.001141000","46.751121000","9003","140","192.168.10.22","8081","10.0.0.2","46884","88","676281","38"
,"48.001190000","46.751170000","9004","140","192.168.10.22","8081","10.0.0.2","46884","88","676369","38"
,"48.001202000","46.751182000","9005","140","192.168.10.22","8081","10.0.0.2","46884","88","676457","38"
,"48.001247000","46.751227000","9006","140","192.168.10.22","8081","10.0.0.2","46884","88","676545","38"
,"48.001258000","46.751238000","9007","140","192.168.10.22","8081","10.0.0.2","46884","88","676633","38"
,"48.001302000","46.751282000","9008","140","192.168.10.22","8081","10.0.0.2","46884","88","676721","38"
,"48.001316000","46.751296000","9009","140","192.168.10.22","8081","10.0.0.2","46884","88","676809","38"
,"48.062649000","46.812629000","9010","52","10.0.0.2","46884","192.168.10.22","8081","0","38","672409"
,"48.063637000","46.813617000","9011","140","192.168.10.22","8081","10.0.0.2","46884","88","676897","38"
,"48.063679000","46.813659000","9012","140","192.168.10.22","8081","10.0.0.2","46884","88","676985","38"
,"48.063742000","46.813722000","9013","140","192.168.10.22","8081","10.0.0.2","46884","88","677073","38"
,"48.063759000","46.813739000","9014","140","192.168.10.22","8081","10.0.0.2","46884","88","677161","38"
,"48.063815000","46.813795000","9015","140","192.168.10.22","8081","10.0.0.2","46884","88","677249","38"
,"48.063828000","46.813808000","9016","140","192.168.10.22","8081","10.0.0.2","46884","88","677337","38"
,"48.063873000","46.813853000","9017","140","192.168.10.22","8081","10.0.0.2","46884","88","677425","38"
,"48.063920000","46.813900000","9018","140","192.168.10.22","8081","10.0.0.2","46884","88","677513","38"
,"48.063968000","46.813948000","9019","140","192.168.10.22","8081","10.0.0.2","46884","88","677601","38"
,"48.063982000","46.813962000","9020","140","192.168.10.22","8081","10.0.0.2","46884","88","677689","38"
,"48.124597000","46.874577000","9021","52","10.0.0.2","46884","192.168.10.22","8081","0","38","673289"
,"48.125566000","46.875546000","9022","140","192.168.10.22","8081","10.0.0.2","46884","88","677777","38"
,"48.125608000","46.875588000","9023","140","192.168.10.22","8081","10.0.0.2","46884","88","677865","38"
,"48.125674000","46.875654000","9024","140","192.168.10.22","8081","10.0.0.2","46884","88","677953","38"
,"48.125690000","46.875670000","9025","140","192.168.10.22","8081","10.0.0.2","46884","88","678041","38"
,"48.125742000","46.875722000","9026","140","192.168.10.22","8081","10.0.0.2","46884","88","678129","38"
,"48.125755000","46.875735000","9027","140","192.168.10.22","8081","10.0.0.2","46884","88","678217","38"
,"48.125801000","46.875781000","9028","140","192.168.10.22","8081","10.0.0.2","46884","88","678305","38"
,"48.125813000","46.875793000","9029","140","192.168.10.22","8081","10.0.0.2","46884","88","678393","38"
,"48.125858000","46.875838000","9030","140","192.168.10.22","8081","10.0.0.2","46884","88","678481","38"
,"48.125871000","46.875851000","9031","140","192.168.10.22","8081","10.0.0.2","46884","88","678569","38"
,"48.187034000","46.937014000","9032","52","10.0.0.2","46884","192.168.10.22","8081","0","38","673993"
,"48.187061000","46.937041000","9033","52","10.0.0.2","46884","192.168.10.22","8081","0","38","674257"
,"48.187827000","46.937807000","9034","140","192.168.10.22","8081","10.0.0.2","46884","88","678657","38"
,"48.187873000","46.937853000","9035","140","192.168.10.22","8081","10.0.0.2","46884","88","678745","38"
,"48.187983000","46.937963000","9036","140","192.168.10.22","8081","10.0.0.2","46884","88","678833","38"
,"48.187999000","46.937979000","9037","140","192.168.10.22","8081","10.0.0.2","46884","88","678921","38"
,"48.188045000","46.938025000","9038","140","192.168.10.22","8081","10.0.0.2","46884","88","679009","38"
,"48.188059000","46.938039000","9039","140","192.168.10.22","8081","10.0.0.2","46884","88","679097","38"
,"48.188104000","46.938084000","9040","140","192.168.10.22","8081","10.0.0.2","46884","88","679185","38"
,"48.188117000","46.938097000","9041","140","192.168.10.22","8081","10.0.0.2","46884","88","679273","38"
,"48.188164000","46.938144000","9042","140","192.168.10.22","8081","10.0.0.2","46884","88","679361","38"
,"48.188178000","46.938158000","9043","140","192.168.10.22","8081","10.0.0.2","46884","88","679449","38"
,"48.188223000","46.938203000","9044","140","192.168.10.22","8081","10.0.0.2","46884","88","679537","38"
,"48.188234000","46.938214000","9045","140","192.168.10.22","8081","10.0.0.2","46884","88","679625","38"
,"48.249554000","46.999534000","9046","52","10.0.0.2","46884","192.168.10.22","8081","0","38","675049"
,"48.249584000","46.999564000","9047","52","10.0.0.2","46884","192.168.10.22","8081","0","38","675137"
,"48.250581000","47.000561000","9048","140","192.168.10.22","8081","10.0.0.2","46884","88","679713","38"
,"48.250623000","47.000603000","9049","140","192.168.10.22","8081","10.0.0.2","46884","88","679801","38"
,"48.250685000","47.000665000","9050","140","192.168.10.22","8081","10.0.0.2","46884","88","679889","38"
,"48.250701000","47.000681000","9051","140","192.168.10.22","8081","10.0.0.2","46884","88","679977","38"
,"48.250756000","47.000736000","9052","140","192.168.10.22","8081","10.0.0.2","46884","88","680065","38"
,"48.250769000","47.000749000","9053","140","192.168.10.22","8081","10.0.0.2","46884","88","680153","38"
,"48.250815000","47.000795000","9054","140","192.168.10.22","8081","10.0.0.2","46884","88","680241","38"
,"48.250826000","47.000806000","9055","140","192.168.10.22","8081","10.0.0.2","46884","88","680329","38"
,"48.250871000","47.000851000","9056","140","192.168.10.22","8081","10.0.0.2","46884","88","680417","38"
,"48.250920000","47.000900000","9057","140","192.168.10.22","8081","10.0.0.2","46884","88","680505","38"
,"48.312439000","47.062419000","9058","52","10.0.0.2","46884","192.168.10.22","8081","0","38","675313"
,"48.312450000","47.062430000","9059","52","10.0.0.2","46884","192.168.10.22","8081","0","38","676017"
,"48.313432000","47.063412000","9060","140","192.168.10.22","8081","10.0.0.2","46884","88","680593","38"
,"48.313475000","47.063455000","9061","140","192.168.10.22","8081","10.0.0.2","46884","88","680681","38"
,"48.313541000","47.063521000","9062","140","192.168.10.22","8081","10.0.0.2","46884","88","680769","38"
,"48.313556000","47.063536000","9063","140","192.168.10.22","8081","10.0.0.2","46884","88","680857","38"
,"48.313609000","47.063589000","9064","140","192.168.10.22","8081","10.0.0.2","46884","88","680945","38"
,"48.313622000","47.063602000","9065","140","192.168.10.22","8081","10.0.0.2","46884","88","681033","38"
,"48.313668000","47.063648000","9066","140","192.168.10.22","8081","10.0.0.2","46884","88","681121","38"
,"48.313680000","47.063660000","9067","140","192.168.10.22","8081","10.0.0.2","46884","88","681209","38"
,"48.313725000","47.063705000","9068","140","192.168.10.22","8081","10.0.0.2","46884","88","681297","38"
,"48.313738000","47.063718000","9069","140","192.168.10.22","8081","10.0.0.2","46884","88","681385","38"
,"48.374862000","47.124842000","9070","52","10.0.0.2","46884","192.168.10.22","8081","0","38","676985"
,"48.375846000","47.125826000","9071","140","192.168.10.22","8081","10.0.0.2","46884","88","681473","38"
,"48.375931000","47.125911000","9072","140","192.168.10.22","8081","10.0.0.2","46884","88","681561","38"
,"48.376000000","47.125980000","9073","140","192.168.10.22","8081","10.0.0.2","46884","88","681649","38"
,"48.376015000","47.125995000","9074","140","192.168.10.22","8081","10.0.0.2","46884","88","681737","38"
,"48.376062000","47.126042000","9075","140","192.168.10.22","8081","10.0.0.2","46884","88","681825","38"
,"48.376077000","47.126057000","9076","140","192.168.10.22","8081","10.0.0.2","46884","88","681913","38"
,"48.376123000","47.126103000","9077","140","192.168.10.22","8081","10.0.0.2","46884","88","682001","38"
,"48.376136000","47.126116000","9078","140","192.168.10.22","8081","10.0.0.2","46884","88","682089","38"
,"48.376182000","47.126162000","9079","140","192.168.10.22","8081","10.0.0.2","46884","88","682177","38"
,"48.376195000","47.126175000","9080","140","192.168.10.22","8081","10.0.0.2","46884","88","682265","38"
,"48.437535000","47.187515000","9081","52","10.0.0.2","46884","192.168.10.22","8081","0","38","677865"
,"48.438532000","47.188512000","9082","140","192.168.10.22","8081","10.0.0.2","46884","88","682353","38"
,"48.438577000","47.188557000","9083","140","192.168.10.22","8081","10.0.0.2","46884","88","682441","38"
,"48.438645000","47.188625000","9084","140","192.168.10.22","8081","10.0.0.2","46884","88","682529","38"
,"48.438662000","47.188642000","9085","140","192.168.10.22","8081","10.0.0.2","46884","88","682617","38"
,"48.438713000","47.188693000","9086","140","192.168.10.22","8081","10.0.0.2","46884","88","682705","38"
,"48.438726000","47.188706000","9087","140","192.168.10.22","8081","10.0.0.2","46884","88","682793","38"
,"48.438770000","47.188750000","9088","140","192.168.10.22","8081","10.0.0.2","46884","88","682881","38"
,"48.438782000","47.188762000","9089","140","192.168.10.22","8081","10.0.0.2","46884","88","682969","38"
,"48.438825000","47.188805000","9090","140","192.168.10.22","8081","10.0.0.2","46884","88","683057","38"
,"48.438839000","47.188819000","9091","140","192.168.10.22","8081","10.0.0.2","46884","88","683145","38"
,"48.499425000","47.249405000","9092","52","10.0.0.2","46884","192.168.10.22","8081","0","38","678569"
,"48.499454000","47.249434000","9093","52","10.0.0.2","46884","192.168.10.22","8081","0","38","678657"
,"48.499467000","47.249447000","9094","52","10.0.0.2","46884","192.168.10.22","8081","0","38","678833"
,"48.500438000","47.250418000","9095","140","192.168.10.22","8081","10.0.0.2","46884","88","683233","38"
,"48.500480000","47.250460000","9096","140","192.168.10.22","8081","10.0.0.2","46884","88","683321","38"
,"48.500545000","47.250525000","9097","140","192.168.10.22","8081","10.0.0.2","46884","88","683409","38"
,"48.500562000","47.250542000","9098","140","192.168.10.22","8081","10.0.0.2","46884","88","683497","38"
,"48.500617000","47.250597000","9099","140","192.168.10.22","8081","10.0.0.2","46884","88","683585","38"
,"48.500630000","47.250610000","9100","140","192.168.10.22","8081","10.0.0.2","46884","88","683673","38"
,"48.500674000","47.250654000","9101","140","192.168.10.22","8081","10.0.0.2","46884","88","683761","38"
,"48.500685000","47.250665000","9102","140","192.168.10.22","8081","10.0.0.2","46884","88","683849","38"
,"48.500730000","47.250710000","9103","140","192.168.10.22","8081","10.0.0.2","46884","88","683937","38"
,"48.500744000","47.250724000","9104","140","192.168.10.22","8081","10.0.0.2","46884","88","684025","38"
,"48.500789000","47.250769000","9105","140","192.168.10.22","8081","10.0.0.2","46884","88","684113","38"
,"48.500803000","47.250783000","9106","140","192.168.10.22","8081","10.0.0.2","46884","88","684201","38"
,"48.562546000","47.312526000","9107","52","10.0.0.2","46884","192.168.10.22","8081","0","38","679713"
,"48.563519000","47.313499000","9108","140","192.168.10.22","8081","10.0.0.2","46884","88","684289","38"
,"48.563563000","47.313543000","9109","140","192.168.10.22","8081","10.0.0.2","46884","88","684377","38"
,"48.563626000","47.313606000","9110","140","192.168.10.22","8081","10.0.0.2","46884","88","684465","38"
,"48.563642000","47.313622000","9111","140","192.168.10.22","8081","10.0.0.2","46884","88","684553","38"
,"48.563698000","47.313678000","9112","140","192.168.10.22","8081","10.0.0.2","46884","88","684641","38"
,"48.563712000","47.313692000","9113","140","192.168.10.22","8081","10.0.0.2","46884","88","684729","38"
,"48.563757000","47.313737000","9114","140","192.168.10.22","8081","10.0.0.2","46884","88","684817","38"
,"48.563768000","47.313748000","9115","140","192.168.10.22","8081","10.0.0.2","46884","88","684905","38"
,"48.563813000","47.313793000","9116","140","192.168.10.22","8081","10.0.0.2","46884","88","684993","38"
,"48.563827000","47.313807000","9117","140","192.168.10.22","8081","10.0.0.2","46884","88","685081","38"
,"48.624327000","47.374307000","9118","52","10.0.0.2","46884","192.168.10.22","8081","0","38","680681"
,"48.625193000","47.375173000","9119","140","192.168.10.22","8081","10.0.0.2","46884","88","685169","38"
,"48.625231000","47.375211000","9120","140","192.168.10.22","8081","10.0.0.2","46884","88","685257","38"
,"48.625281000","47.375261000","9121","140","192.168.10.22","8081","10.0.0.2","46884","88","685345","38"
,"48.625293000","47.375273000","9122","140","192.168.10.22","8081","10.0.0.2","46884","88","685433","38"
,"48.625338000","47.375318000","9123","140","192.168.10.22","8081","10.0.0.2","46884","88","685521","38"
,"48.625349000","47.375329000","9124","140","192.168.10.22","8081","10.0.0.2","46884","88","685609","38"
,"48.625394000","47.375374000","9125","140","192.168.10.22","8081","10.0.0.2","46884","88","685697","38"
,"48.625406000","47.375386000","9126","140","192.168.10.22","8081","10.0.0.2","46884","88","685785","38"
,"48.625450000","47.375430000","9127","140","192.168.10.22","8081","10.0.0.2","46884","88","685873","38"
,"48.625464000","47.375444000","9128","140","192.168.10.22","8081","10.0.0.2","46884","88","685961","38"
,"48.687472000","47.437452000","9129","52","10.0.0.2","46884","192.168.10.22","8081","0","38","681561"
,"48.688386000","47.438366000","9130","140","192.168.10.22","8081","10.0.0.2","46884","88","686049","38"
,"48.688424000","47.438404000","9131","140","192.168.10.22","8081","10.0.0.2","46884","88","686137","38"
,"48.688475000","47.438455000","9132","140","192.168.10.22","8081","10.0.0.2","46884","88","686225","38"
,"48.688487000","47.438467000","9133","140","192.168.10.22","8081","10.0.0.2","46884","88","686313","38"
,"48.688533000","47.438513000","9134","140","192.168.10.22","8081","10.0.0.2","46884","88","686401","38"
,"48.688544000","47.438524000","9135","140","192.168.10.22","8081","10.0.0.2","46884","88","686489","38"
,"48.688589000","47.438569000","9136","140","192.168.10.22","8081","10.0.0.2","46884","88","686577","38"
,"48.688601000","47.438581000","9137","140","192.168.10.22","8081","10.0.0.2","46884","88","686665","38"
,"48.688646000","47.438626000","9138","140","192.168.10.22","8081","10.0.0.2","46884","88","686753","38"
,"48.688660000","47.438640000","9139","140","192.168.10.22","8081","10.0.0.2","46884","88","686841","38"
,"48.749287000","47.499267000","9140","52","10.0.0.2","46884","192.168.10.22","8081","0","38","682353"
,"48.749314000","47.499294000","9141","52","10.0.0.2","46884","192.168.10.22","8081","0","38","682529"
,"48.750255000","47.500235000","9142","140","192.168.10.22","8081","10.0.0.2","46884","88","686929","38"
,"48.750296000","47.500276000","9143","140","192.168.10.22","8081","10.0.0.2","46884","88","687017","38"
,"48.750348000","47.500328000","9144","140","192.168.10.22","8081","10.0.0.2","46884","88","687105","38"
,"48.750361000","47.500341000","9145","140","192.168.10.22","8081","10.0.0.2","46884","88","687193","38"
,"48.750407000","47.500387000","9146","140","192.168.10.22","8081","10.0.0.2","46884","88","687281","38"
,"48.750419000","47.500399000","9147","140","192.168.10.22","8081","10.0.0.2","46884","88","687369","38"
,"48.750464000","47.500444000","9148","140","192.168.10.22","8081","10.0.0.2","46884","88","687457","38"
,"48.750475000","47.500455000","9149","140","192.168.10.22","8081","10.0.0.2","46884","88","687545","38"
,"48.750519000","47.500499000","9150","140","192.168.10.22","8081","10.0.0.2","46884","88","687633","38"
,"48.750532000","47.500512000","9151","140","192.168.10.22","8081","10.0.0.2","46884","88","687721","38"
,"48.750578000","47.500558000","9152","140","192.168.10.22","8081","10.0.0.2","46884","88","687809","38"
,"48.750592000","47.500572000","9153","140","192.168.10.22","8081","10.0.0.2","46884","88","687897","38"
,"48.812904000","47.562884000","9154","52","10.0.0.2","46884","192.168.10.22","8081","0","38","683321"
,"48.812911000","47.562891000","9155","52","10.0.0.2","46884","192.168.10.22","8081","0","38","683409"
,"48.813900000","47.563880000","9156","140","192.168.10.22","8081","10.0.0.2","46884","88","687985","38"
,"48.813958000","47.563938000","9157","140","192.168.10.22","8081","10.0.0.2","46884","88","688073","38"
,"48.814025000","47.564005000","9158","140","192.168.10.22","8081","10.0.0.2","46884","88","688161","38"
,"48.814040000","47.564020000","9159","140","192.168.10.22","8081","10.0.0.2","46884","88","688249","38"
,"48.814086000","47.564066000","9160","140","192.168.10.22","8081","10.0.0.2","46884","88","688337","38"
,"48.814098000","47.564078000","9161","140","192.168.10.22","8081","10.0.0.2","46884","88","688425","38"
,"48.814142000","47.564122000","9162","140","192.168.10.22","8081","10.0.0.2","46884","88","688513","38"
,"48.814156000","47.564136000","9163","140","192.168.10.22","8081","10.0.0.2","46884","88","688601","38"
,"48.814201000","47.564181000","9164","140","192.168.10.22","8081","10.0.0.2","46884","88","688689","38"
,"48.814214000","47.564194000","9165","140","192.168.10.22","8081","10.0.0.2","46884","88","688777","38"
,"48.874354000","47.624334000","9166","52","10.0.0.2","46884","192.168.10.22","8081","0","38","684289"
,"48.875254000","47.625234000","9167","140","192.168.10.22","8081","10.0.0.2","46884","88","688865","38"
,"48.875292000","47.625272000","9168","140","192.168.10.22","8081","10.0.0.2","46884","88","688953","38"
,"48.875344000","47.625324000","9169","140","192.168.10.22","8081","10.0.0.2","46884","88","689041","38"
,"48.875356000","47.625336000","9170","140","192.168.10.22","8081","10.0.0.2","46884","88","689129","38"
,"48.875400000","47.625380000","9171","140","192.168.10.22","8081","10.0.0.2","46884","88","689217","38"
,"48.875412000","47.625392000","9172","140","192.168.10.22","8081","10.0.0.2","46884","88","689305","38"
,"48.875456000","47.625436000","9173","140","192.168.10.22","8081","10.0.0.2","46884","88","689393","38"
,"48.875467000","47.625447000","9174","140","192.168.10.22","8081","10.0.0.2","46884","88","689481","38"
,"48.875511000","47.625491000","9175","140","192.168.10.22","8081","10.0.0.2","46884","88","689569","38"
,"48.875524000","47.625504000","9176","140","192.168.10.22","8081","10.0.0.2","46884","88","689657","38"
,"48.937589000","47.687569000","9177","52","10.0.0.2","46884","192.168.10.22","8081","0","38","685169"
,"48.937614000","47.687594000","9178","52","10.0.0.2","46884","192.168.10.22","8081","0","38","685257"
,"48.938613000","47.688593000","9179","140","192.168.10.22","8081","10.0.0.2","46884","88","689745","38"
,"48.938654000","47.688634000","9180","140","192.168.10.22","8081","10.0.0.2","46884","88","689833","38"
,"48.938718000","47.688698000","9181","140","192.168.10.22","8081","10.0.0.2","46884","88","689921","38"
,"48.938734000","47.688714000","9182","140","192.168.10.22","8081","10.0.0.2","46884","88","690009","38"
,"48.938790000","47.688770000","9183","140","192.168.10.22","8081","10.0.0.2","46884","88","690097","38"
,"48.938804000","47.688784000","9184","140","192.168.10.22","8081","10.0.0.2","46884","88","690185","38"
,"48.938848000","47.688828000","9185","140","192.168.10.22","8081","10.0.0.2","46884","88","690273","38"
,"48.938859000","47.688839000","9186","140","192.168.10.22","8081","10.0.0.2","46884","88","690361","38"
,"48.938932000","47.688912000","9187","140","192.168.10.22","8081","10.0.0.2","46884","88","690449","38"
,"48.938947000","47.688927000","9188","140","192.168.10.22","8081","10.0.0.2","46884","88","690537","38"
,"48.999200000","47.749180000","9189","52","10.0.0.2","46884","192.168.10.22","8081","0","38","686049"
,"48.999227000","47.749207000","9190","52","10.0.0.2","46884","192.168.10.22","8081","0","38","686137"
,"49.000225000","47.750205000","9191","140","192.168.10.22","8081","10.0.0.2","46884","88","690625","38"
,"49.000266000","47.750246000","9192","140","192.168.10.22","8081","10.0.0.2","46884","88","690713","38"
,"49.000329000","47.750309000","9193","140","192.168.10.22","8081","10.0.0.2","46884","88","690801","38"
,"49.000346000","47.750326000","9194","140","192.168.10.22","8081","10.0.0.2","46884","88","690889","38"
,"49.000400000","47.750380000","9195","140","192.168.10.22","8081","10.0.0.2","46884","88","690977","38"
,"49.000413000","47.750393000","9196","140","192.168.10.22","8081","10.0.0.2","46884","88","691065","38"
,"49.000457000","47.750437000","9197","140","192.168.10.22","8081","10.0.0.2","46884","88","691153","38"
,"49.000469000","47.750449000","9198","140","192.168.10.22","8081","10.0.0.2","46884","88","691241","38"
,"49.000512000","47.750492000","9199","140","192.168.10.22","8081","10.0.0.2","46884","88","691329","38"
,"49.000526000","47.750506000","9200","140","192.168.10.22","8081","10.0.0.2","46884","88","691417","38"
,"49.062194000","47.812174000","9201","52","10.0.0.2","46884","192.168.10.22","8081","0","38","687105"
,"49.063133000","47.813113000","9202","140","192.168.10.22","8081","10.0.0.2","46884","88","691505","38"
,"49.063174000","47.813154000","9203","140","192.168.10.22","8081","10.0.0.2","46884","88","691593","38"
,"49.063226000","47.813206000","9204","140","192.168.10.22","8081","10.0.0.2","46884","88","691681","38"
,"49.063238000","47.813218000","9205","140","192.168.10.22","8081","10.0.0.2","46884","88","691769","38"
,"49.063282000","47.813262000","9206","140","192.168.10.22","8081","10.0.0.2","46884","88","691857","38"
,"49.063294000","47.813274000","9207","140","192.168.10.22","8081","10.0.0.2","46884","88","691945","38"
,"49.063340000","47.813320000","9208","140","192.168.10.22","8081","10.0.0.2","46884","88","692033","38"
,"49.063352000","47.813332000","9209","140","192.168.10.22","8081","10.0.0.2","46884","88","692121","38"
,"49.063397000","47.813377000","9210","140","192.168.10.22","8081","10.0.0.2","46884","88","692209","38"
,"49.063410000","47.813390000","9211","140","192.168.10.22","8081","10.0.0.2","46884","88","692297","38"
,"49.063454000","47.813434000","9212","140","192.168.10.22","8081","10.0.0.2","46884","88","692385","38"
,"49.063467000","47.813447000","9213","140","192.168.10.22","8081","10.0.0.2","46884","88","692473","38"
,"49.124469000","47.874449000","9214","52","10.0.0.2","46884","192.168.10.22","8081","0","38","687897"
,"49.124496000","47.874476000","9215","52","10.0.0.2","46884","192.168.10.22","8081","0","38","687985"
,"49.125411000","47.875391000","9216","140","192.168.10.22","8081","10.0.0.2","46884","88","692561","38"
,"49.125449000","47.875429000","9217","140","192.168.10.22","8081","10.0.0.2","46884","88","692649","38"
,"49.125507000","47.875487000","9218","140","192.168.10.22","8081","10.0.0.2","46884","88","692737","38"
,"49.125520000","47.875500000","9219","140","192.168.10.22","8081","10.0.0.2","46884","88","692825","38"
,"49.125570000","47.875550000","9220","140","192.168.10.22","8081","10.0.0.2","46884","88","692913","38"
,"49.125583000","47.875563000","9221","140","192.168.10.22","8081","10.0.0.2","46884","88","693001","38"
,"49.125632000","47.875612000","9222","140","192.168.10.22","8081","10.0.0.2","46884","88","693089","38"
,"49.125645000","47.875625000","9223","140","192.168.10.22","8081","10.0.0.2","46884","88","693177","38"
,"49.125690000","47.875670000","9224","140","192.168.10.22","8081","10.0.0.2","46884","88","693265","38"
,"49.125703000","47.875683000","9225","140","192.168.10.22","8081","10.0.0.2","46884","88","693353","38"
,"49.187237000","47.937217000","9226","52","10.0.0.2","46884","192.168.10.22","8081","0","38","688953"
,"49.188179000","47.938159000","9227","140","192.168.10.22","8081","10.0.0.2","46884","88","693441","38"
,"49.188220000","47.938200000","9228","140","192.168.10.22","8081","10.0.0.2","46884","88","693529","38"
,"49.188275000","47.938255000","9229","140","192.168.10.22","8081","10.0.0.2","46884","88","693617","38"
,"49.188287000","47.938267000","9230","140","192.168.10.22","8081","10.0.0.2","46884","88","693705","38"
,"49.188332000","47.938312000","9231","140","192.168.10.22","8081","10.0.0.2","46884","88","693793","38"
,"49.188343000","47.938323000","9232","140","192.168.10.22","8081","10.0.0.2","46884","88","693881","38"
,"49.188388000","47.938368000","9233","140","192.168.10.22","8081","10.0.0.2","46884","88","693969","38"
,"49.188399000","47.938379000","9234","140","192.168.10.22","8081","10.0.0.2","46884","88","694057","38"
,"49.188443000","47.938423000","9235","140","192.168.10.22","8081","10.0.0.2","46884","88","694145","38"
,"49.188457000","47.938437000","9236","140","192.168.10.22","8081","10.0.0.2","46884","88","694233","38"
,"49.249113000","47.999093000","9237","52","10.0.0.2","46884","192.168.10.22","8081","0","38","689833"
,"49.250051000","48.000031000","9238","140","192.168.10.22","8081","10.0.0.2","46884","88","694321","38"
,"49.250090000","48.000070000","9239","140","192.168.10.22","8081","10.0.0.2","46884","88","694409","38"
,"49.250139000","48.000119000","9240","140","192.168.10.22","8081","10.0.0.2","46884","88","694497","38"
,"49.250151000","48.000131000","9241","140","192.168.10.22","8081","10.0.0.2","46884","88","694585","38"
,"49.250196000","48.000176000","9242","140","192.168.10.22","8081","10.0.0.2","46884","88","694673","38"
,"49.250208000","48.000188000","9243","140","192.168.10.22","8081","10.0.0.2","46884","88","694761","38"
,"49.250252000","48.000232000","9244","140","192.168.10.22","8081","10.0.0.2","46884","88","694849","38"
,"49.250263000","48.000243000","9245","140","192.168.10.22","8081","10.0.0.2","46884","88","694937","38"
,"49.250307000","48.000287000","9246","140","192.168.10.22","8081","10.0.0.2","46884","88","695025","38"
,"49.250321000","48.000301000","9247","140","192.168.10.22","8081","10.0.0.2","46884","88","695113","38"
,"49.312216000","48.062196000","9248","52","10.0.0.2","46884","192.168.10.22","8081","0","38","690713"
,"49.312225000","48.062205000","9249","52","10.0.0.2","46884","192.168.10.22","8081","0","38","690801"
,"49.313127000","48.063107000","9250","140","192.168.10.22","8081","10.0.0.2","46884","88","695201","38"
,"49.313165000","48.063145000","9251","140","192.168.10.22","8081","10.0.0.2","46884","88","695289","38"
,"49.313215000","48.063195000","9252","140","192.168.10.22","8081","10.0.0.2","46884","88","695377","38"
,"49.313227000","48.063207000","9253","140","192.168.10.22","8081","10.0.0.2","46884","88","695465","38"
,"49.313272000","48.063252000","9254","140","192.168.10.22","8081","10.0.0.2","46884","88","695553","38"
,"49.313283000","48.063263000","9255","140","192.168.10.22","8081","10.0.0.2","46884","88","695641","38"
,"49.313328000","48.063308000","9256","140","192.168.10.22","8081","10.0.0.2","46884","88","695729","38"
,"49.313340000","48.063320000","9257","140","192.168.10.22","8081","10.0.0.2","46884","88","695817","38"
,"49.313384000","48.063364000","9258","140","192.168.10.22","8081","10.0.0.2","46884","88","695905","38"
,"49.313397000","48.063377000","9259","140","192.168.10.22","8081","10.0.0.2","46884","88","695993","38"
,"49.313441000","48.063421000","9260","140","192.168.10.22","8081","10.0.0.2","46884","88","696081","38"
,"49.313454000","48.063434000","9261","140","192.168.10.22","8081","10.0.0.2","46884","88","696169","38"
,"49.374215000","48.124195000","9262","52","10.0.0.2","46884","192.168.10.22","8081","0","38","691681"
,"49.375144000","48.125124000","9263","140","192.168.10.22","8081","10.0.0.2","46884","88","696257","38"
,"49.375185000","48.125165000","9264","140","192.168.10.22","8081","10.0.0.2","46884","88","696345","38"
,"49.375235000","48.125215000","9265","140","192.168.10.22","8081","10.0.0.2","46884","88","696433","38"
,"49.375248000","48.125228000","9266","140","192.168.10.22","8081","10.0.0.2","46884","88","696521","38"
,"49.375293000","48.125273000","9267","140","192.168.10.22","8081","10.0.0.2","46884","88","696609","38"
,"49.375304000","48.125284000","9268","140","192.168.10.22","8081","10.0.0.2","46884","88","696697","38"
,"49.375348000","48.125328000","9269","140","192.168.10.22","8081","10.0.0.2","46884","88","696785","38"
,"49.375359000","48.125339000","9270","140","192.168.10.22","8081","10.0.0.2","46884","88","696873","38"
,"49.375404000","48.125384000","9271","140","192.168.10.22","8081","10.0.0.2","46884","88","696961","38"
,"49.375418000","48.125398000","9272","140","192.168.10.22","8081","10.0.0.2","46884","88","697049","38"
,"49.437912000","48.187892000","9273","52","10.0.0.2","46884","192.168.10.22","8081","0","38","692473"
,"49.437951000","48.187931000","9274","52","10.0.0.2","46884","192.168.10.22","8081","0","38","692561"
,"49.438933000","48.188913000","9275","140","192.168.10.22","8081","10.0.0.2","46884","88","697137","38"
,"49.438976000","48.188956000","9276","140","192.168.10.22","8081","10.0.0.2","46884","88","697225","38"
,"49.439046000","48.189026000","9277","140","192.168.10.22","8081","10.0.0.2","46884","88","697313","38"
,"49.439062000","48.189042000","9278","140","192.168.10.22","8081","10.0.0.2","46884","88","697401","38"
,"49.439107000","48.189087000","9279","140","192.168.10.22","8081","10.0.0.2","46884","88","697489","38"
,"49.439118000","48.189098000","9280","140","192.168.10.22","8081","10.0.0.2","46884","88","697577","38"
,"49.439163000","48.189143000","9281","140","192.168.10.22","8081","10.0.0.2","46884","88","697665","38"
,"49.439174000","48.189154000","9282","140","192.168.10.22","8081","10.0.0.2","46884","88","697753","38"
,"49.439219000","48.189199000","9283","140","192.168.10.22","8081","10.0.0.2","46884","88","697841","38"
,"49.439233000","48.189213000","9284","140","192.168.10.22","8081","10.0.0.2","46884","88","697929","38"
,"49.499308000","48.249288000","9285","52","10.0.0.2","46884","192.168.10.22","8081","0","38","693353"
,"49.499335000","48.249315000","9286","52","10.0.0.2","46884","192.168.10.22","8081","0","38","693529"
,"49.500325000","48.250305000","9287","140","192.168.10.22","8081","10.0.0.2","46884","88","698017","38"
,"49.500367000","48.250347000","9288","140","192.168.10.22","8081","10.0.0.2","46884","88","698105","38"
,"49.500431000","48.250411000","9289","140","192.168.10.22","8081","10.0.0.2","46884","88","698193","38"
,"49.500448000","48.250428000","9290","140","192.168.10.22","8081","10.0.0.2","46884","88","698281","38"
,"49.500502000","48.250482000","9291","140","192.168.10.22","8081","10.0.0.2","46884","88","698369","38"
,"49.500515000","48.250495000","9292","140","192.168.10.22","8081","10.0.0.2","46884","88","698457","38"
,"49.500559000","48.250539000","9293","140","192.168.10.22","8081","10.0.0.2","46884","88","698545","38"
,"49.500571000","48.250551000","9294","140","192.168.10.22","8081","10.0.0.2","46884","88","698633","38"
,"49.500615000","48.250595000","9295","140","192.168.10.22","8081","10.0.0.2","46884","88","698721","38"
,"49.500628000","48.250608000","9296","140","192.168.10.22","8081","10.0.0.2","46884","88","698809","38"
,"49.562960000","48.312940000","9297","52","10.0.0.2","46884","192.168.10.22","8081","0","38","694233"
,"49.562986000","48.312966000","9298","52","10.0.0.2","46884","192.168.10.22","8081","0","38","694409"
,"49.564006000","48.313986000","9299","140","192.168.10.22","8081","10.0.0.2","46884","88","698897","38"
,"49.564048000","48.314028000","9300","140","192.168.10.22","8081","10.0.0.2","46884","88","698985","38"
,"49.564114000","48.314094000","9301","140","192.168.10.22","8081","10.0.0.2","46884","88","699073","38"
,"49.564131000","48.314111000","9302","140","192.168.10.22","8081","10.0.0.2","46884","88","699161","38"
,"49.564179000","48.314159000","9303","140","192.168.10.22","8081","10.0.0.2","46884","88","699249","38"
,"49.564191000","48.314171000","9304","140","192.168.10.22","8081","10.0.0.2","46884","88","699337","38"
,"49.564236000","48.314216000","9305","140","192.168.10.22","8081","10.0.0.2","46884","88","699425","38"
,"49.564247000","48.314227000","9306","140","192.168.10.22","8081","10.0.0.2","46884","88","699513","38"
,"49.564292000","48.314272000","9307","140","192.168.10.22","8081","10.0.0.2","46884","88","699601","38"
,"49.564311000","48.314291000","9308","140","192.168.10.22","8081","10.0.0.2","46884","88","699689","38"
,"49.624589000","48.374569000","9309","52","10.0.0.2","46884","192.168.10.22","8081","0","38","695377"
,"49.625550000","48.375530000","9310","140","192.168.10.22","8081","10.0.0.2","46884","88","699777","38"
,"49.625594000","48.375574000","9311","140","192.168.10.22","8081","10.0.0.2","46884","88","699865","38"
,"49.625656000","48.375636000","9312","140","192.168.10.22","8081","10.0.0.2","46884","88","699953","38"
,"49.625672000","48.375652000","9313","140","192.168.10.22","8081","10.0.0.2","46884","88","700041","38"
,"49.625724000","48.375704000","9314","140","192.168.10.22","8081","10.0.0.2","46884","88","700129","38"
,"49.625737000","48.375717000","9315","140","192.168.10.22","8081","10.0.0.2","46884","88","700217","38"
,"49.625781000","48.375761000","9316","140","192.168.10.22","8081","10.0.0.2","46884","88","700305","38"
,"49.625793000","48.375773000","9317","140","192.168.10.22","8081","10.0.0.2","46884","88","700393","38"
,"49.625840000","48.375820000","9318","140","192.168.10.22","8081","10.0.0.2","46884","88","700481","38"
,"49.625854000","48.375834000","9319","140","192.168.10.22","8081","10.0.0.2","46884","88","700569","38"
,"49.625930000","48.375910000","9320","140","192.168.10.22","8081","10.0.0.2","46884","88","700657","38"
,"49.625946000","48.375926000","9321","140","192.168.10.22","8081","10.0.0.2","46884","88","700745","38"
,"49.687270000","48.437250000","9322","52","10.0.0.2","46884","192.168.10.22","8081","0","38","696257"
,"49.688281000","48.438261000","9323","140","192.168.10.22","8081","10.0.0.2","46884","88","700833","38"
,"49.688324000","48.438304000","9324","140","192.168.10.22","8081","10.0.0.2","46884","88","700921","38"
,"49.688388000","48.438368000","9325","140","192.168.10.22","8081","10.0.0.2","46884","88","701009","38"
,"49.688404000","48.438384000","9326","140","192.168.10.22","8081","10.0.0.2","46884","88","701097","38"
,"49.688456000","48.438436000","9327","140","192.168.10.22","8081","10.0.0.2","46884","88","701185","38"
,"49.688469000","48.438449000","9328","140","192.168.10.22","8081","10.0.0.2","46884","88","701273","38"
,"49.688512000","48.438492000","9329","140","192.168.10.22","8081","10.0.0.2","46884","88","701361","38"
,"49.688523000","48.438503000","9330","140","192.168.10.22","8081","10.0.0.2","46884","88","701449","38"
,"49.688568000","48.438548000","9331","140","192.168.10.22","8081","10.0.0.2","46884","88","701537","38"
,"49.688582000","48.438562000","9332","140","192.168.10.22","8081","10.0.0.2","46884","88","701625","38"
,"49.749713000","48.499693000","9333","52","10.0.0.2","46884","192.168.10.22","8081","0","38","697049"
,"49.749741000","48.499721000","9334","52","10.0.0.2","46884","192.168.10.22","8081","0","38","697225"
,"49.750754000","48.500734000","9335","140","192.168.10.22","8081","10.0.0.2","46884","88","701713","38"
,"49.750795000","48.500775000","9336","140","192.168.10.22","8081","10.0.0.2","46884","88","701801","38"
,"49.750860000","48.500840000","9337","140","192.168.10.22","8081","10.0.0.2","46884","88","701889","38"
,"49.750907000","48.500887000","9338","140","192.168.10.22","8081","10.0.0.2","46884","88","701977","38"
,"49.750969000","48.500949000","9339","140","192.168.10.22","8081","10.0.0.2","46884","88","702065","38"
,"49.750983000","48.500963000","9340","140","192.168.10.22","8081","10.0.0.2","46884","88","702153","38"
,"49.751028000","48.501008000","9341","140","192.168.10.22","8081","10.0.0.2","46884","88","702241","38"
,"49.751049000","48.501029000","9342","140","192.168.10.22","8081","10.0.0.2","46884","88","702329","38"
,"49.751093000","48.501073000","9343","140","192.168.10.22","8081","10.0.0.2","46884","88","702417","38"
,"49.751107000","48.501087000","9344","140","192.168.10.22","8081","10.0.0.2","46884","88","702505","38"
,"49.812392000","48.562372000","9345","52","10.0.0.2","46884","192.168.10.22","8081","0","38","697753"
,"49.812399000","48.562379000","9346","52","10.0.0.2","46884","192.168.10.22","8081","0","38","698105"
,"49.813355000","48.563335000","9347","140","192.168.10.22","8081","10.0.0.2","46884","88","702593","38"
,"49.813400000","48.563380000","9348","140","192.168.10.22","8081","10.0.0.2","46884","88","702681","38"
,"49.813465000","48.563445000","9349","140","192.168.10.22","8081","10.0.0.2","46884","88","702769","38"
,"49.813482000","48.563462000","9350","140","192.168.10.22","8081","10.0.0.2","46884","88","702857","38"
,"49.813534000","48.563514000","9351","140","192.168.10.22","8081","10.0.0.2","46884","88","702945","38"
,"49.813546000","48.563526000","9352","140","192.168.10.22","8081","10.0.0.2","46884","88","703033","38"
,"49.813591000","48.563571000","9353","140","192.168.10.22","8081","10.0.0.2","46884","88","703121","38"
,"49.813602000","48.563582000","9354","140","192.168.10.22","8081","10.0.0.2","46884","88","703209","38"
,"49.813647000","48.563627000","9355","140","192.168.10.22","8081","10.0.0.2","46884","88","703297","38"
,"49.813660000","48.563640000","9356","140","192.168.10.22","8081","10.0.0.2","46884","88","703385","38"
,"49.874223000","48.624203000","9357","52","10.0.0.2","46884","192.168.10.22","8081","0","38","699073"
,"49.875150000","48.625130000","9358","140","192.168.10.22","8081","10.0.0.2","46884","88","703473","38"
,"49.875189000","48.625169000","9359","140","192.168.10.22","8081","10.0.0.2","46884","88","703561","38"
,"49.875240000","48.625220000","9360","140","192.168.10.22","8081","10.0.0.2","46884","88","703649","38"
,"49.875252000","48.625232000","9361","140","192.168.10.22","8081","10.0.0.2","46884","88","703737","38"
,"49.875298000","48.625278000","9362","140","192.168.10.22","8081","10.0.0.2","46884","88","703825","38"
,"49.875310000","48.625290000","9363","140","192.168.10.22","8081","10.0.0.2","46884","88","703913","38"
,"49.875353000","48.625333000","9364","140","192.168.10.22","8081","10.0.0.2","46884","88","704001","38"
,"49.875365000","48.625345000","9365","140","192.168.10.22","8081","10.0.0.2","46884","88","704089","38"
,"49.875408000","48.625388000","9366","140","192.168.10.22","8081","10.0.0.2","46884","88","704177","38"
,"49.875422000","48.625402000","9367","140","192.168.10.22","8081","10.0.0.2","46884","88","704265","38"
,"49.875467000","48.625447000","9368","140","192.168.10.22","8081","10.0.0.2","46884","88","704353","38"
,"49.875481000","48.625461000","9369","140","192.168.10.22","8081","10.0.0.2","46884","88","704441","38"
,"49.937542000","48.687522000","9370","52","10.0.0.2","46884","192.168.10.22","8081","0","38","699865"
,"49.937569000","48.687549000","9371","52","10.0.0.2","46884","192.168.10.22","8081","0","38","699953"
,"49.938565000","48.688545000","9372","140","192.168.10.22","8081","10.0.0.2","46884","88","704529","38"
,"49.938606000","48.688586000","9373","140","192.168.10.22","8081","10.0.0.2","46884","88","704617","38"
,"49.938670000","48.688650000","9374","140","192.168.10.22","8081","10.0.0.2","46884","88","704705","38"
,"49.938686000","48.688666000","9375","140","192.168.10.22","8081","10.0.0.2","46884","88","704793","38"
,"49.938740000","48.688720000","9376","140","192.168.10.22","8081","10.0.0.2","46884","88","704881","38"
,"49.938753000","48.688733000","9377","140","192.168.10.22","8081","10.0.0.2","46884","88","704969","38"
,"49.938798000","48.688778000","9378","140","192.168.10.22","8081","10.0.0.2","46884","88","705057","38"
,"49.938809000","48.688789000","9379","140","192.168.10.22","8081","10.0.0.2","46884","88","705145","38"
,"49.938853000","48.688833000","9380","140","192.168.10.22","8081","10.0.0.2","46884","88","705233","38"
,"49.938867000","48.688847000","9381","140","192.168.10.22","8081","10.0.0.2","46884","88","705321","38"
,"49.999201000","48.749181000","9382","52","10.0.0.2","46884","192.168.10.22","8081","0","38","700745"
,"49.999226000","48.749206000","9383","52","10.0.0.2","46884","192.168.10.22","8081","0","38","700833"
,"50.000216000","48.750196000","9384","140","192.168.10.22","8081","10.0.0.2","46884","88","705409","38"
,"50.000258000","48.750238000","9385","140","192.168.10.22","8081","10.0.0.2","46884","88","705497","38"
,"50.000323000","48.750303000","9386","140","192.168.10.22","8081","10.0.0.2","46884","88","705585","38"
,"50.000340000","48.750320000","9387","140","192.168.10.22","8081","10.0.0.2","46884","88","705673","38"
,"50.000395000","48.750375000","9388","140","192.168.10.22","8081","10.0.0.2","46884","88","705761","38"
,"50.000408000","48.750388000","9389","140","192.168.10.22","8081","10.0.0.2","46884","88","705849","38"
,"50.000453000","48.750433000","9390","140","192.168.10.22","8081","10.0.0.2","46884","88","705937","38"
,"50.000464000","48.750444000","9391","140","192.168.10.22","8081","10.0.0.2","46884","88","706025","38"
,"50.000508000","48.750488000","9392","140","192.168.10.22","8081","10.0.0.2","46884","88","706113","38"
,"50.000522000","48.750502000","9393","140","192.168.10.22","8081","10.0.0.2","46884","88","706201","38"
,"50.062914000","48.812894000","9394","52","10.0.0.2","46884","192.168.10.22","8081","0","38","701801"
,"50.063869000","48.813849000","9395","140","192.168.10.22","8081","10.0.0.2","46884","88","706289","38"
,"50.063952000","48.813932000","9396","140","192.168.10.22","8081","10.0.0.2","46884","88","706377","38"
,"50.064020000","48.814000000","9397","140","192.168.10.22","8081","10.0.0.2","46884","88","706465","38"
,"50.064037000","48.814017000","9398","140","192.168.10.22","8081","10.0.0.2","46884","88","706553","38"
,"50.064084000","48.814064000","9399","140","192.168.10.22","8081","10.0.0.2","46884","88","706641","38"
,"50.064096000","48.814076000","9400","140","192.168.10.22","8081","10.0.0.2","46884","88","706729","38"
,"50.064140000","48.814120000","9401","140","192.168.10.22","8081","10.0.0.2","46884","88","706817","38"
,"50.064155000","48.814135000","9402","140","192.168.10.22","8081","10.0.0.2","46884","88","706905","38"
,"50.064201000","48.814181000","9403","140","192.168.10.22","8081","10.0.0.2","46884","88","706993","38"
,"50.064214000","48.814194000","9404","140","192.168.10.22","8081","10.0.0.2","46884","88","707081","38"
,"50.124362000","48.874342000","9405","52","10.0.0.2","46884","192.168.10.22","8081","0","38","702681"
,"50.125311000","48.875291000","9406","140","192.168.10.22","8081","10.0.0.2","46884","88","707169","38"
,"50.125352000","48.875332000","9407","140","192.168.10.22","8081","10.0.0.2","46884","88","707257","38"
,"50.125416000","48.875396000","9408","140","192.168.10.22","8081","10.0.0.2","46884","88","707345","38"
,"50.125434000","48.875414000","9409","140","192.168.10.22","8081","10.0.0.2","46884","88","707433","38"
,"50.125488000","48.875468000","9410","140","192.168.10.22","8081","10.0.0.2","46884","88","707521","38"
,"50.125501000","48.875481000","9411","140","192.168.10.22","8081","10.0.0.2","46884","88","707609","38"
,"50.125547000","48.875527000","9412","140","192.168.10.22","8081","10.0.0.2","46884","88","707697","38"
,"50.125558000","48.875538000","9413","140","192.168.10.22","8081","10.0.0.2","46884","88","707785","38"
,"50.125604000","48.875584000","9414","140","192.168.10.22","8081","10.0.0.2","46884","88","707873","38"
,"50.125618000","48.875598000","9415","140","192.168.10.22","8081","10.0.0.2","46884","88","707961","38"
,"50.187249000","48.937229000","9416","52","10.0.0.2","46884","192.168.10.22","8081","0","38","703649"
,"50.188188000","48.938168000","9417","140","192.168.10.22","8081","10.0.0.2","46884","88","708049","38"
,"50.188226000","48.938206000","9418","140","192.168.10.22","8081","10.0.0.2","46884","88","708137","38"
,"50.188279000","48.938259000","9419","140","192.168.10.22","8081","10.0.0.2","46884","88","708225","38"
,"50.188291000","48.938271000","9420","140","192.168.10.22","8081","10.0.0.2","46884","88","708313","38"
,"50.188335000","48.938315000","9421","140","192.168.10.22","8081","10.0.0.2","46884","88","708401","38"
,"50.188346000","48.938326000","9422","140","192.168.10.22","8081","10.0.0.2","46884","88","708489","38"
,"50.188390000","48.938370000","9423","140","192.168.10.22","8081","10.0.0.2","46884","88","708577","38"
,"50.188402000","48.938382000","9424","140","192.168.10.22","8081","10.0.0.2","46884","88","708665","38"
,"50.188446000","48.938426000","9425","140","192.168.10.22","8081","10.0.0.2","46884","88","708753","38"
,"50.188459000","48.938439000","9426","140","192.168.10.22","8081","10.0.0.2","46884","88","708841","38"
,"50.188505000","48.938485000","9427","140","192.168.10.22","8081","10.0.0.2","46884","88","708929","38"
,"50.188518000","48.938498000","9428","140","192.168.10.22","8081","10.0.0.2","46884","88","709017","38"
,"50.249712000","48.999692000","9429","52","10.0.0.2","46884","192.168.10.22","8081","0","38","704441"
,"50.249740000","48.999720000","9430","52","10.0.0.2","46884","192.168.10.22","8081","0","38","704529"
,"50.250800000","49.000780000","9431","140","192.168.10.22","8081","10.0.0.2","46884","88","709105","38"
,"50.250843000","49.000823000","9432","140","192.168.10.22","8081","10.0.0.2","46884","88","709193","38"
,"50.250951000","49.000931000","9433","140","192.168.10.22","8081","10.0.0.2","46884","88","709281","38"
,"50.250971000","49.000951000","9434","140","192.168.10.22","8081","10.0.0.2","46884","88","709369","38"
,"50.251017000","49.000997000","9435","140","192.168.10.22","8081","10.0.0.2","46884","88","709457","38"
,"50.251028000","49.001008000","9436","140","192.168.10.22","8081","10.0.0.2","46884","88","709545","38"
,"50.251073000","49.001053000","9437","140","192.168.10.22","8081","10.0.0.2","46884","88","709633","38"
,"50.251087000","49.001067000","9438","140","192.168.10.22","8081","10.0.0.2","46884","88","709721","38"
,"50.251131000","49.001111000","9439","140","192.168.10.22","8081","10.0.0.2","46884","88","709809","38"
,"50.251145000","49.001125000","9440","140","192.168.10.22","8081","10.0.0.2","46884","88","709897","38"
,"50.312154000","49.062134000","9441","52","10.0.0.2","46884","192.168.10.22","8081","0","38","705233"
,"50.312163000","49.062143000","9442","52","10.0.0.2","46884","192.168.10.22","8081","0","38","705497"
,"50.313100000","49.063080000","9443","140","192.168.10.22","8081","10.0.0.2","46884","88","709985","38"
,"50.313143000","49.063123000","9444","140","192.168.10.22","8081","10.0.0.2","46884","88","710073","38"
,"50.313210000","49.063190000","9445","140","192.168.10.22","8081","10.0.0.2","46884","88","710161","38"
,"50.313226000","49.063206000","9446","140","192.168.10.22","8081","10.0.0.2","46884","88","710249","38"
,"50.313278000","49.063258000","9447","140","192.168.10.22","8081","10.0.0.2","46884","88","710337","38"
,"50.313290000","49.063270000","9448","140","192.168.10.22","8081","10.0.0.2","46884","88","710425","38"
,"50.313335000","49.063315000","9449","140","192.168.10.22","8081","10.0.0.2","46884","88","710513","38"
,"50.313347000","49.063327000","9450","140","192.168.10.22","8081","10.0.0.2","46884","88","710601","38"
,"50.313391000","49.063371000","9451","140","192.168.10.22","8081","10.0.0.2","46884","88","710689","38"
,"50.313404000","49.063384000","9452","140","192.168.10.22","8081","10.0.0.2","46884","88","710777","38"
,"50.374202000","49.124182000","9453","52","10.0.0.2","46884","192.168.10.22","8081","0","38","706377"
,"50.375105000","49.125085000","9454","140","192.168.10.22","8081","10.0.0.2","46884","88","710865","38"
,"50.375142000","49.125122000","9455","140","192.168.10.22","8081","10.0.0.2","46884","88","710953","38"
,"50.375195000","49.125175000","9456","140","192.168.10.22","8081","10.0.0.2","46884","88","711041","38"
,"50.375208000","49.125188000","9457","140","192.168.10.22","8081","10.0.0.2","46884","88","711129","38"
,"50.375253000","49.125233000","9458","140","192.168.10.22","8081","10.0.0.2","46884","88","711217","38"
,"50.375265000","49.125245000","9459","140","192.168.10.22","8081","10.0.0.2","46884","88","711305","38"
,"50.375309000","49.125289000","9460","140","192.168.10.22","8081","10.0.0.2","46884","88","711393","38"
,"50.375322000","49.125302000","9461","140","192.168.10.22","8081","10.0.0.2","46884","88","711481","38"
,"50.375366000","49.125346000","9462","140","192.168.10.22","8081","10.0.0.2","46884","88","711569","38"
,"50.375379000","49.125359000","9463","140","192.168.10.22","8081","10.0.0.2","46884","88","711657","38"
,"50.437694000","49.187674000","9464","52","10.0.0.2","46884","192.168.10.22","8081","0","38","707169"
,"50.437720000","49.187700000","9465","52","10.0.0.2","46884","192.168.10.22","8081","0","38","707345"
,"50.438725000","49.188705000","9466","140","192.168.10.22","8081","10.0.0.2","46884","88","711745","38"
,"50.438768000","49.188748000","9467","140","192.168.10.22","8081","10.0.0.2","46884","88","711833","38"
,"50.438829000","49.188809000","9468","140","192.168.10.22","8081","10.0.0.2","46884","88","711921","38"
,"50.438845000","49.188825000","9469","140","192.168.10.22","8081","10.0.0.2","46884","88","712009","38"
,"50.438934000","49.188914000","9470","140","192.168.10.22","8081","10.0.0.2","46884","88","712097","38"
,"50.438950000","49.188930000","9471","140","192.168.10.22","8081","10.0.0.2","46884","88","712185","38"
,"50.438995000","49.188975000","9472","140","192.168.10.22","8081","10.0.0.2","46884","88","712273","38"
,"50.439007000","49.188987000","9473","140","192.168.10.22","8081","10.0.0.2","46884","88","712361","38"
,"50.439051000","49.189031000","9474","140","192.168.10.22","8081","10.0.0.2","46884","88","712449","38"
,"50.439065000","49.189045000","9475","140","192.168.10.22","8081","10.0.0.2","46884","88","712537","38"
,"50.439110000","49.189090000","9476","140","192.168.10.22","8081","10.0.0.2","46884","88","712625","38"
,"50.439124000","49.189104000","9477","140","192.168.10.22","8081","10.0.0.2","46884","88","712713","38"
,"50.499913000","49.249893000","9478","52","10.0.0.2","46884","192.168.10.22","8081","0","38","707785"
,"50.499947000","49.249927000","9479","52","10.0.0.2","46884","192.168.10.22","8081","0","38","708225"
,"50.500952000","49.250932000","9480","140","192.168.10.22","8081","10.0.0.2","46884","88","712801","38"
,"50.500994000","49.250974000","9481","140","192.168.10.22","8081","10.0.0.2","46884","88","712889","38"
,"50.501055000","49.251035000","9482","140","192.168.10.22","8081","10.0.0.2","46884","88","712977","38"
,"50.501071000","49.251051000","9483","140","192.168.10.22","8081","10.0.0.2","46884","88","713065","38"
,"50.501121000","49.251101000","9484","140","192.168.10.22","8081","10.0.0.2","46884","88","713153","38"
,"50.501134000","49.251114000","9485","140","192.168.10.22","8081","10.0.0.2","46884","88","713241","38"
,"50.501179000","49.251159000","9486","140","192.168.10.22","8081","10.0.0.2","46884","88","713329","38"
,"50.501190000","49.251170000","9487","140","192.168.10.22","8081","10.0.0.2","46884","88","713417","38"
,"50.501234000","49.251214000","9488","140","192.168.10.22","8081","10.0.0.2","46884","88","713505","38"
,"50.501257000","49.251237000","9489","140","192.168.10.22","8081","10.0.0.2","46884","88","713593","38"
,"50.562925000","49.312905000","9490","52","10.0.0.2","46884","192.168.10.22","8081","0","38","709105"
,"50.563929000","49.313909000","9491","140","192.168.10.22","8081","10.0.0.2","46884","88","713681","38"
,"50.563973000","49.313953000","9492","140","192.168.10.22","8081","10.0.0.2","46884","88","713769","38"
,"50.564044000","49.314024000","9493","140","192.168.10.22","8081","10.0.0.2","46884","88","713857","38"
,"50.564062000","49.314042000","9494","140","192.168.10.22","8081","10.0.0.2","46884","88","713945","38"
,"50.564110000","49.314090000","9495","140","192.168.10.22","8081","10.0.0.2","46884","88","714033","38"
,"50.564122000","49.314102000","9496","140","192.168.10.22","8081","10.0.0.2","46884","88","714121","38"
,"50.564167000","49.314147000","9497","140","192.168.10.22","8081","10.0.0.2","46884","88","714209","38"
,"50.564179000","49.314159000","9498","140","192.168.10.22","8081","10.0.0.2","46884","88","714297","38"
,"50.564223000","49.314203000","9499","140","192.168.10.22","8081","10.0.0.2","46884","88","714385","38"
,"50.564237000","49.314217000","9500","140","192.168.10.22","8081","10.0.0.2","46884","88","714473","38"
,"50.624803000","49.374783000","9501","52","10.0.0.2","46884","192.168.10.22","8081","0","38","709369"
,"50.624813000","49.374793000","9502","52","10.0.0.2","46884","192.168.10.22","8081","0","38","710073"
,"50.625845000","49.375825000","9503","140","192.168.10.22","8081","10.0.0.2","46884","88","714561","38"
,"50.625914000","49.375894000","9504","140","192.168.10.22","8081","10.0.0.2","46884","88","714649","38"
,"50.625979000","49.375959000","9505","140","192.168.10.22","8081","10.0.0.2","46884","88","714737","38"
,"50.625994000","49.375974000","9506","140","192.168.10.22","8081","10.0.0.2","46884","88","714825","38"
,"50.626041000","49.376021000","9507","140","192.168.10.22","8081","10.0.0.2","46884","88","714913","38"
,"50.626053000","49.376033000","9508","140","192.168.10.22","8081","10.0.0.2","46884","88","715001","38"
,"50.626097000","49.376077000","9509","140","192.168.10.22","8081","10.0.0.2","46884","88","715089","38"
,"50.626111000","49.376091000","9510","140","192.168.10.22","8081","10.0.0.2","46884","88","715177","38"
,"50.626157000","49.376137000","9511","140","192.168.10.22","8081","10.0.0.2","46884","88","715265","38"
,"50.626171000","49.376151000","9512","140","192.168.10.22","8081","10.0.0.2","46884","88","715353","38"
,"50.687907000","49.437887000","9513","52","10.0.0.2","46884","192.168.10.22","8081","0","38","710953"
,"50.688902000","49.438882000","9514","140","192.168.10.22","8081","10.0.0.2","46884","88","715441","38"
,"50.688958000","49.438938000","9515","140","192.168.10.22","8081","10.0.0.2","46884","88","715529","38"
,"50.689025000","49.439005000","9516","140","192.168.10.22","8081","10.0.0.2","46884","88","715617","38"
,"50.689041000","49.439021000","9517","140","192.168.10.22","8081","10.0.0.2","46884","88","715705","38"
,"50.689089000","49.439069000","9518","140","192.168.10.22","8081","10.0.0.2","46884","88","715793","38"
,"50.689101000","49.439081000","9519","140","192.168.10.22","8081","10.0.0.2","46884","88","715881","38"
,"50.689145000","49.439125000","9520","140","192.168.10.22","8081","10.0.0.2","46884","88","715969","38"
,"50.689168000","49.439148000","9521","140","192.168.10.22","8081","10.0.0.2","46884","88","716057","38"
,"50.689212000","49.439192000","9522","140","192.168.10.22","8081","10.0.0.2","46884","88","716145","38"
,"50.689225000","49.439205000","9523","140","192.168.10.22","8081","10.0.0.2","46884","88","716233","38"
,"50.749601000","49.499581000","9524","52","10.0.0.2","46884","192.168.10.22","8081","0","38","711745"
,"50.749629000","49.499609000","9525","52","10.0.0.2","46884","192.168.10.22","8081","0","38","711921"
,"50.750611000","49.500591000","9526","140","192.168.10.22","8081","10.0.0.2","46884","88","716321","38"
,"50.750653000","49.500633000","9527","140","192.168.10.22","8081","10.0.0.2","46884","88","716409","38"
,"50.750718000","49.500698000","9528","140","192.168.10.22","8081","10.0.0.2","46884","88","716497","38"
,"50.750734000","49.500714000","9529","140","192.168.10.22","8081","10.0.0.2","46884","88","716585","38"
,"50.750786000","49.500766000","9530","140","192.168.10.22","8081","10.0.0.2","46884","88","716673","38"
,"50.750798000","49.500778000","9531","140","192.168.10.22","8081","10.0.0.2","46884","88","716761","38"
,"50.750842000","49.500822000","9532","140","192.168.10.22","8081","10.0.0.2","46884","88","716849","38"
,"50.750854000","49.500834000","9533","140","192.168.10.22","8081","10.0.0.2","46884","88","716937","38"
,"50.750929000","49.500909000","9534","140","192.168.10.22","8081","10.0.0.2","46884","88","717025","38"
,"50.750945000","49.500925000","9535","140","192.168.10.22","8081","10.0.0.2","46884","88","717113","38"
,"50.750989000","49.500969000","9536","140","192.168.10.22","8081","10.0.0.2","46884","88","717201","38"
,"50.751002000","49.500982000","9537","140","192.168.10.22","8081","10.0.0.2","46884","88","717289","38"
,"50.812663000","49.562643000","9538","52","10.0.0.2","46884","192.168.10.22","8081","0","38","712713"
,"50.812672000","49.562652000","9539","52","10.0.0.2","46884","192.168.10.22","8081","0","38","712801"
,"50.813692000","49.563672000","9540","140","192.168.10.22","8081","10.0.0.2","46884","88","717377","38"
,"50.813734000","49.563714000","9541","140","192.168.10.22","8081","10.0.0.2","46884","88","717465","38"
,"50.813798000","49.563778000","9542","140","192.168.10.22","8081","10.0.0.2","46884","88","717553","38"
,"50.813814000","49.563794000","9543","140","192.168.10.22","8081","10.0.0.2","46884","88","717641","38"
,"50.813867000","49.563847000","9544","140","192.168.10.22","8081","10.0.0.2","46884","88","717729","38"
,"50.813915000","49.563895000","9545","140","192.168.10.22","8081","10.0.0.2","46884","88","717817","38"
,"50.813965000","49.563945000","9546","140","192.168.10.22","8081","10.0.0.2","46884","88","717905","38"
,"50.813987000","49.563967000","9547","140","192.168.10.22","8081","10.0.0.2","46884","88","717993","38"
,"50.814031000","49.564011000","9548","140","192.168.10.22","8081","10.0.0.2","46884","88","718081","38"
,"50.814044000","49.564024000","9549","140","192.168.10.22","8081","10.0.0.2","46884","88","718169","38"
,"50.874855000","49.624835000","9550","52","10.0.0.2","46884","192.168.10.22","8081","0","38","713769"
,"50.875859000","49.625839000","9551","140","192.168.10.22","8081","10.0.0.2","46884","88","718257","38"
,"50.875929000","49.625909000","9552","140","192.168.10.22","8081","10.0.0.2","46884","88","718345","38"
,"50.875997000","49.625977000","9553","140","192.168.10.22","8081","10.0.0.2","46884","88","718433","38"
,"50.876015000","49.625995000","9554","140","192.168.10.22","8081","10.0.0.2","46884","88","718521","38"
,"50.876064000","49.626044000","9555","140","192.168.10.22","8081","10.0.0.2","46884","88","718609","38"
,"50.876076000","49.626056000","9556","140","192.168.10.22","8081","10.0.0.2","46884","88","718697","38"
,"50.876120000","49.626100000","9557","140","192.168.10.22","8081","10.0.0.2","46884","88","718785","38"
,"50.876131000","49.626111000","9558","140","192.168.10.22","8081","10.0.0.2","46884","88","718873","38"
,"50.876175000","49.626155000","9559","140","192.168.10.22","8081","10.0.0.2","46884","88","718961","38"
,"50.876188000","49.626168000","9560","140","192.168.10.22","8081","10.0.0.2","46884","88","719049","38"
,"50.937638000","49.687618000","9561","52","10.0.0.2","46884","192.168.10.22","8081","0","38","714649"
,"50.938643000","49.688623000","9562","140","192.168.10.22","8081","10.0.0.2","46884","88","719137","38"
,"50.938688000","49.688668000","9563","140","192.168.10.22","8081","10.0.0.2","46884","88","719225","38"
,"50.938754000","49.688734000","9564","140","192.168.10.22","8081","10.0.0.2","46884","88","719313","38"
,"50.938770000","49.688750000","9565","140","192.168.10.22","8081","10.0.0.2","46884","88","719401","38"
,"50.938820000","49.688800000","9566","140","192.168.10.22","8081","10.0.0.2","46884","88","719489","38"
,"50.938833000","49.688813000","9567","140","192.168.10.22","8081","10.0.0.2","46884","88","719577","38"
,"50.938912000","49.688892000","9568","140","192.168.10.22","8081","10.0.0.2","46884","88","719665","38"
,"50.938926000","49.688906000","9569","140","192.168.10.22","8081","10.0.0.2","46884","88","719753","38"
,"50.938972000","49.688952000","9570","140","192.168.10.22","8081","10.0.0.2","46884","88","719841","38"
,"50.938986000","49.688966000","9571","140","192.168.10.22","8081","10.0.0.2","46884","88","719929","38"
,"50.999855000","49.749835000","9572","52","10.0.0.2","46884","192.168.10.22","8081","0","38","715353"
,"50.999915000","49.749895000","9573","52","10.0.0.2","46884","192.168.10.22","8081","0","38","715617"
,"51.000915000","49.750895000","9574","140","192.168.10.22","8081","10.0.0.2","46884","88","720017","38"
,"51.000960000","49.750940000","9575","140","192.168.10.22","8081","10.0.0.2","46884","88","720105","38"
,"51.001027000","49.751007000","9576","140","192.168.10.22","8081","10.0.0.2","46884","88","720193","38"
,"51.001043000","49.751023000","9577","140","192.168.10.22","8081","10.0.0.2","46884","88","720281","38"
,"51.001093000","49.751073000","9578","140","192.168.10.22","8081","10.0.0.2","46884","88","720369","38"
,"51.001104000","49.751084000","9579","140","192.168.10.22","8081","10.0.0.2","46884","88","720457","38"
,"51.001149000","49.751129000","9580","140","192.168.10.22","8081","10.0.0.2","46884","88","720545","38"
,"51.001161000","49.751141000","9581","140","192.168.10.22","8081","10.0.0.2","46884","88","720633","38"
,"51.001206000","49.751186000","9582","140","192.168.10.22","8081","10.0.0.2","46884","88","720721","38"
,"51.001220000","49.751200000","9583","140","192.168.10.22","8081","10.0.0.2","46884","88","720809","38"
,"51.001265000","49.751245000","9584","140","192.168.10.22","8081","10.0.0.2","46884","88","720897","38"
,"51.001278000","49.751258000","9585","140","192.168.10.22","8081","10.0.0.2","46884","88","720985","38"
,"51.062689000","49.812669000","9586","52","10.0.0.2","46884","192.168.10.22","8081","0","38","716497"
,"51.063672000","49.813652000","9587","140","192.168.10.22","8081","10.0.0.2","46884","88","721073","38"
,"51.063714000","49.813694000","9588","140","192.168.10.22","8081","10.0.0.2","46884","88","721161","38"
,"51.063777000","49.813757000","9589","140","192.168.10.22","8081","10.0.0.2","46884","88","721249","38"
,"51.063794000","49.813774000","9590","140","192.168.10.22","8081","10.0.0.2","46884","88","721337","38"
,"51.063851000","49.813831000","9591","140","192.168.10.22","8081","10.0.0.2","46884","88","721425","38"
,"51.063864000","49.813844000","9592","140","192.168.10.22","8081","10.0.0.2","46884","88","721513","38"
,"51.063946000","49.813926000","9593","140","192.168.10.22","8081","10.0.0.2","46884","88","721601","38"
,"51.063962000","49.813942000","9594","140","192.168.10.22","8081","10.0.0.2","46884","88","721689","38"
,"51.064007000","49.813987000","9595","140","192.168.10.22","8081","10.0.0.2","46884","88","721777","38"
,"51.064021000","49.814001000","9596","140","192.168.10.22","8081","10.0.0.2","46884","88","721865","38"
,"51.124614000","49.874594000","9597","52","10.0.0.2","46884","192.168.10.22","8081","0","38","717289"
,"51.124624000","49.874604000","9598","52","10.0.0.2","46884","192.168.10.22","8081","0","38","717377"
,"51.125610000","49.875590000","9599","140","192.168.10.22","8081","10.0.0.2","46884","88","721953","38"
,"51.125652000","49.875632000","9600","140","192.168.10.22","8081","10.0.0.2","46884","88","722041","38"
,"51.125716000","49.875696000","9601","140","192.168.10.22","8081","10.0.0.2","46884","88","722129","38"
,"51.125733000","49.875713000","9602","140","192.168.10.22","8081","10.0.0.2","46884","88","722217","38"
,"51.125786000","49.875766000","9603","140","192.168.10.22","8081","10.0.0.2","46884","88","722305","38"
,"51.125798000","49.875778000","9604","140","192.168.10.22","8081","10.0.0.2","46884","88","722393","38"
,"51.125843000","49.875823000","9605","140","192.168.10.22","8081","10.0.0.2","46884","88","722481","38"
,"51.125854000","49.875834000","9606","140","192.168.10.22","8081","10.0.0.2","46884","88","722569","38"
,"51.125931000","49.875911000","9607","140","192.168.10.22","8081","10.0.0.2","46884","88","722657","38"
,"51.125946000","49.875926000","9608","140","192.168.10.22","8081","10.0.0.2","46884","88","722745","38"
,"51.187612000","49.937592000","9609","52","10.0.0.2","46884","192.168.10.22","8081","0","38","718081"
,"51.187634000","49.937614000","9610","52","10.0.0.2","46884","192.168.10.22","8081","0","38","718257"
,"51.187646000","49.937626000","9611","52","10.0.0.2","46884","192.168.10.22","8081","0","38","718345"
,"51.188672000","49.938652000","9612","140","192.168.10.22","8081","10.0.0.2","46884","88","722833","38"
,"51.188713000","49.938693000","9613","140","192.168.10.22","8081","10.0.0.2","46884","88","722921","38"
,"51.188776000","49.938756000","9614","140","192.168.10.22","8081","10.0.0.2","46884","88","723009","38"
,"51.188793000","49.938773000","9615","140","192.168.10.22","8081","10.0.0.2","46884","88","723097","38"
,"51.188849000","49.938829000","9616","140","192.168.10.22","8081","10.0.0.2","46884","88","723185","38"
,"51.188864000","49.938844000","9617","140","192.168.10.22","8081","10.0.0.2","46884","88","723273","38"
,"51.188944000","49.938924000","9618","140","192.168.10.22","8081","10.0.0.2","46884","88","723361","38"
,"51.188958000","49.938938000","9619","140","192.168.10.22","8081","10.0.0.2","46884","88","723449","38"
,"51.189002000","49.938982000","9620","140","192.168.10.22","8081","10.0.0.2","46884","88","723537","38"
,"51.189016000","49.938996000","9621","140","192.168.10.22","8081","10.0.0.2","46884","88","723625","38"
,"51.249511000","49.999491000","9622","52","10.0.0.2","46884","192.168.10.22","8081","0","38","719137"
,"51.249536000","49.999516000","9623","52","10.0.0.2","46884","192.168.10.22","8081","0","38","719225"
,"51.250537000","50.000517000","9624","140","192.168.10.22","8081","10.0.0.2","46884","88","723713","38"
,"51.250580000","50.000560000","9625","140","192.168.10.22","8081","10.0.0.2","46884","88","723801","38"
,"51.250645000","50.000625000","9626","140","192.168.10.22","8081","10.0.0.2","46884","88","723889","38"
,"51.250662000","50.000642000","9627","140","192.168.10.22","8081","10.0.0.2","46884","88","723977","38"
,"51.250714000","50.000694000","9628","140","192.168.10.22","8081","10.0.0.2","46884","88","724065","38"
,"51.250727000","50.000707000","9629","140","192.168.10.22","8081","10.0.0.2","46884","88","724153","38"
,"51.250772000","50.000752000","9630","140","192.168.10.22","8081","10.0.0.2","46884","88","724241","38"
,"51.250783000","50.000763000","9631","140","192.168.10.22","8081","10.0.0.2","46884","88","724329","38"
,"51.250827000","50.000807000","9632","140","192.168.10.22","8081","10.0.0.2","46884","88","724417","38"
,"51.250841000","50.000821000","9633","140","192.168.10.22","8081","10.0.0.2","46884","88","724505","38"
,"51.311977000","50.061957000","9634","52","10.0.0.2","46884","192.168.10.22","8081","0","38","719665"
,"51.311987000","50.061967000","9635","52","10.0.0.2","46884","192.168.10.22","8081","0","38","720193"
,"51.312985000","50.062965000","9636","140","192.168.10.22","8081","10.0.0.2","46884","88","724593","38"
,"51.313028000","50.063008000","9637","140","192.168.10.22","8081","10.0.0.2","46884","88","724681","38"
,"51.313092000","50.063072000","9638","140","192.168.10.22","8081","10.0.0.2","46884","88","724769","38"
,"51.313108000","50.063088000","9639","140","192.168.10.22","8081","10.0.0.2","46884","88","724857","38"
,"51.313157000","50.063137000","9640","140","192.168.10.22","8081","10.0.0.2","46884","88","724945","38"
,"51.313169000","50.063149000","9641","140","192.168.10.22","8081","10.0.0.2","46884","88","725033","38"
,"51.313212000","50.063192000","9642","140","192.168.10.22","8081","10.0.0.2","46884","88","725121","38"
,"51.313224000","50.063204000","9643","140","192.168.10.22","8081","10.0.0.2","46884","88","725209","38"
,"51.313269000","50.063249000","9644","140","192.168.10.22","8081","10.0.0.2","46884","88","725297","38"
,"51.313283000","50.063263000","9645","140","192.168.10.22","8081","10.0.0.2","46884","88","725385","38"
,"51.313328000","50.063308000","9646","140","192.168.10.22","8081","10.0.0.2","46884","88","725473","38"
,"51.313341000","50.063321000","9647","140","192.168.10.22","8081","10.0.0.2","46884","88","725561","38"
,"51.374661000","50.124641000","9648","52","10.0.0.2","46884","192.168.10.22","8081","0","38","721073"
,"51.375670000","50.125650000","9649","140","192.168.10.22","8081","10.0.0.2","46884","88","725649","38"
,"51.375711000","50.125691000","9650","140","192.168.10.22","8081","10.0.0.2","46884","88","725737","38"
,"51.375776000","50.125756000","9651","140","192.168.10.22","8081","10.0.0.2","46884","88","725825","38"
,"51.375792000","50.125772000","9652","140","192.168.10.22","8081","10.0.0.2","46884","88","725913","38"
,"51.375847000","50.125827000","9653","140","192.168.10.22","8081","10.0.0.2","46884","88","726001","38"
,"51.375860000","50.125840000","9654","140","192.168.10.22","8081","10.0.0.2","46884","88","726089","38"
,"51.375930000","50.125910000","9655","140","192.168.10.22","8081","10.0.0.2","46884","88","726177","38"
,"51.375943000","50.125923000","9656","140","192.168.10.22","8081","10.0.0.2","46884","88","726265","38"
,"51.375986000","50.125966000","9657","140","192.168.10.22","8081","10.0.0.2","46884","88","726353","38"
,"51.375999000","50.125979000","9658","140","192.168.10.22","8081","10.0.0.2","46884","88","726441","38"
,"51.437440000","50.187420000","9659","52","10.0.0.2","46884","192.168.10.22","8081","0","38","721689"
,"51.437471000","50.187451000","9660","52","10.0.0.2","46884","192.168.10.22","8081","0","38","722041"
,"51.438445000","50.188425000","9661","140","192.168.10.22","8081","10.0.0.2","46884","88","726529","38"
,"51.438487000","50.188467000","9662","140","192.168.10.22","8081","10.0.0.2","46884","88","726617","38"
,"51.438550000","50.188530000","9663","140","192.168.10.22","8081","10.0.0.2","46884","88","726705","38"
,"51.438567000","50.188547000","9664","140","192.168.10.22","8081","10.0.0.2","46884","88","726793","38"
,"51.438620000","50.188600000","9665","140","192.168.10.22","8081","10.0.0.2","46884","88","726881","38"
,"51.438634000","50.188614000","9666","140","192.168.10.22","8081","10.0.0.2","46884","88","726969","38"
,"51.438679000","50.188659000","9667","140","192.168.10.22","8081","10.0.0.2","46884","88","727057","38"
,"51.438690000","50.188670000","9668","140","192.168.10.22","8081","10.0.0.2","46884","88","727145","38"
,"51.438734000","50.188714000","9669","140","192.168.10.22","8081","10.0.0.2","46884","88","727233","38"
,"51.438749000","50.188729000","9670","140","192.168.10.22","8081","10.0.0.2","46884","88","727321","38"
,"51.499819000","50.249799000","9671","52","10.0.0.2","46884","192.168.10.22","8081","0","38","722833"
,"51.499847000","50.249827000","9672","52","10.0.0.2","46884","192.168.10.22","8081","0","38","722921"
,"51.500861000","50.250841000","9673","140","192.168.10.22","8081","10.0.0.2","46884","88","727409","38"
,"51.500943000","50.250923000","9674","140","192.168.10.22","8081","10.0.0.2","46884","88","727497","38"
,"51.501011000","50.250991000","9675","140","192.168.10.22","8081","10.0.0.2","46884","88","727585","38"
,"51.501026000","50.251006000","9676","140","192.168.10.22","8081","10.0.0.2","46884","88","727673","38"
,"51.501074000","50.251054000","9677","140","192.168.10.22","8081","10.0.0.2","46884","88","727761","38"
,"51.501086000","50.251066000","9678","140","192.168.10.22","8081","10.0.0.2","46884","88","727849","38"
,"51.501130000","50.251110000","9679","140","192.168.10.22","8081","10.0.0.2","46884","88","727937","38"
,"51.501150000","50.251130000","9680","140","192.168.10.22","8081","10.0.0.2","46884","88","728025","38"
,"51.501194000","50.251174000","9681","140","192.168.10.22","8081","10.0.0.2","46884","88","728113","38"
,"51.501207000","50.251187000","9682","140","192.168.10.22","8081","10.0.0.2","46884","88","728201","38"
,"51.562870000","50.312850000","9683","52","10.0.0.2","46884","192.168.10.22","8081","0","38","723889"
,"51.563862000","50.313842000","9684","140","192.168.10.22","8081","10.0.0.2","46884","88","728289","38"
,"51.563937000","50.313917000","9685","140","192.168.10.22","8081","10.0.0.2","46884","88","728377","38"
,"51.564007000","50.313987000","9686","140","192.168.10.22","8081","10.0.0.2","46884","88","728465","38"
,"51.564024000","50.314004000","9687","140","192.168.10.22","8081","10.0.0.2","46884","88","728553","38"
,"51.564070000","50.314050000","9688","140","192.168.10.22","8081","10.0.0.2","46884","88","728641","38"
,"51.564082000","50.314062000","9689","140","192.168.10.22","8081","10.0.0.2","46884","88","728729","38"
,"51.564126000","50.314106000","9690","140","192.168.10.22","8081","10.0.0.2","46884","88","728817","38"
,"51.564149000","50.314129000","9691","140","192.168.10.22","8081","10.0.0.2","46884","88","728905","38"
,"51.564194000","50.314174000","9692","140","192.168.10.22","8081","10.0.0.2","46884","88","728993","38"
,"51.564208000","50.314188000","9693","140","192.168.10.22","8081","10.0.0.2","46884","88","729081","38"
,"51.564253000","50.314233000","9694","140","192.168.10.22","8081","10.0.0.2","46884","88","729169","38"
,"51.564266000","50.314246000","9695","140","192.168.10.22","8081","10.0.0.2","46884","88","729257","38"
,"51.624202000","50.374182000","9696","52","10.0.0.2","46884","192.168.10.22","8081","0","38","724153"
,"51.624212000","50.374192000","9697","52","10.0.0.2","46884","192.168.10.22","8081","0","38","724769"
,"51.625085000","50.375065000","9698","140","192.168.10.22","8081","10.0.0.2","46884","88","729345","38"
,"51.625123000","50.375103000","9699","140","192.168.10.22","8081","10.0.0.2","46884","88","729433","38"
,"51.625174000","50.375154000","9700","140","192.168.10.22","8081","10.0.0.2","46884","88","729521","38"
,"51.625186000","50.375166000","9701","140","192.168.10.22","8081","10.0.0.2","46884","88","729609","38"
,"51.625230000","50.375210000","9702","140","192.168.10.22","8081","10.0.0.2","46884","88","729697","38"
,"51.625242000","50.375222000","9703","140","192.168.10.22","8081","10.0.0.2","46884","88","729785","38"
,"51.625287000","50.375267000","9704","140","192.168.10.22","8081","10.0.0.2","46884","88","729873","38"
,"51.625299000","50.375279000","9705","140","192.168.10.22","8081","10.0.0.2","46884","88","729961","38"
,"51.625343000","50.375323000","9706","140","192.168.10.22","8081","10.0.0.2","46884","88","730049","38"
,"51.625357000","50.375337000","9707","140","192.168.10.22","8081","10.0.0.2","46884","88","730137","38"
,"51.687841000","50.437821000","9708","52","10.0.0.2","46884","192.168.10.22","8081","0","38","725649"
,"51.688810000","50.438790000","9709","140","192.168.10.22","8081","10.0.0.2","46884","88","730225","38"
,"51.688853000","50.438833000","9710","140","192.168.10.22","8081","10.0.0.2","46884","88","730313","38"
,"51.688957000","50.438937000","9711","140","192.168.10.22","8081","10.0.0.2","46884","88","730401","38"
,"51.688975000","50.438955000","9712","140","192.168.10.22","8081","10.0.0.2","46884","88","730489","38"
,"51.689023000","50.439003000","9713","140","192.168.10.22","8081","10.0.0.2","46884","88","730577","38"
,"51.689035000","50.439015000","9714","140","192.168.10.22","8081","10.0.0.2","46884","88","730665","38"
,"51.689080000","50.439060000","9715","140","192.168.10.22","8081","10.0.0.2","46884","88","730753","38"
,"51.689094000","50.439074000","9716","140","192.168.10.22","8081","10.0.0.2","46884","88","730841","38"
,"51.689138000","50.439118000","9717","140","192.168.10.22","8081","10.0.0.2","46884","88","730929","38"
,"51.689152000","50.439132000","9718","140","192.168.10.22","8081","10.0.0.2","46884","88","731017","38"
,"51.749817000","50.499797000","9719","52","10.0.0.2","46884","192.168.10.22","8081","0","38","726441"
,"51.749840000","50.499820000","9720","52","10.0.0.2","46884","192.168.10.22","8081","0","38","726617"
,"51.750862000","50.500842000","9721","140","192.168.10.22","8081","10.0.0.2","46884","88","731105","38"
,"51.750932000","50.500912000","9722","140","192.168.10.22","8081","10.0.0.2","46884","88","731193","38"
,"51.751001000","50.500981000","9723","140","192.168.10.22","8081","10.0.0.2","46884","88","731281","38"
,"51.751019000","50.500999000","9724","140","192.168.10.22","8081","10.0.0.2","46884","88","731369","38"
,"51.751067000","50.501047000","9725","140","192.168.10.22","8081","10.0.0.2","46884","88","731457","38"
,"51.751079000","50.501059000","9726","140","192.168.10.22","8081","10.0.0.2","46884","88","731545","38"
,"51.751124000","50.501104000","9727","140","192.168.10.22","8081","10.0.0.2","46884","88","731633","38"
,"51.751135000","50.501115000","9728","140","192.168.10.22","8081","10.0.0.2","46884","88","731721","38"
,"51.751181000","50.501161000","9729","140","192.168.10.22","8081","10.0.0.2","46884","88","731809","38"
,"51.751195000","50.501175000","9730","140","192.168.10.22","8081","10.0.0.2","46884","88","731897","38"
,"51.812521000","50.562501000","9731","52","10.0.0.2","46884","192.168.10.22","8081","0","38","727409"
,"51.812528000","50.562508000","9732","52","10.0.0.2","46884","192.168.10.22","8081","0","38","727497"
,"51.813496000","50.563476000","9733","140","192.168.10.22","8081","10.0.0.2","46884","88","731985","38"
,"51.813538000","50.563518000","9734","140","192.168.10.22","8081","10.0.0.2","46884","88","732073","38"
,"51.813600000","50.563580000","9735","140","192.168.10.22","8081","10.0.0.2","46884","88","732161","38"
,"51.813617000","50.563597000","9736","140","192.168.10.22","8081","10.0.0.2","46884","88","732249","38"
,"51.813670000","50.563650000","9737","140","192.168.10.22","8081","10.0.0.2","46884","88","732337","38"
,"51.813683000","50.563663000","9738","140","192.168.10.22","8081","10.0.0.2","46884","88","732425","38"
,"51.813727000","50.563707000","9739","140","192.168.10.22","8081","10.0.0.2","46884","88","732513","38"
,"51.813738000","50.563718000","9740","140","192.168.10.22","8081","10.0.0.2","46884","88","732601","38"
,"51.813783000","50.563763000","9741","140","192.168.10.22","8081","10.0.0.2","46884","88","732689","38"
,"51.813798000","50.563778000","9742","140","192.168.10.22","8081","10.0.0.2","46884","88","732777","38"
,"51.875003000","50.624983000","9743","52","10.0.0.2","46884","192.168.10.22","8081","0","38","728465"
,"51.876019000","50.625999000","9744","140","192.168.10.22","8081","10.0.0.2","46884","88","732865","38"
,"51.876062000","50.626042000","9745","140","192.168.10.22","8081","10.0.0.2","46884","88","732953","38"
,"51.876129000","50.626109000","9746","140","192.168.10.22","8081","10.0.0.2","46884","88","733041","38"
,"51.876145000","50.626125000","9747","140","192.168.10.22","8081","10.0.0.2","46884","88","733129","38"
,"51.876195000","50.626175000","9748","140","192.168.10.22","8081","10.0.0.2","46884","88","733217","38"
,"51.876207000","50.626187000","9749","140","192.168.10.22","8081","10.0.0.2","46884","88","733305","38"
,"51.876253000","50.626233000","9750","140","192.168.10.22","8081","10.0.0.2","46884","88","733393","38"
,"51.876264000","50.626244000","9751","140","192.168.10.22","8081","10.0.0.2","46884","88","733481","38"
,"51.876308000","50.626288000","9752","140","192.168.10.22","8081","10.0.0.2","46884","88","733569","38"
,"51.876322000","50.626302000","9753","140","192.168.10.22","8081","10.0.0.2","46884","88","733657","38"
,"51.876367000","50.626347000","9754","140","192.168.10.22","8081","10.0.0.2","46884","88","733745","38"
,"51.876378000","50.626358000","9755","140","192.168.10.22","8081","10.0.0.2","46884","88","733833","38"
,"51.937597000","50.687577000","9756","52","10.0.0.2","46884","192.168.10.22","8081","0","38","729257"
,"51.937624000","50.687604000","9757","52","10.0.0.2","46884","192.168.10.22","8081","0","38","729345"
,"51.938625000","50.688605000","9758","140","192.168.10.22","8081","10.0.0.2","46884","88","733921","38"
,"51.938667000","50.688647000","9759","140","192.168.10.22","8081","10.0.0.2","46884","88","734009","38"
,"51.938730000","50.688710000","9760","140","192.168.10.22","8081","10.0.0.2","46884","88","734097","38"
,"51.938746000","50.688726000","9761","140","192.168.10.22","8081","10.0.0.2","46884","88","734185","38"
,"51.938802000","50.688782000","9762","140","192.168.10.22","8081","10.0.0.2","46884","88","734273","38"
,"51.938816000","50.688796000","9763","140","192.168.10.22","8081","10.0.0.2","46884","88","734361","38"
,"51.938863000","50.688843000","9764","140","192.168.10.22","8081","10.0.0.2","46884","88","734449","38"
,"51.938902000","50.688882000","9765","140","192.168.10.22","8081","10.0.0.2","46884","88","734537","38"
,"51.938951000","50.688931000","9766","140","192.168.10.22","8081","10.0.0.2","46884","88","734625","38"
,"51.938965000","50.688945000","9767","140","192.168.10.22","8081","10.0.0.2","46884","88","734713","38"
,"52.000015000","50.749995000","9768","52","10.0.0.2","46884","192.168.10.22","8081","0","38","730225"
,"52.000042000","50.750022000","9769","52","10.0.0.2","46884","192.168.10.22","8081","0","38","730313"
,"52.001020000","50.751000000","9770","140","192.168.10.22","8081","10.0.0.2","46884","88","734801","38"
,"52.001061000","50.751041000","9771","140","192.168.10.22","8081","10.0.0.2","46884","88","734889","38"
,"52.001126000","50.751106000","9772","140","192.168.10.22","8081","10.0.0.2","46884","88","734977","38"
,"52.001142000","50.751122000","9773","140","192.168.10.22","8081","10.0.0.2","46884","88","735065","38"
,"52.001194000","50.751174000","9774","140","192.168.10.22","8081","10.0.0.2","46884","88","735153","38"
,"52.001206000","50.751186000","9775","140","192.168.10.22","8081","10.0.0.2","46884","88","735241","38"
,"52.001251000","50.751231000","9776","140","192.168.10.22","8081","10.0.0.2","46884","88","735329","38"
,"52.001264000","50.751244000","9777","140","192.168.10.22","8081","10.0.0.2","46884","88","735417","38"
,"52.001309000","50.751289000","9778","140","192.168.10.22","8081","10.0.0.2","46884","88","735505","38"
,"52.001323000","50.751303000","9779","140","192.168.10.22","8081","10.0.0.2","46884","88","735593","38"
,"52.062120000","50.812100000","9780","52","10.0.0.2","46884","192.168.10.22","8081","0","38","731193"
,"52.063024000","50.813004000","9781","140","192.168.10.22","8081","10.0.0.2","46884","88","735681","38"
,"52.063061000","50.813041000","9782","140","192.168.10.22","8081","10.0.0.2","46884","88","735769","38"
,"52.063112000","50.813092000","9783","140","192.168.10.22","8081","10.0.0.2","46884","88","735857","38"
,"52.063124000","50.813104000","9784","140","192.168.10.22","8081","10.0.0.2","46884","88","735945","38"
,"52.063169000","50.813149000","9785","140","192.168.10.22","8081","10.0.0.2","46884","88","736033","38"
,"52.063180000","50.813160000","9786","140","192.168.10.22","8081","10.0.0.2","46884","88","736121","38"
,"52.063224000","50.813204000","9787","140","192.168.10.22","8081","10.0.0.2","46884","88","736209","38"
,"52.063236000","50.813216000","9788","140","192.168.10.22","8081","10.0.0.2","46884","88","736297","38"
,"52.063281000","50.813261000","9789","140","192.168.10.22","8081","10.0.0.2","46884","88","736385","38"
,"52.063294000","50.813274000","9790","140","192.168.10.22","8081","10.0.0.2","46884","88","736473","38"
,"52.124600000","50.874580000","9791","52","10.0.0.2","46884","192.168.10.22","8081","0","38","731985"
,"52.124626000","50.874606000","9792","52","10.0.0.2","46884","192.168.10.22","8081","0","38","732161"
,"52.125606000","50.875586000","9793","140","192.168.10.22","8081","10.0.0.2","46884","88","736561","38"
,"52.125648000","50.875628000","9794","140","192.168.10.22","8081","10.0.0.2","46884","88","736649","38"
,"52.125710000","50.875690000","9795","140","192.168.10.22","8081","10.0.0.2","46884","88","736737","38"
,"52.125725000","50.875705000","9796","140","192.168.10.22","8081","10.0.0.2","46884","88","736825","38"
,"52.125778000","50.875758000","9797","140","192.168.10.22","8081","10.0.0.2","46884","88","736913","38"
,"52.125791000","50.875771000","9798","140","192.168.10.22","8081","10.0.0.2","46884","88","737001","38"
,"52.125834000","50.875814000","9799","140","192.168.10.22","8081","10.0.0.2","46884","88","737089","38"
,"52.125845000","50.875825000","9800","140","192.168.10.22","8081","10.0.0.2","46884","88","737177","38"
,"52.125929000","50.875909000","9801","140","192.168.10.22","8081","10.0.0.2","46884","88","737265","38"
,"52.125945000","50.875925000","9802","140","192.168.10.22","8081","10.0.0.2","46884","88","737353","38"
,"52.125992000","50.875972000","9803","140","192.168.10.22","8081","10.0.0.2","46884","88","737441","38"
,"52.126007000","50.875987000","9804","140","192.168.10.22","8081","10.0.0.2","46884","88","737529","38"
,"52.187827000","50.937807000","9805","52","10.0.0.2","46884","192.168.10.22","8081","0","38","733041"
,"52.188823000","50.938803000","9806","140","192.168.10.22","8081","10.0.0.2","46884","88","737617","38"
,"52.188866000","50.938846000","9807","140","192.168.10.22","8081","10.0.0.2","46884","88","737705","38"
,"52.188969000","50.938949000","9808","140","192.168.10.22","8081","10.0.0.2","46884","88","737793","38"
,"52.188986000","50.938966000","9809","140","192.168.10.22","8081","10.0.0.2","46884","88","737881","38"
,"52.189033000","50.939013000","9810","140","192.168.10.22","8081","10.0.0.2","46884","88","737969","38"
,"52.189059000","50.939039000","9811","140","192.168.10.22","8081","10.0.0.2","46884","88","738057","38"
,"52.189103000","50.939083000","9812","140","192.168.10.22","8081","10.0.0.2","46884","88","738145","38"
,"52.189116000","50.939096000","9813","140","192.168.10.22","8081","10.0.0.2","46884","88","738233","38"
,"52.189161000","50.939141000","9814","140","192.168.10.22","8081","10.0.0.2","46884","88","738321","38"
,"52.189175000","50.939155000","9815","140","192.168.10.22","8081","10.0.0.2","46884","88","738409","38"
,"52.249159000","50.999139000","9816","52","10.0.0.2","46884","192.168.10.22","8081","0","38","733833"
,"52.249168000","50.999148000","9817","52","10.0.0.2","46884","192.168.10.22","8081","0","38","733921"
,"52.250085000","51.000065000","9818","140","192.168.10.22","8081","10.0.0.2","46884","88","738497","38"
,"52.250128000","51.000108000","9819","140","192.168.10.22","8081","10.0.0.2","46884","88","738585","38"
,"52.250197000","51.000177000","9820","140","192.168.10.22","8081","10.0.0.2","46884","88","738673","38"
,"52.250215000","51.000195000","9821","140","192.168.10.22","8081","10.0.0.2","46884","88","738761","38"
,"52.250270000","51.000250000","9822","140","192.168.10.22","8081","10.0.0.2","46884","88","738849","38"
,"52.250283000","51.000263000","9823","140","192.168.10.22","8081","10.0.0.2","46884","88","738937","38"
,"52.250328000","51.000308000","9824","140","192.168.10.22","8081","10.0.0.2","46884","88","739025","38"
,"52.250352000","51.000332000","9825","140","192.168.10.22","8081","10.0.0.2","46884","88","739113","38"
,"52.250396000","51.000376000","9826","140","192.168.10.22","8081","10.0.0.2","46884","88","739201","38"
,"52.250409000","51.000389000","9827","140","192.168.10.22","8081","10.0.0.2","46884","88","739289","38"
,"52.312590000","51.062570000","9828","52","10.0.0.2","46884","192.168.10.22","8081","0","38","734625"
,"52.312598000","51.062578000","9829","52","10.0.0.2","46884","192.168.10.22","8081","0","38","734889"
,"52.313591000","51.063571000","9830","140","192.168.10.22","8081","10.0.0.2","46884","88","739377","38"
,"52.313633000","51.063613000","9831","140","192.168.10.22","8081","10.0.0.2","46884","88","739465","38"
,"52.313697000","51.063677000","9832","140","192.168.10.22","8081","10.0.0.2","46884","88","739553","38"
,"52.313714000","51.063694000","9833","140","192.168.10.22","8081","10.0.0.2","46884","88","739641","38"
,"52.313767000","51.063747000","9834","140","192.168.10.22","8081","10.0.0.2","46884","88","739729","38"
,"52.313781000","51.063761000","9835","140","192.168.10.22","8081","10.0.0.2","46884","88","739817","38"
,"52.313826000","51.063806000","9836","140","192.168.10.22","8081","10.0.0.2","46884","88","739905","38"
,"52.313837000","51.063817000","9837","140","192.168.10.22","8081","10.0.0.2","46884","88","739993","38"
,"52.313916000","51.063896000","9838","140","192.168.10.22","8081","10.0.0.2","46884","88","740081","38"
,"52.313931000","51.063911000","9839","140","192.168.10.22","8081","10.0.0.2","46884","88","740169","38"
,"52.374713000","51.124693000","9840","52","10.0.0.2","46884","192.168.10.22","8081","0","38","735769"
,"52.375719000","51.125699000","9841","140","192.168.10.22","8081","10.0.0.2","46884","88","740257","38"
,"52.375761000","51.125741000","9842","140","192.168.10.22","8081","10.0.0.2","46884","88","740345","38"
,"52.375829000","51.125809000","9843","140","192.168.10.22","8081","10.0.0.2","46884","88","740433","38"
,"52.375846000","51.125826000","9844","140","192.168.10.22","8081","10.0.0.2","46884","88","740521","38"
,"52.375925000","51.125905000","9845","140","192.168.10.22","8081","10.0.0.2","46884","88","740609","38"
,"52.375940000","51.125920000","9846","140","192.168.10.22","8081","10.0.0.2","46884","88","740697","38"
,"52.375985000","51.125965000","9847","140","192.168.10.22","8081","10.0.0.2","46884","88","740785","38"
,"52.375997000","51.125977000","9848","140","192.168.10.22","8081","10.0.0.2","46884","88","740873","38"
,"52.376041000","51.126021000","9849","140","192.168.10.22","8081","10.0.0.2","46884","88","740961","38"
,"52.376054000","51.126034000","9850","140","192.168.10.22","8081","10.0.0.2","46884","88","741049","38"
,"52.437962000","51.187942000","9851","52","10.0.0.2","46884","192.168.10.22","8081","0","38","736385"
,"52.437990000","51.187970000","9852","52","10.0.0.2","46884","192.168.10.22","8081","0","38","736737"
,"52.439030000","51.189010000","9853","140","192.168.10.22","8081","10.0.0.2","46884","88","741137","38"
,"52.439075000","51.189055000","9854","140","192.168.10.22","8081","10.0.0.2","46884","88","741225","38"
,"52.439137000","51.189117000","9855","140","192.168.10.22","8081","10.0.0.2","46884","88","741313","38"
,"52.439150000","51.189130000","9856","140","192.168.10.22","8081","10.0.0.2","46884","88","741401","38"
,"52.439195000","51.189175000","9857","140","192.168.10.22","8081","10.0.0.2","46884","88","741489","38"
,"52.439207000","51.189187000","9858","140","192.168.10.22","8081","10.0.0.2","46884","88","741577","38"
,"52.439252000","51.189232000","9859","140","192.168.10.22","8081","10.0.0.2","46884","88","741665","38"
,"52.439265000","51.189245000","9860","140","192.168.10.22","8081","10.0.0.2","46884","88","741753","38"
,"52.439309000","51.189289000","9861","140","192.168.10.22","8081","10.0.0.2","46884","88","741841","38"
,"52.439324000","51.189304000","9862","140","192.168.10.22","8081","10.0.0.2","46884","88","741929","38"
,"52.439368000","51.189348000","9863","140","192.168.10.22","8081","10.0.0.2","46884","88","742017","38"
,"52.439380000","51.189360000","9864","140","192.168.10.22","8081","10.0.0.2","46884","88","742105","38"
,"52.499733000","51.249713000","9865","52","10.0.0.2","46884","192.168.10.22","8081","0","38","737529"
,"52.499759000","51.249739000","9866","52","10.0.0.2","46884","192.168.10.22","8081","0","38","737617"
,"52.500792000","51.250772000","9867","140","192.168.10.22","8081","10.0.0.2","46884","88","742193","38"
,"52.500835000","51.250815000","9868","140","192.168.10.22","8081","10.0.0.2","46884","88","742281","38"
,"52.500935000","51.250915000","9869","140","192.168.10.22","8081","10.0.0.2","46884","88","742369","38"
,"52.500952000","51.250932000","9870","140","192.168.10.22","8081","10.0.0.2","46884","88","742457","38"
,"52.500999000","51.250979000","9871","140","192.168.10.22","8081","10.0.0.2","46884","88","742545","38"
,"52.501011000","51.250991000","9872","140","192.168.10.22","8081","10.0.0.2","46884","88","742633","38"
,"52.501056000","51.251036000","9873","140","192.168.10.22","8081","10.0.0.2","46884","88","742721","38"
,"52.501070000","51.251050000","9874","140","192.168.10.22","8081","10.0.0.2","46884","88","742809","38"
,"52.501114000","51.251094000","9875","140","192.168.10.22","8081","10.0.0.2","46884","88","742897","38"
,"52.501128000","51.251108000","9876","140","192.168.10.22","8081","10.0.0.2","46884","88","742985","38"
,"52.562753000","51.312733000","9877","52","10.0.0.2","46884","192.168.10.22","8081","0","38","738409"
,"52.562777000","51.312757000","9878","52","10.0.0.2","46884","192.168.10.22","8081","0","38","738585"
,"52.563778000","51.313758000","9879","140","192.168.10.22","8081","10.0.0.2","46884","88","743073","38"
,"52.563819000","51.313799000","9880","140","192.168.10.22","8081","10.0.0.2","46884","88","743161","38"
,"52.563913000","51.313893000","9881","140","192.168.10.22","8081","10.0.0.2","46884","88","743249","38"
,"52.563936000","51.313916000","9882","140","192.168.10.22","8081","10.0.0.2","46884","88","743337","38"
,"52.563986000","51.313966000","9883","140","192.168.10.22","8081","10.0.0.2","46884","88","743425","38"
,"52.563998000","51.313978000","9884","140","192.168.10.22","8081","10.0.0.2","46884","88","743513","38"
,"52.564043000","51.314023000","9885","140","192.168.10.22","8081","10.0.0.2","46884","88","743601","38"
,"52.564055000","51.314035000","9886","140","192.168.10.22","8081","10.0.0.2","46884","88","743689","38"
,"52.564100000","51.314080000","9887","140","192.168.10.22","8081","10.0.0.2","46884","88","743777","38"
,"52.564115000","51.314095000","9888","140","192.168.10.22","8081","10.0.0.2","46884","88","743865","38"
,"52.624032000","51.374012000","9889","52","10.0.0.2","46884","192.168.10.22","8081","0","38","739465"
,"52.624929000","51.374909000","9890","140","192.168.10.22","8081","10.0.0.2","46884","88","743953","38"
,"52.624966000","51.374946000","9891","140","192.168.10.22","8081","10.0.0.2","46884","88","744041","38"
,"52.625016000","51.374996000","9892","140","192.168.10.22","8081","10.0.0.2","46884","88","744129","38"
,"52.625028000","51.375008000","9893","140","192.168.10.22","8081","10.0.0.2","46884","88","744217","38"
,"52.625073000","51.375053000","9894","140","192.168.10.22","8081","10.0.0.2","46884","88","744305","38"
,"52.625084000","51.375064000","9895","140","192.168.10.22","8081","10.0.0.2","46884","88","744393","38"
,"52.625128000","51.375108000","9896","140","192.168.10.22","8081","10.0.0.2","46884","88","744481","38"
,"52.625140000","51.375120000","9897","140","192.168.10.22","8081","10.0.0.2","46884","88","744569","38"
,"52.625185000","51.375165000","9898","140","192.168.10.22","8081","10.0.0.2","46884","88","744657","38"
,"52.625198000","51.375178000","9899","140","192.168.10.22","8081","10.0.0.2","46884","88","744745","38"
,"52.687803000","51.437783000","9900","52","10.0.0.2","46884","192.168.10.22","8081","0","38","740257"
,"52.687828000","51.437808000","9901","52","10.0.0.2","46884","192.168.10.22","8081","0","38","740433"
,"52.688839000","51.438819000","9902","140","192.168.10.22","8081","10.0.0.2","46884","88","744833","38"
,"52.688921000","51.438901000","9903","140","192.168.10.22","8081","10.0.0.2","46884","88","744921","38"
,"52.688992000","51.438972000","9904","140","192.168.10.22","8081","10.0.0.2","46884","88","745009","38"
,"52.689007000","51.438987000","9905","140","192.168.10.22","8081","10.0.0.2","46884","88","745097","38"
,"52.689052000","51.439032000","9906","140","192.168.10.22","8081","10.0.0.2","46884","88","745185","38"
,"52.689076000","51.439056000","9907","140","192.168.10.22","8081","10.0.0.2","46884","88","745273","38"
,"52.689122000","51.439102000","9908","140","192.168.10.22","8081","10.0.0.2","46884","88","745361","38"
,"52.689135000","51.439115000","9909","140","192.168.10.22","8081","10.0.0.2","46884","88","745449","38"
,"52.689179000","51.439159000","9910","140","192.168.10.22","8081","10.0.0.2","46884","88","745537","38"
,"52.689193000","51.439173000","9911","140","192.168.10.22","8081","10.0.0.2","46884","88","745625","38"
,"52.689238000","51.439218000","9912","140","192.168.10.22","8081","10.0.0.2","46884","88","745713","38"
,"52.689250000","51.439230000","9913","140","192.168.10.22","8081","10.0.0.2","46884","88","745801","38"
,"52.749692000","51.499672000","9914","52","10.0.0.2","46884","192.168.10.22","8081","0","38","741225"
,"52.749722000","51.499702000","9915","52","10.0.0.2","46884","192.168.10.22","8081","0","38","741313"
,"52.750704000","51.500684000","9916","140","192.168.10.22","8081","10.0.0.2","46884","88","745889","38"
,"52.750747000","51.500727000","9917","140","192.168.10.22","8081","10.0.0.2","46884","88","745977","38"
,"52.750813000","51.500793000","9918","140","192.168.10.22","8081","10.0.0.2","46884","88","746065","38"
,"52.750830000","51.500810000","9919","140","192.168.10.22","8081","10.0.0.2","46884","88","746153","38"
,"52.750910000","51.500890000","9920","140","192.168.10.22","8081","10.0.0.2","46884","88","746241","38"
,"52.750924000","51.500904000","9921","140","192.168.10.22","8081","10.0.0.2","46884","88","746329","38"
,"52.750969000","51.500949000","9922","140","192.168.10.22","8081","10.0.0.2","46884","88","746417","38"
,"52.750981000","51.500961000","9923","140","192.168.10.22","8081","10.0.0.2","46884","88","746505","38"
,"52.751025000","51.501005000","9924","140","192.168.10.22","8081","10.0.0.2","46884","88","746593","38"
,"52.751039000","51.501019000","9925","140","192.168.10.22","8081","10.0.0.2","46884","88","746681","38"
,"52.812573000","51.562553000","9926","52","10.0.0.2","46884","192.168.10.22","8081","0","38","741841"
,"52.812580000","51.562560000","9927","52","10.0.0.2","46884","192.168.10.22","8081","0","38","742193"
,"52.813529000","51.563509000","9928","140","192.168.10.22","8081","10.0.0.2","46884","88","746769","38"
,"52.813571000","51.563551000","9929","140","192.168.10.22","8081","10.0.0.2","46884","88","746857","38"
,"52.813639000","51.563619000","9930","140","192.168.10.22","8081","10.0.0.2","46884","88","746945","38"
,"52.813657000","51.563637000","9931","140","192.168.10.22","8081","10.0.0.2","46884","88","747033","38"
,"52.813711000","51.563691000","9932","140","192.168.10.22","8081","10.0.0.2","46884","88","747121","38"
,"52.813725000","51.563705000","9933","140","192.168.10.22","8081","10.0.0.2","46884","88","747209","38"
,"52.813770000","51.563750000","9934","140","192.168.10.22","8081","10.0.0.2","46884","88","747297","38"
,"52.813781000","51.563761000","9935","140","192.168.10.22","8081","10.0.0.2","46884","88","747385","38"
,"52.813826000","51.563806000","9936","140","192.168.10.22","8081","10.0.0.2","46884","88","747473","38"
,"52.813840000","51.563820000","9937","140","192.168.10.22","8081","10.0.0.2","46884","88","747561","38"
,"52.874941000","51.624921000","9938","52","10.0.0.2","46884","192.168.10.22","8081","0","38","743161"
,"52.875980000","51.625960000","9939","140","192.168.10.22","8081","10.0.0.2","46884","88","747649","38"
,"52.876022000","51.626002000","9940","140","192.168.10.22","8081","10.0.0.2","46884","88","747737","38"
,"52.876085000","51.626065000","9941","140","192.168.10.22","8081","10.0.0.2","46884","88","747825","38"
,"52.876102000","51.626082000","9942","140","192.168.10.22","8081","10.0.0.2","46884","88","747913","38"
,"52.876154000","51.626134000","9943","140","192.168.10.22","8081","10.0.0.2","46884","88","748001","38"
,"52.876167000","51.626147000","9944","140","192.168.10.22","8081","10.0.0.2","46884","88","748089","38"
,"52.876211000","51.626191000","9945","140","192.168.10.22","8081","10.0.0.2","46884","88","748177","38"
,"52.876223000","51.626203000","9946","140","192.168.10.22","8081","10.0.0.2","46884","88","748265","38"
,"52.876267000","51.626247000","9947","140","192.168.10.22","8081","10.0.0.2","46884","88","748353","38"
,"52.876281000","51.626261000","9948","140","192.168.10.22","8081","10.0.0.2","46884","88","748441","38"
,"52.937347000","51.687327000","9949","52","10.0.0.2","46884","192.168.10.22","8081","0","38","743953"
,"52.937372000","51.687352000","9950","52","10.0.0.2","46884","192.168.10.22","8081","0","38","744041"
,"52.938396000","51.688376000","9951","140","192.168.10.22","8081","10.0.0.2","46884","88","748529","38"
,"52.938441000","51.688421000","9952","140","192.168.10.22","8081","10.0.0.2","46884","88","748617","38"
,"52.938508000","51.688488000","9953","140","192.168.10.22","8081","10.0.0.2","46884","88","748705","38"
,"52.938524000","51.688504000","9954","140","192.168.10.22","8081","10.0.0.2","46884","88","748793","38"
,"52.938576000","51.688556000","9955","140","192.168.10.22","8081","10.0.0.2","46884","88","748881","38"
,"52.938588000","51.688568000","9956","140","192.168.10.22","8081","10.0.0.2","46884","88","748969","38"
,"52.938635000","51.688615000","9957","140","192.168.10.22","8081","10.0.0.2","46884","88","749057","38"
,"52.938647000","51.688627000","9958","140","192.168.10.22","8081","10.0.0.2","46884","88","749145","38"
,"52.938691000","51.688671000","9959","140","192.168.10.22","8081","10.0.0.2","46884","88","749233","38"
,"52.938705000","51.688685000","9960","140","192.168.10.22","8081","10.0.0.2","46884","88","749321","38"
,"52.999811000","51.749791000","9961","52","10.0.0.2","46884","192.168.10.22","8081","0","38","744657"
,"52.999840000","51.749820000","9962","52","10.0.0.2","46884","192.168.10.22","8081","0","38","745009"
,"53.000904000","51.750884000","9963","140","192.168.10.22","8081","10.0.0.2","46884","88","749409","38"
,"53.000959000","51.750939000","9964","140","192.168.10.22","8081","10.0.0.2","46884","88","749497","38"
,"53.001025000","51.751005000","9965","140","192.168.10.22","8081","10.0.0.2","46884","88","749585","38"
,"53.001041000","51.751021000","9966","140","192.168.10.22","8081","10.0.0.2","46884","88","749673","38"
,"53.001088000","51.751068000","9967","140","192.168.10.22","8081","10.0.0.2","46884","88","749761","38"
,"53.001101000","51.751081000","9968","140","192.168.10.22","8081","10.0.0.2","46884","88","749849","38"
,"53.001144000","51.751124000","9969","140","192.168.10.22","8081","10.0.0.2","46884","88","749937","38"
,"53.001168000","51.751148000","9970","140","192.168.10.22","8081","10.0.0.2","46884","88","750025","38"
,"53.001215000","51.751195000","9971","140","192.168.10.22","8081","10.0.0.2","46884","88","750113","38"
,"53.001229000","51.751209000","9972","140","192.168.10.22","8081","10.0.0.2","46884","88","750201","38"
,"53.001273000","51.751253000","9973","140","192.168.10.22","8081","10.0.0.2","46884","88","750289","38"
,"53.001287000","51.751267000","9974","140","192.168.10.22","8081","10.0.0.2","46884","88","750377","38"
,"53.062695000","51.812675000","9975","52","10.0.0.2","46884","192.168.10.22","8081","0","38","745889"
,"53.063706000","51.813686000","9976","140","192.168.10.22","8081","10.0.0.2","46884","88","750465","38"
,"53.063748000","51.813728000","9977","140","192.168.10.22","8081","10.0.0.2","46884","88","750553","38"
,"53.063813000","51.813793000","9978","140","192.168.10.22","8081","10.0.0.2","46884","88","750641","38"
,"53.063829000","51.813809000","9979","140","192.168.10.22","8081","10.0.0.2","46884","88","750729","38"
,"53.063916000","51.813896000","9980","140","192.168.10.22","8081","10.0.0.2","46884","88","750817","38"
,"53.063931000","51.813911000","9981","140","192.168.10.22","8081","10.0.0.2","46884","88","750905","38"
,"53.063977000","51.813957000","9982","140","192.168.10.22","8081","10.0.0.2","46884","88","750993","38"
,"53.063989000","51.813969000","9983","140","192.168.10.22","8081","10.0.0.2","46884","88","751081","38"
,"53.064034000","51.814014000","9984","140","192.168.10.22","8081","10.0.0.2","46884","88","751169","38"
,"53.064048000","51.814028000","9985","140","192.168.10.22","8081","10.0.0.2","46884","88","751257","38"
,"53.124204000","51.874184000","9986","52","10.0.0.2","46884","192.168.10.22","8081","0","38","746681"
,"53.124212000","51.874192000","9987","52","10.0.0.2","46884","192.168.10.22","8081","0","38","746857"
,"53.125200000","51.875180000","9988","140","192.168.10.22","8081","10.0.0.2","46884","88","751345","38"
,"53.125242000","51.875222000","9989","140","192.168.10.22","8081","10.0.0.2","46884","88","751433","38"
,"53.125304000","51.875284000","9990","140","192.168.10.22","8081","10.0.0.2","46884","88","751521","38"
,"53.125320000","51.875300000","9991","140","192.168.10.22","8081","10.0.0.2","46884","88","751609","38"
,"53.125375000","51.875355000","9992","140","192.168.10.22","8081","10.0.0.2","46884","88","751697","38"
,"53.125389000","51.875369000","9993","140","192.168.10.22","8081","10.0.0.2","46884","88","751785","38"
,"53.125435000","51.875415000","9994","140","192.168.10.22","8081","10.0.0.2","46884","88","751873","38"
,"53.125446000","51.875426000","9995","140","192.168.10.22","8081","10.0.0.2","46884","88","751961","38"
,"53.125490000","51.875470000","9996","140","192.168.10.22","8081","10.0.0.2","46884","88","752049","38"
,"53.125504000","51.875484000","9997","140","192.168.10.22","8081","10.0.0.2","46884","88","752137","38"
,"53.187266000","51.937246000","9998","52","10.0.0.2","46884","192.168.10.22","8081","0","38","747561"
,"53.187294000","51.937274000","9999","52","10.0.0.2","46884","192.168.10.22","8081","0","38","747737"
,"53.187989000","51.937969000","10000","140","192.168.10.22","8081","10.0.0.2","46884","88","752225","38"
,"53.188033000","51.938013000","10001","140","192.168.10.22","8081","10.0.0.2","46884","88","752313","38"
,"53.188100000","51.938080000","10002","140","192.168.10.22","8081","10.0.0.2","46884","88","752401","38"
,"53.188120000","51.938100000","10003","140","192.168.10.22","8081","10.0.0.2","46884","88","752489","38"
,"53.188178000","51.938158000","10004","140","192.168.10.22","8081","10.0.0.2","46884","88","752577","38"
,"53.188195000","51.938175000","10005","140","192.168.10.22","8081","10.0.0.2","46884","88","752665","38"
,"53.188252000","51.938232000","10006","140","192.168.10.22","8081","10.0.0.2","46884","88","752753","38"
,"53.188271000","51.938251000","10007","140","192.168.10.22","8081","10.0.0.2","46884","88","752841","38"
,"53.188330000","51.938310000","10008","140","192.168.10.22","8081","10.0.0.2","46884","88","752929","38"
,"53.188349000","51.938329000","10009","140","192.168.10.22","8081","10.0.0.2","46884","88","753017","38"
,"53.249680000","51.999660000","10010","52","10.0.0.2","46884","192.168.10.22","8081","0","38","748529"
,"53.249687000","51.999667000","10011","52","10.0.0.2","46884","192.168.10.22","8081","0","38","748705"
,"53.250642000","52.000622000","10012","140","192.168.10.22","8081","10.0.0.2","46884","88","753105","38"
,"53.250684000","52.000664000","10013","140","192.168.10.22","8081","10.0.0.2","46884","88","753193","38"
,"53.250747000","52.000727000","10014","140","192.168.10.22","8081","10.0.0.2","46884","88","753281","38"
,"53.250763000","52.000743000","10015","140","192.168.10.22","8081","10.0.0.2","46884","88","753369","38"
,"53.250816000","52.000796000","10016","140","192.168.10.22","8081","10.0.0.2","46884","88","753457","38"
,"53.250829000","52.000809000","10017","140","192.168.10.22","8081","10.0.0.2","46884","88","753545","38"
,"53.250897000","52.000877000","10018","140","192.168.10.22","8081","10.0.0.2","46884","88","753633","38"
,"53.250919000","52.000899000","10019","140","192.168.10.22","8081","10.0.0.2","46884","88","753721","38"
,"53.250966000","52.000946000","10020","140","192.168.10.22","8081","10.0.0.2","46884","88","753809","38"
,"53.250988000","52.000968000","10021","140","192.168.10.22","8081","10.0.0.2","46884","88","753897","38"
,"53.251032000","52.001012000","10022","140","192.168.10.22","8081","10.0.0.2","46884","88","753985","38"
,"53.251045000","52.001025000","10023","140","192.168.10.22","8081","10.0.0.2","46884","88","754073","38"
,"53.312263000","52.062243000","10024","52","10.0.0.2","46884","192.168.10.22","8081","0","38","749057"
,"53.312271000","52.062251000","10025","52","10.0.0.2","46884","192.168.10.22","8081","0","38","749585"
,"53.313261000","52.063241000","10026","140","192.168.10.22","8081","10.0.0.2","46884","88","754161","38"
,"53.313305000","52.063285000","10027","140","192.168.10.22","8081","10.0.0.2","46884","88","754249","38"
,"53.313371000","52.063351000","10028","140","192.168.10.22","8081","10.0.0.2","46884","88","754337","38"
,"53.313388000","52.063368000","10029","140","192.168.10.22","8081","10.0.0.2","46884","88","754425","38"
,"53.313440000","52.063420000","10030","140","192.168.10.22","8081","10.0.0.2","46884","88","754513","38"
,"53.313453000","52.063433000","10031","140","192.168.10.22","8081","10.0.0.2","46884","88","754601","38"
,"53.313499000","52.063479000","10032","140","192.168.10.22","8081","10.0.0.2","46884","88","754689","38"
,"53.313510000","52.063490000","10033","140","192.168.10.22","8081","10.0.0.2","46884","88","754777","38"
,"53.313554000","52.063534000","10034","140","192.168.10.22","8081","10.0.0.2","46884","88","754865","38"
,"53.313568000","52.063548000","10035","140","192.168.10.22","8081","10.0.0.2","46884","88","754953","38"
,"53.374767000","52.124747000","10036","52","10.0.0.2","46884","192.168.10.22","8081","0","38","750465"
,"53.375823000","52.125803000","10037","140","192.168.10.22","8081","10.0.0.2","46884","88","755041","38"
,"53.375864000","52.125844000","10038","140","192.168.10.22","8081","10.0.0.2","46884","88","755129","38"
,"53.375972000","52.125952000","10039","140","192.168.10.22","8081","10.0.0.2","46884","88","755217","38"
,"53.375989000","52.125969000","10040","140","192.168.10.22","8081","10.0.0.2","46884","88","755305","38"
,"53.376038000","52.126018000","10041","140","192.168.10.22","8081","10.0.0.2","46884","88","755393","38"
,"53.376058000","52.126038000","10042","140","192.168.10.22","8081","10.0.0.2","46884","88","755481","38"
,"53.376103000","52.126083000","10043","140","192.168.10.22","8081","10.0.0.2","46884","88","755569","38"
,"53.376118000","52.126098000","10044","140","192.168.10.22","8081","10.0.0.2","46884","88","755657","38"
,"53.376163000","52.126143000","10045","140","192.168.10.22","8081","10.0.0.2","46884","88","755745","38"
,"53.376175000","52.126155000","10046","140","192.168.10.22","8081","10.0.0.2","46884","88","755833","38"
,"53.437483000","52.187463000","10047","52","10.0.0.2","46884","192.168.10.22","8081","0","38","751169"
,"53.437511000","52.187491000","10048","52","10.0.0.2","46884","192.168.10.22","8081","0","38","751433"
,"53.438518000","52.188498000","10049","140","192.168.10.22","8081","10.0.0.2","46884","88","755921","38"
,"53.438561000","52.188541000","10050","140","192.168.10.22","8081","10.0.0.2","46884","88","756009","38"
,"53.438626000","52.188606000","10051","140","192.168.10.22","8081","10.0.0.2","46884","88","756097","38"
,"53.438642000","52.188622000","10052","140","192.168.10.22","8081","10.0.0.2","46884","88","756185","38"
,"53.438696000","52.188676000","10053","140","192.168.10.22","8081","10.0.0.2","46884","88","756273","38"
,"53.438709000","52.188689000","10054","140","192.168.10.22","8081","10.0.0.2","46884","88","756361","38"
,"53.438755000","52.188735000","10055","140","192.168.10.22","8081","10.0.0.2","46884","88","756449","38"
,"53.438766000","52.188746000","10056","140","192.168.10.22","8081","10.0.0.2","46884","88","756537","38"
,"53.438810000","52.188790000","10057","140","192.168.10.22","8081","10.0.0.2","46884","88","756625","38"
,"53.438824000","52.188804000","10058","140","192.168.10.22","8081","10.0.0.2","46884","88","756713","38"
,"53.499675000","52.249655000","10059","52","10.0.0.2","46884","192.168.10.22","8081","0","38","752225"
,"53.499700000","52.249680000","10060","52","10.0.0.2","46884","192.168.10.22","8081","0","38","752313"
,"53.500685000","52.250665000","10061","140","192.168.10.22","8081","10.0.0.2","46884","88","756801","38"
,"53.500729000","52.250709000","10062","140","192.168.10.22","8081","10.0.0.2","46884","88","756889","38"
,"53.500790000","52.250770000","10063","140","192.168.10.22","8081","10.0.0.2","46884","88","756977","38"
,"53.500806000","52.250786000","10064","140","192.168.10.22","8081","10.0.0.2","46884","88","757065","38"
,"53.500860000","52.250840000","10065","140","192.168.10.22","8081","10.0.0.2","46884","88","757153","38"
,"53.500898000","52.250878000","10066","140","192.168.10.22","8081","10.0.0.2","46884","88","757241","38"
,"53.500957000","52.250937000","10067","140","192.168.10.22","8081","10.0.0.2","46884","88","757329","38"
,"53.500970000","52.250950000","10068","140","192.168.10.22","8081","10.0.0.2","46884","88","757417","38"
,"53.501016000","52.250996000","10069","140","192.168.10.22","8081","10.0.0.2","46884","88","757505","38"
,"53.501030000","52.251010000","10070","140","192.168.10.22","8081","10.0.0.2","46884","88","757593","38"
,"53.562963000","52.312943000","10071","52","10.0.0.2","46884","192.168.10.22","8081","0","38","753281"
,"53.563991000","52.313971000","10072","140","192.168.10.22","8081","10.0.0.2","46884","88","757681","38"
,"53.564034000","52.314014000","10073","140","192.168.10.22","8081","10.0.0.2","46884","88","757769","38"
,"53.564095000","52.314075000","10074","140","192.168.10.22","8081","10.0.0.2","46884","88","757857","38"
,"53.564112000","52.314092000","10075","140","192.168.10.22","8081","10.0.0.2","46884","88","757945","38"
,"53.564161000","52.314141000","10076","140","192.168.10.22","8081","10.0.0.2","46884","88","758033","38"
,"53.564174000","52.314154000","10077","140","192.168.10.22","8081","10.0.0.2","46884","88","758121","38"
,"53.564218000","52.314198000","10078","140","192.168.10.22","8081","10.0.0.2","46884","88","758209","38"
,"53.564229000","52.314209000","10079","140","192.168.10.22","8081","10.0.0.2","46884","88","758297","38"
,"53.564274000","52.314254000","10080","140","192.168.10.22","8081","10.0.0.2","46884","88","758385","38"
,"53.564295000","52.314275000","10081","140","192.168.10.22","8081","10.0.0.2","46884","88","758473","38"
,"53.564340000","52.314320000","10082","140","192.168.10.22","8081","10.0.0.2","46884","88","758561","38"
,"53.564354000","52.314334000","10083","140","192.168.10.22","8081","10.0.0.2","46884","88","758649","38"
,"53.624407000","52.374387000","10084","52","10.0.0.2","46884","192.168.10.22","8081","0","38","754161"
,"53.625337000","52.375317000","10085","140","192.168.10.22","8081","10.0.0.2","46884","88","758737","38"
,"53.625379000","52.375359000","10086","140","192.168.10.22","8081","10.0.0.2","46884","88","758825","38"
,"53.625447000","52.375427000","10087","140","192.168.10.22","8081","10.0.0.2","46884","88","758913","38"
,"53.625463000","52.375443000","10088","140","192.168.10.22","8081","10.0.0.2","46884","88","759001","38"
,"53.625514000","52.375494000","10089","140","192.168.10.22","8081","10.0.0.2","46884","88","759089","38"
,"53.625526000","52.375506000","10090","140","192.168.10.22","8081","10.0.0.2","46884","88","759177","38"
,"53.625571000","52.375551000","10091","140","192.168.10.22","8081","10.0.0.2","46884","88","759265","38"
,"53.625582000","52.375562000","10092","140","192.168.10.22","8081","10.0.0.2","46884","88","759353","38"
,"53.625626000","52.375606000","10093","140","192.168.10.22","8081","10.0.0.2","46884","88","759441","38"
,"53.625640000","52.375620000","10094","140","192.168.10.22","8081","10.0.0.2","46884","88","759529","38"
,"53.687977000","52.437957000","10095","52","10.0.0.2","46884","192.168.10.22","8081","0","38","754953"
,"53.688004000","52.437984000","10096","52","10.0.0.2","46884","192.168.10.22","8081","0","38","755041"
,"53.688018000","52.437998000","10097","52","10.0.0.2","46884","192.168.10.22","8081","0","38","755129"
,"53.689029000","52.439009000","10098","140","192.168.10.22","8081","10.0.0.2","46884","88","759617","38"
,"53.689071000","52.439051000","10099","140","192.168.10.22","8081","10.0.0.2","46884","88","759705","38"
,"53.689133000","52.439113000","10100","140","192.168.10.22","8081","10.0.0.2","46884","88","759793","38"
,"53.689149000","52.439129000","10101","140","192.168.10.22","8081","10.0.0.2","46884","88","759881","38"
,"53.689206000","52.439186000","10102","140","192.168.10.22","8081","10.0.0.2","46884","88","759969","38"
,"53.689219000","52.439199000","10103","140","192.168.10.22","8081","10.0.0.2","46884","88","760057","38"
,"53.689264000","52.439244000","10104","140","192.168.10.22","8081","10.0.0.2","46884","88","760145","38"
,"53.689276000","52.439256000","10105","140","192.168.10.22","8081","10.0.0.2","46884","88","760233","38"
,"53.689320000","52.439300000","10106","140","192.168.10.22","8081","10.0.0.2","46884","88","760321","38"
,"53.689333000","52.439313000","10107","140","192.168.10.22","8081","10.0.0.2","46884","88","760409","38"
,"53.749252000","52.499232000","10108","52","10.0.0.2","46884","192.168.10.22","8081","0","38","755569"
,"53.749280000","52.499260000","10109","52","10.0.0.2","46884","192.168.10.22","8081","0","38","756009"
,"53.750159000","52.500139000","10110","140","192.168.10.22","8081","10.0.0.2","46884","88","760497","38"
,"53.750195000","52.500175000","10111","140","192.168.10.22","8081","10.0.0.2","46884","88","760585","38"
,"53.750248000","52.500228000","10112","140","192.168.10.22","8081","10.0.0.2","46884","88","760673","38"
,"53.750260000","52.500240000","10113","140","192.168.10.22","8081","10.0.0.2","46884","88","760761","38"
,"53.750305000","52.500285000","10114","140","192.168.10.22","8081","10.0.0.2","46884","88","760849","38"
,"53.750317000","52.500297000","10115","140","192.168.10.22","8081","10.0.0.2","46884","88","760937","38"
,"53.750362000","52.500342000","10116","140","192.168.10.22","8081","10.0.0.2","46884","88","761025","38"
,"53.750373000","52.500353000","10117","140","192.168.10.22","8081","10.0.0.2","46884","88","761113","38"
,"53.750418000","52.500398000","10118","140","192.168.10.22","8081","10.0.0.2","46884","88","761201","38"
,"53.750431000","52.500411000","10119","140","192.168.10.22","8081","10.0.0.2","46884","88","761289","38"
,"53.812312000","52.562292000","10120","52","10.0.0.2","46884","192.168.10.22","8081","0","38","756801"
,"53.812320000","52.562300000","10121","52","10.0.0.2","46884","192.168.10.22","8081","0","38","756977"
,"53.813155000","52.563135000","10122","140","192.168.10.22","8081","10.0.0.2","46884","88","761377","38"
,"53.813191000","52.563171000","10123","140","192.168.10.22","8081","10.0.0.2","46884","88","761465","38"
,"53.813240000","52.563220000","10124","140","192.168.10.22","8081","10.0.0.2","46884","88","761553","38"
,"53.813253000","52.563233000","10125","140","192.168.10.22","8081","10.0.0.2","46884","88","761641","38"
,"53.813299000","52.563279000","10126","140","192.168.10.22","8081","10.0.0.2","46884","88","761729","38"
,"53.813311000","52.563291000","10127","140","192.168.10.22","8081","10.0.0.2","46884","88","761817","38"
,"53.813356000","52.563336000","10128","140","192.168.10.22","8081","10.0.0.2","46884","88","761905","38"
,"53.813367000","52.563347000","10129","140","192.168.10.22","8081","10.0.0.2","46884","88","761993","38"
,"53.813411000","52.563391000","10130","140","192.168.10.22","8081","10.0.0.2","46884","88","762081","38"
,"53.813425000","52.563405000","10131","140","192.168.10.22","8081","10.0.0.2","46884","88","762169","38"
,"53.813470000","52.563450000","10132","140","192.168.10.22","8081","10.0.0.2","46884","88","762257","38"
,"53.813481000","52.563461000","10133","140","192.168.10.22","8081","10.0.0.2","46884","88","762345","38"
,"53.874228000","52.624208000","10134","52","10.0.0.2","46884","192.168.10.22","8081","0","38","757505"
,"53.874254000","52.624234000","10135","52","10.0.0.2","46884","192.168.10.22","8081","0","38","757857"
,"53.875136000","52.625116000","10136","140","192.168.10.22","8081","10.0.0.2","46884","88","762433","38"
,"53.875174000","52.625154000","10137","140","192.168.10.22","8081","10.0.0.2","46884","88","762521","38"
,"53.875223000","52.625203000","10138","140","192.168.10.22","8081","10.0.0.2","46884","88","762609","38"
,"53.875236000","52.625216000","10139","140","192.168.10.22","8081","10.0.0.2","46884","88","762697","38"
,"53.875282000","52.625262000","10140","140","192.168.10.22","8081","10.0.0.2","46884","88","762785","38"
,"53.875293000","52.625273000","10141","140","192.168.10.22","8081","10.0.0.2","46884","88","762873","38"
,"53.875337000","52.625317000","10142","140","192.168.10.22","8081","10.0.0.2","46884","88","762961","38"
,"53.875349000","52.625329000","10143","140","192.168.10.22","8081","10.0.0.2","46884","88","763049","38"
,"53.875394000","52.625374000","10144","140","192.168.10.22","8081","10.0.0.2","46884","88","763137","38"
,"53.875408000","52.625388000","10145","140","192.168.10.22","8081","10.0.0.2","46884","88","763225","38"
,"53.937364000","52.687344000","10146","52","10.0.0.2","46884","192.168.10.22","8081","0","38","758649"
,"53.937391000","52.687371000","10147","52","10.0.0.2","46884","192.168.10.22","8081","0","38","758737"
,"53.938287000","52.688267000","10148","140","192.168.10.22","8081","10.0.0.2","46884","88","763313","38"
,"53.938324000","52.688304000","10149","140","192.168.10.22","8081","10.0.0.2","46884","88","763401","38"
,"53.938379000","52.688359000","10150","140","192.168.10.22","8081","10.0.0.2","46884","88","763489","38"
,"53.938392000","52.688372000","10151","140","192.168.10.22","8081","10.0.0.2","46884","88","763577","38"
,"53.938438000","52.688418000","10152","140","192.168.10.22","8081","10.0.0.2","46884","88","763665","38"
,"53.938451000","52.688431000","10153","140","192.168.10.22","8081","10.0.0.2","46884","88","763753","38"
,"53.938498000","52.688478000","10154","140","192.168.10.22","8081","10.0.0.2","46884","88","763841","38"
,"53.938511000","52.688491000","10155","140","192.168.10.22","8081","10.0.0.2","46884","88","763929","38"
,"53.938555000","52.688535000","10156","140","192.168.10.22","8081","10.0.0.2","46884","88","764017","38"
,"53.938568000","52.688548000","10157","140","192.168.10.22","8081","10.0.0.2","46884","88","764105","38"
,"53.999765000","52.749745000","10158","52","10.0.0.2","46884","192.168.10.22","8081","0","38","759441"
,"53.999795000","52.749775000","10159","52","10.0.0.2","46884","192.168.10.22","8081","0","38","759705"
,"54.000848000","52.750828000","10160","140","192.168.10.22","8081","10.0.0.2","46884","88","764193","38"
,"54.000932000","52.750912000","10161","140","192.168.10.22","8081","10.0.0.2","46884","88","764281","38"
,"54.001003000","52.750983000","10162","140","192.168.10.22","8081","10.0.0.2","46884","88","764369","38"
,"54.001020000","52.751000000","10163","140","192.168.10.22","8081","10.0.0.2","46884","88","764457","38"
,"54.001067000","52.751047000","10164","140","192.168.10.22","8081","10.0.0.2","46884","88","764545","38"
,"54.001079000","52.751059000","10165","140","192.168.10.22","8081","10.0.0.2","46884","88","764633","38"
,"54.001124000","52.751104000","10166","140","192.168.10.22","8081","10.0.0.2","46884","88","764721","38"
,"54.001138000","52.751118000","10167","140","192.168.10.22","8081","10.0.0.2","46884","88","764809","38"
,"54.001184000","52.751164000","10168","140","192.168.10.22","8081","10.0.0.2","46884","88","764897","38"
,"54.001198000","52.751178000","10169","140","192.168.10.22","8081","10.0.0.2","46884","88","764985","38"
,"54.062158000","52.812138000","10170","52","10.0.0.2","46884","192.168.10.22","8081","0","38","759881"
,"54.062186000","52.812166000","10171","52","10.0.0.2","46884","192.168.10.22","8081","0","38","760585"
,"54.063095000","52.813075000","10172","140","192.168.10.22","8081","10.0.0.2","46884","88","765073","38"
,"54.063136000","52.813116000","10173","140","192.168.10.22","8081","10.0.0.2","46884","88","765161","38"
,"54.063203000","52.813183000","10174","140","192.168.10.22","8081","10.0.0.2","46884","88","765249","38"
,"54.063220000","52.813200000","10175","140","192.168.10.22","8081","10.0.0.2","46884","88","765337","38"
,"54.063276000","52.813256000","10176","140","192.168.10.22","8081","10.0.0.2","46884","88","765425","38"
,"54.063291000","52.813271000","10177","140","192.168.10.22","8081","10.0.0.2","46884","88","765513","38"
,"54.063337000","52.813317000","10178","140","192.168.10.22","8081","10.0.0.2","46884","88","765601","38"
,"54.063356000","52.813336000","10179","140","192.168.10.22","8081","10.0.0.2","46884","88","765689","38"
,"54.063401000","52.813381000","10180","140","192.168.10.22","8081","10.0.0.2","46884","88","765777","38"
,"54.063414000","52.813394000","10181","140","192.168.10.22","8081","10.0.0.2","46884","88","765865","38"
,"54.124297000","52.874277000","10182","52","10.0.0.2","46884","192.168.10.22","8081","0","38","761377"
,"54.124306000","52.874286000","10183","52","10.0.0.2","46884","192.168.10.22","8081","0","38","761553"
,"54.125193000","52.875173000","10184","140","192.168.10.22","8081","10.0.0.2","46884","88","765953","38"
,"54.125229000","52.875209000","10185","140","192.168.10.22","8081","10.0.0.2","46884","88","766041","38"
,"54.125281000","52.875261000","10186","140","192.168.10.22","8081","10.0.0.2","46884","88","766129","38"
,"54.125293000","52.875273000","10187","140","192.168.10.22","8081","10.0.0.2","46884","88","766217","38"
,"54.125338000","52.875318000","10188","140","192.168.10.22","8081","10.0.0.2","46884","88","766305","38"
,"54.125349000","52.875329000","10189","140","192.168.10.22","8081","10.0.0.2","46884","88","766393","38"
,"54.125393000","52.875373000","10190","140","192.168.10.22","8081","10.0.0.2","46884","88","766481","38"
,"54.125405000","52.875385000","10191","140","192.168.10.22","8081","10.0.0.2","46884","88","766569","38"
,"54.125449000","52.875429000","10192","140","192.168.10.22","8081","10.0.0.2","46884","88","766657","38"
,"54.125463000","52.875443000","10193","140","192.168.10.22","8081","10.0.0.2","46884","88","766745","38"
,"54.125507000","52.875487000","10194","140","192.168.10.22","8081","10.0.0.2","46884","88","766833","38"
,"54.125521000","52.875501000","10195","140","192.168.10.22","8081","10.0.0.2","46884","88","766921","38"
,"54.187869000","52.937849000","10196","52","10.0.0.2","46884","192.168.10.22","8081","0","38","761905"
,"54.187921000","52.937901000","10197","52","10.0.0.2","46884","192.168.10.22","8081","0","38","762433"
,"54.188866000","52.938846000","10198","140","192.168.10.22","8081","10.0.0.2","46884","88","767009","38"
,"54.188949000","52.938929000","10199","140","192.168.10.22","8081","10.0.0.2","46884","88","767097","38"
,"54.189017000","52.938997000","10200","140","192.168.10.22","8081","10.0.0.2","46884","88","767185","38"
,"54.189032000","52.939012000","10201","140","192.168.10.22","8081","10.0.0.2","46884","88","767273","38"
,"54.189078000","52.939058000","10202","140","192.168.10.22","8081","10.0.0.2","46884","88","767361","38"
,"54.189090000","52.939070000","10203","140","192.168.10.22","8081","10.0.0.2","46884","88","767449","38"
,"54.189136000","52.939116000","10204","140","192.168.10.22","8081","10.0.0.2","46884","88","767537","38"
,"54.189155000","52.939135000","10205","140","192.168.10.22","8081","10.0.0.2","46884","88","767625","38"
,"54.189200000","52.939180000","10206","140","192.168.10.22","8081","10.0.0.2","46884","88","767713","38"
,"54.189213000","52.939193000","10207","140","192.168.10.22","8081","10.0.0.2","46884","88","767801","38"
,"54.249980000","52.999960000","10208","52","10.0.0.2","46884","192.168.10.22","8081","0","38","763137"
,"54.250003000","52.999983000","10209","52","10.0.0.2","46884","192.168.10.22","8081","0","38","763401"
,"54.251003000","53.000983000","10210","140","192.168.10.22","8081","10.0.0.2","46884","88","767889","38"
,"54.251046000","53.001026000","10211","140","192.168.10.22","8081","10.0.0.2","46884","88","767977","38"
,"54.251112000","53.001092000","10212","140","192.168.10.22","8081","10.0.0.2","46884","88","768065","38"
,"54.251129000","53.001109000","10213","140","192.168.10.22","8081","10.0.0.2","46884","88","768153","38"
,"54.251176000","53.001156000","10214","140","192.168.10.22","8081","10.0.0.2","46884","88","768241","38"
,"54.251188000","53.001168000","10215","140","192.168.10.22","8081","10.0.0.2","46884","88","768329","38"
,"54.251233000","53.001213000","10216","140","192.168.10.22","8081","10.0.0.2","46884","88","768417","38"
,"54.251244000","53.001224000","10217","140","192.168.10.22","8081","10.0.0.2","46884","88","768505","38"
,"54.251288000","53.001268000","10218","140","192.168.10.22","8081","10.0.0.2","46884","88","768593","38"
,"54.251302000","53.001282000","10219","140","192.168.10.22","8081","10.0.0.2","46884","88","768681","38"
,"54.312122000","53.062102000","10220","52","10.0.0.2","46884","192.168.10.22","8081","0","38","764281"
,"54.312984000","53.062964000","10221","140","192.168.10.22","8081","10.0.0.2","46884","88","768769","38"
,"54.313022000","53.063002000","10222","140","192.168.10.22","8081","10.0.0.2","46884","88","768857","38"
,"54.313073000","53.063053000","10223","140","192.168.10.22","8081","10.0.0.2","46884","88","768945","38"
,"54.313085000","53.063065000","10224","140","192.168.10.22","8081","10.0.0.2","46884","88","769033","38"
,"54.313131000","53.063111000","10225","140","192.168.10.22","8081","10.0.0.2","46884","88","769121","38"
,"54.313143000","53.063123000","10226","140","192.168.10.22","8081","10.0.0.2","46884","88","769209","38"
,"54.313188000","53.063168000","10227","140","192.168.10.22","8081","10.0.0.2","46884","88","769297","38"
,"54.313199000","53.063179000","10228","140","192.168.10.22","8081","10.0.0.2","46884","88","769385","38"
,"54.313243000","53.063223000","10229","140","192.168.10.22","8081","10.0.0.2","46884","88","769473","38"
,"54.313257000","53.063237000","10230","140","192.168.10.22","8081","10.0.0.2","46884","88","769561","38"
,"54.374962000","53.124942000","10231","52","10.0.0.2","46884","192.168.10.22","8081","0","38","764545"
,"54.374985000","53.124965000","10232","52","10.0.0.2","46884","192.168.10.22","8081","0","38","765249"
,"54.375993000","53.125973000","10233","140","192.168.10.22","8081","10.0.0.2","46884","88","769649","38"
,"54.376036000","53.126016000","10234","140","192.168.10.22","8081","10.0.0.2","46884","88","769737","38"
,"54.376101000","53.126081000","10235","140","192.168.10.22","8081","10.0.0.2","46884","88","769825","38"
,"54.376118000","53.126098000","10236","140","192.168.10.22","8081","10.0.0.2","46884","88","769913","38"
,"54.376165000","53.126145000","10237","140","192.168.10.22","8081","10.0.0.2","46884","88","770001","38"
,"54.376176000","53.126156000","10238","140","192.168.10.22","8081","10.0.0.2","46884","88","770089","38"
,"54.376221000","53.126201000","10239","140","192.168.10.22","8081","10.0.0.2","46884","88","770177","38"
,"54.376234000","53.126214000","10240","140","192.168.10.22","8081","10.0.0.2","46884","88","770265","38"
,"54.376278000","53.126258000","10241","140","192.168.10.22","8081","10.0.0.2","46884","88","770353","38"
,"54.376292000","53.126272000","10242","140","192.168.10.22","8081","10.0.0.2","46884","88","770441","38"
,"54.376337000","53.126317000","10243","140","192.168.10.22","8081","10.0.0.2","46884","88","770529","38"
,"54.376348000","53.126328000","10244","140","192.168.10.22","8081","10.0.0.2","46884","88","770617","38"
,"54.437118000","53.187098000","10245","52","10.0.0.2","46884","192.168.10.22","8081","0","38","766129"
,"54.438044000","53.188024000","10246","140","192.168.10.22","8081","10.0.0.2","46884","88","770705","38"
,"54.438084000","53.188064000","10247","140","192.168.10.22","8081","10.0.0.2","46884","88","770793","38"
,"54.438136000","53.188116000","10248","140","192.168.10.22","8081","10.0.0.2","46884","88","770881","38"
,"54.438148000","53.188128000","10249","140","192.168.10.22","8081","10.0.0.2","46884","88","770969","38"
,"54.438193000","53.188173000","10250","140","192.168.10.22","8081","10.0.0.2","46884","88","771057","38"
,"54.438204000","53.188184000","10251","140","192.168.10.22","8081","10.0.0.2","46884","88","771145","38"
,"54.438248000","53.188228000","10252","140","192.168.10.22","8081","10.0.0.2","46884","88","771233","38"
,"54.438260000","53.188240000","10253","140","192.168.10.22","8081","10.0.0.2","46884","88","771321","38"
,"54.438305000","53.188285000","10254","140","192.168.10.22","8081","10.0.0.2","46884","88","771409","38"
,"54.438318000","53.188298000","10255","140","192.168.10.22","8081","10.0.0.2","46884","88","771497","38"
,"54.499219000","53.249199000","10256","52","10.0.0.2","46884","192.168.10.22","8081","0","38","766921"
,"54.499246000","53.249226000","10257","52","10.0.0.2","46884","192.168.10.22","8081","0","38","767009"
,"54.500142000","53.250122000","10258","140","192.168.10.22","8081","10.0.0.2","46884","88","771585","38"
,"54.500180000","53.250160000","10259","140","192.168.10.22","8081","10.0.0.2","46884","88","771673","38"
,"54.500230000","53.250210000","10260","140","192.168.10.22","8081","10.0.0.2","46884","88","771761","38"
,"54.500243000","53.250223000","10261","140","192.168.10.22","8081","10.0.0.2","46884","88","771849","38"
,"54.500288000","53.250268000","10262","140","192.168.10.22","8081","10.0.0.2","46884","88","771937","38"
,"54.500300000","53.250280000","10263","140","192.168.10.22","8081","10.0.0.2","46884","88","772025","38"
,"54.500343000","53.250323000","10264","140","192.168.10.22","8081","10.0.0.2","46884","88","772113","38"
,"54.500355000","53.250335000","10265","140","192.168.10.22","8081","10.0.0.2","46884","88","772201","38"
,"54.500400000","53.250380000","10266","140","192.168.10.22","8081","10.0.0.2","46884","88","772289","38"
,"54.500414000","53.250394000","10267","140","192.168.10.22","8081","10.0.0.2","46884","88","772377","38"
,"54.562986000","53.312966000","10268","52","10.0.0.2","46884","192.168.10.22","8081","0","38","767801"
,"54.563013000","53.312993000","10269","52","10.0.0.2","46884","192.168.10.22","8081","0","38","767977"
,"54.564009000","53.313989000","10270","140","192.168.10.22","8081","10.0.0.2","46884","88","772465","38"
,"54.564051000","53.314031000","10271","140","192.168.10.22","8081","10.0.0.2","46884","88","772553","38"
,"54.564116000","53.314096000","10272","140","192.168.10.22","8081","10.0.0.2","46884","88","772641","38"
,"54.564134000","53.314114000","10273","140","192.168.10.22","8081","10.0.0.2","46884","88","772729","38"
,"54.564182000","53.314162000","10274","140","192.168.10.22","8081","10.0.0.2","46884","88","772817","38"
,"54.564194000","53.314174000","10275","140","192.168.10.22","8081","10.0.0.2","46884","88","772905","38"
,"54.564240000","53.314220000","10276","140","192.168.10.22","8081","10.0.0.2","46884","88","772993","38"
,"54.564251000","53.314231000","10277","140","192.168.10.22","8081","10.0.0.2","46884","88","773081","38"
,"54.564295000","53.314275000","10278","140","192.168.10.22","8081","10.0.0.2","46884","88","773169","38"
,"54.564310000","53.314290000","10279","140","192.168.10.22","8081","10.0.0.2","46884","88","773257","38"
,"54.624111000","53.374091000","10280","52","10.0.0.2","46884","192.168.10.22","8081","0","38","768593"
,"54.624120000","53.374100000","10281","52","10.0.0.2","46884","192.168.10.22","8081","0","38","768857"
,"54.625003000","53.374983000","10282","140","192.168.10.22","8081","10.0.0.2","46884","88","773345","38"
,"54.625040000","53.375020000","10283","140","192.168.10.22","8081","10.0.0.2","46884","88","773433","38"
,"54.625090000","53.375070000","10284","140","192.168.10.22","8081","10.0.0.2","46884","88","773521","38"
,"54.625102000","53.375082000","10285","140","192.168.10.22","8081","10.0.0.2","46884","88","773609","38"
,"54.625147000","53.375127000","10286","140","192.168.10.22","8081","10.0.0.2","46884","88","773697","38"
,"54.625159000","53.375139000","10287","140","192.168.10.22","8081","10.0.0.2","46884","88","773785","38"
,"54.625203000","53.375183000","10288","140","192.168.10.22","8081","10.0.0.2","46884","88","773873","38"
,"54.625215000","53.375195000","10289","140","192.168.10.22","8081","10.0.0.2","46884","88","773961","38"
,"54.625258000","53.375238000","10290","140","192.168.10.22","8081","10.0.0.2","46884","88","774049","38"
,"54.625272000","53.375252000","10291","140","192.168.10.22","8081","10.0.0.2","46884","88","774137","38"
,"54.687327000","53.437307000","10292","52","10.0.0.2","46884","192.168.10.22","8081","0","38","769121"
,"54.687354000","53.437334000","10293","52","10.0.0.2","46884","192.168.10.22","8081","0","38","769825"
,"54.688357000","53.438337000","10294","140","192.168.10.22","8081","10.0.0.2","46884","88","774225","38"
,"54.688399000","53.438379000","10295","140","192.168.10.22","8081","10.0.0.2","46884","88","774313","38"
,"54.688465000","53.438445000","10296","140","192.168.10.22","8081","10.0.0.2","46884","88","774401","38"
,"54.688482000","53.438462000","10297","140","192.168.10.22","8081","10.0.0.2","46884","88","774489","38"
,"54.688534000","53.438514000","10298","140","192.168.10.22","8081","10.0.0.2","46884","88","774577","38"
,"54.688547000","53.438527000","10299","140","192.168.10.22","8081","10.0.0.2","46884","88","774665","38"
,"54.688591000","53.438571000","10300","140","192.168.10.22","8081","10.0.0.2","46884","88","774753","38"
,"54.688603000","53.438583000","10301","140","192.168.10.22","8081","10.0.0.2","46884","88","774841","38"
,"54.688646000","53.438626000","10302","140","192.168.10.22","8081","10.0.0.2","46884","88","774929","38"
,"54.688660000","53.438640000","10303","140","192.168.10.22","8081","10.0.0.2","46884","88","775017","38"
,"54.688706000","53.438686000","10304","140","192.168.10.22","8081","10.0.0.2","46884","88","775105","38"
,"54.688720000","53.438700000","10305","140","192.168.10.22","8081","10.0.0.2","46884","88","775193","38"
,"54.749188000","53.499168000","10306","52","10.0.0.2","46884","192.168.10.22","8081","0","38","770529"
,"54.749215000","53.499195000","10307","52","10.0.0.2","46884","192.168.10.22","8081","0","38","770705"
,"54.750166000","53.500146000","10308","140","192.168.10.22","8081","10.0.0.2","46884","88","775281","38"
,"54.750206000","53.500186000","10309","140","192.168.10.22","8081","10.0.0.2","46884","88","775369","38"
,"54.750260000","53.500240000","10310","140","192.168.10.22","8081","10.0.0.2","46884","88","775457","38"
,"54.750272000","53.500252000","10311","140","192.168.10.22","8081","10.0.0.2","46884","88","775545","38"
,"54.750318000","53.500298000","10312","140","192.168.10.22","8081","10.0.0.2","46884","88","775633","38"
,"54.750329000","53.500309000","10313","140","192.168.10.22","8081","10.0.0.2","46884","88","775721","38"
,"54.750374000","53.500354000","10314","140","192.168.10.22","8081","10.0.0.2","46884","88","775809","38"
,"54.750387000","53.500367000","10315","140","192.168.10.22","8081","10.0.0.2","46884","88","775897","38"
,"54.750432000","53.500412000","10316","140","192.168.10.22","8081","10.0.0.2","46884","88","775985","38"
,"54.750444000","53.500424000","10317","140","192.168.10.22","8081","10.0.0.2","46884","88","776073","38"
,"54.812644000","53.562624000","10318","52","10.0.0.2","46884","192.168.10.22","8081","0","38","771497"
,"54.812652000","53.562632000","10319","52","10.0.0.2","46884","192.168.10.22","8081","0","38","771673"
,"54.813618000","53.563598000","10320","140","192.168.10.22","8081","10.0.0.2","46884","88","776161","38"
,"54.813660000","53.563640000","10321","140","192.168.10.22","8081","10.0.0.2","46884","88","776249","38"
,"54.813725000","53.563705000","10322","140","192.168.10.22","8081","10.0.0.2","46884","88","776337","38"
,"54.813742000","53.563722000","10323","140","192.168.10.22","8081","10.0.0.2","46884","88","776425","38"
,"54.813797000","53.563777000","10324","140","192.168.10.22","8081","10.0.0.2","46884","88","776513","38"
,"54.813811000","53.563791000","10325","140","192.168.10.22","8081","10.0.0.2","46884","88","776601","38"
,"54.813857000","53.563837000","10326","140","192.168.10.22","8081","10.0.0.2","46884","88","776689","38"
,"54.813869000","53.563849000","10327","140","192.168.10.22","8081","10.0.0.2","46884","88","776777","38"
,"54.813947000","53.563927000","10328","140","192.168.10.22","8081","10.0.0.2","46884","88","776865","38"
,"54.813963000","53.563943000","10329","140","192.168.10.22","8081","10.0.0.2","46884","88","776953","38"
,"54.874961000","53.624941000","10330","52","10.0.0.2","46884","192.168.10.22","8081","0","38","772465"
,"54.874989000","53.624969000","10331","52","10.0.0.2","46884","192.168.10.22","8081","0","38","772553"
,"54.876011000","53.625991000","10332","140","192.168.10.22","8081","10.0.0.2","46884","88","777041","38"
,"54.876055000","53.626035000","10333","140","192.168.10.22","8081","10.0.0.2","46884","88","777129","38"
,"54.876116000","53.626096000","10334","140","192.168.10.22","8081","10.0.0.2","46884","88","777217","38"
,"54.876132000","53.626112000","10335","140","192.168.10.22","8081","10.0.0.2","46884","88","777305","38"
,"54.876181000","53.626161000","10336","140","192.168.10.22","8081","10.0.0.2","46884","88","777393","38"
,"54.876194000","53.626174000","10337","140","192.168.10.22","8081","10.0.0.2","46884","88","777481","38"
,"54.876239000","53.626219000","10338","140","192.168.10.22","8081","10.0.0.2","46884","88","777569","38"
,"54.876250000","53.626230000","10339","140","192.168.10.22","8081","10.0.0.2","46884","88","777657","38"
,"54.876294000","53.626274000","10340","140","192.168.10.22","8081","10.0.0.2","46884","88","777745","38"
,"54.876314000","53.626294000","10341","140","192.168.10.22","8081","10.0.0.2","46884","88","777833","38"
,"54.937436000","53.687416000","10342","52","10.0.0.2","46884","192.168.10.22","8081","0","38","773345"
,"54.937466000","53.687446000","10343","52","10.0.0.2","46884","192.168.10.22","8081","0","38","773521"
,"54.938444000","53.688424000","10344","140","192.168.10.22","8081","10.0.0.2","46884","88","777921","38"
,"54.938486000","53.688466000","10345","140","192.168.10.22","8081","10.0.0.2","46884","88","778009","38"
,"54.938550000","53.688530000","10346","140","192.168.10.22","8081","10.0.0.2","46884","88","778097","38"
,"54.938566000","53.688546000","10347","140","192.168.10.22","8081","10.0.0.2","46884","88","778185","38"
,"54.938617000","53.688597000","10348","140","192.168.10.22","8081","10.0.0.2","46884","88","778273","38"
,"54.938630000","53.688610000","10349","140","192.168.10.22","8081","10.0.0.2","46884","88","778361","38"
,"54.938674000","53.688654000","10350","140","192.168.10.22","8081","10.0.0.2","46884","88","778449","38"
,"54.938686000","53.688666000","10351","140","192.168.10.22","8081","10.0.0.2","46884","88","778537","38"
,"54.938731000","53.688711000","10352","140","192.168.10.22","8081","10.0.0.2","46884","88","778625","38"
,"54.938745000","53.688725000","10353","140","192.168.10.22","8081","10.0.0.2","46884","88","778713","38"
,"54.938789000","53.688769000","10354","140","192.168.10.22","8081","10.0.0.2","46884","88","778801","38"
,"54.938802000","53.688782000","10355","140","192.168.10.22","8081","10.0.0.2","46884","88","778889","38"
,"54.999853000","53.749833000","10356","52","10.0.0.2","46884","192.168.10.22","8081","0","38","773697"
,"54.999904000","53.749884000","10357","52","10.0.0.2","46884","192.168.10.22","8081","0","38","774049"
,"54.999936000","53.749916000","10358","52","10.0.0.2","46884","192.168.10.22","8081","0","38","774401"
,"55.000867000","53.750847000","10359","140","192.168.10.22","8081","10.0.0.2","46884","88","778977","38"
,"55.000962000","53.750942000","10360","140","192.168.10.22","8081","10.0.0.2","46884","88","779065","38"
,"55.001033000","53.751013000","10361","140","192.168.10.22","8081","10.0.0.2","46884","88","779153","38"
,"55.001047000","53.751027000","10362","140","192.168.10.22","8081","10.0.0.2","46884","88","779241","38"
,"55.001093000","53.751073000","10363","140","192.168.10.22","8081","10.0.0.2","46884","88","779329","38"
,"55.001105000","53.751085000","10364","140","192.168.10.22","8081","10.0.0.2","46884","88","779417","38"
,"55.001149000","53.751129000","10365","140","192.168.10.22","8081","10.0.0.2","46884","88","779505","38"
,"55.001164000","53.751144000","10366","140","192.168.10.22","8081","10.0.0.2","46884","88","779593","38"
,"55.001208000","53.751188000","10367","140","192.168.10.22","8081","10.0.0.2","46884","88","779681","38"
,"55.001222000","53.751202000","10368","140","192.168.10.22","8081","10.0.0.2","46884","88","779769","38"
,"55.062901000","53.812881000","10369","52","10.0.0.2","46884","192.168.10.22","8081","0","38","774841"
,"55.062933000","53.812913000","10370","52","10.0.0.2","46884","192.168.10.22","8081","0","38","775281"
,"55.063923000","53.813903000","10371","140","192.168.10.22","8081","10.0.0.2","46884","88","779857","38"
,"55.063966000","53.813946000","10372","140","192.168.10.22","8081","10.0.0.2","46884","88","779945","38"
,"55.064032000","53.814012000","10373","140","192.168.10.22","8081","10.0.0.2","46884","88","780033","38"
,"55.064047000","53.814027000","10374","140","192.168.10.22","8081","10.0.0.2","46884","88","780121","38"
,"55.064094000","53.814074000","10375","140","192.168.10.22","8081","10.0.0.2","46884","88","780209","38"
,"55.064107000","53.814087000","10376","140","192.168.10.22","8081","10.0.0.2","46884","88","780297","38"
,"55.064152000","53.814132000","10377","140","192.168.10.22","8081","10.0.0.2","46884","88","780385","38"
,"55.064163000","53.814143000","10378","140","192.168.10.22","8081","10.0.0.2","46884","88","780473","38"
,"55.064207000","53.814187000","10379","140","192.168.10.22","8081","10.0.0.2","46884","88","780561","38"
,"55.064222000","53.814202000","10380","140","192.168.10.22","8081","10.0.0.2","46884","88","780649","38"
,"55.124539000","53.874519000","10381","52","10.0.0.2","46884","192.168.10.22","8081","0","38","776073"
,"55.124546000","53.874526000","10382","52","10.0.0.2","46884","192.168.10.22","8081","0","38","776249"
,"55.125504000","53.875484000","10383","140","192.168.10.22","8081","10.0.0.2","46884","88","780737","38"
,"55.125547000","53.875527000","10384","140","192.168.10.22","8081","10.0.0.2","46884","88","780825","38"
,"55.125613000","53.875593000","10385","140","192.168.10.22","8081","10.0.0.2","46884","88","780913","38"
,"55.125629000","53.875609000","10386","140","192.168.10.22","8081","10.0.0.2","46884","88","781001","38"
,"55.125684000","53.875664000","10387","140","192.168.10.22","8081","10.0.0.2","46884","88","781089","38"
,"55.125698000","53.875678000","10388","140","192.168.10.22","8081","10.0.0.2","46884","88","781177","38"
,"55.125742000","53.875722000","10389","140","192.168.10.22","8081","10.0.0.2","46884","88","781265","38"
,"55.125754000","53.875734000","10390","140","192.168.10.22","8081","10.0.0.2","46884","88","781353","38"
,"55.125798000","53.875778000","10391","140","192.168.10.22","8081","10.0.0.2","46884","88","781441","38"
,"55.125811000","53.875791000","10392","140","192.168.10.22","8081","10.0.0.2","46884","88","781529","38"
,"55.187116000","53.937096000","10393","52","10.0.0.2","46884","192.168.10.22","8081","0","38","776865"
,"55.187144000","53.937124000","10394","52","10.0.0.2","46884","192.168.10.22","8081","0","38","777129"
,"55.188123000","53.938103000","10395","140","192.168.10.22","8081","10.0.0.2","46884","88","781617","38"
,"55.188164000","53.938144000","10396","140","192.168.10.22","8081","10.0.0.2","46884","88","781705","38"
,"55.188229000","53.938209000","10397","140","192.168.10.22","8081","10.0.0.2","46884","88","781793","38"
,"55.188245000","53.938225000","10398","140","192.168.10.22","8081","10.0.0.2","46884","88","781881","38"
,"55.188299000","53.938279000","10399","140","192.168.10.22","8081","10.0.0.2","46884","88","781969","38"
,"55.188312000","53.938292000","10400","140","192.168.10.22","8081","10.0.0.2","46884","88","782057","38"
,"55.188356000","53.938336000","10401","140","192.168.10.22","8081","10.0.0.2","46884","88","782145","38"
,"55.188367000","53.938347000","10402","140","192.168.10.22","8081","10.0.0.2","46884","88","782233","38"
,"55.188411000","53.938391000","10403","140","192.168.10.22","8081","10.0.0.2","46884","88","782321","38"
,"55.188425000","53.938405000","10404","140","192.168.10.22","8081","10.0.0.2","46884","88","782409","38"
,"55.249647000","53.999627000","10405","52","10.0.0.2","46884","192.168.10.22","8081","0","38","778009"
,"55.249674000","53.999654000","10406","52","10.0.0.2","46884","192.168.10.22","8081","0","38","778097"
,"55.250670000","54.000650000","10407","140","192.168.10.22","8081","10.0.0.2","46884","88","782497","38"
,"55.250712000","54.000692000","10408","140","192.168.10.22","8081","10.0.0.2","46884","88","782585","38"
,"55.250778000","54.000758000","10409","140","192.168.10.22","8081","10.0.0.2","46884","88","782673","38"
,"55.250795000","54.000775000","10410","140","192.168.10.22","8081","10.0.0.2","46884","88","782761","38"
,"55.250847000","54.000827000","10411","140","192.168.10.22","8081","10.0.0.2","46884","88","782849","38"
,"55.250860000","54.000840000","10412","140","192.168.10.22","8081","10.0.0.2","46884","88","782937","38"
,"55.250940000","54.000920000","10413","140","192.168.10.22","8081","10.0.0.2","46884","88","783025","38"
,"55.250953000","54.000933000","10414","140","192.168.10.22","8081","10.0.0.2","46884","88","783113","38"
,"55.250998000","54.000978000","10415","140","192.168.10.22","8081","10.0.0.2","46884","88","783201","38"
,"55.251012000","54.000992000","10416","140","192.168.10.22","8081","10.0.0.2","46884","88","783289","38"
,"55.251056000","54.001036000","10417","140","192.168.10.22","8081","10.0.0.2","46884","88","783377","38"
,"55.251070000","54.001050000","10418","140","192.168.10.22","8081","10.0.0.2","46884","88","783465","38"
,"55.312293000","54.062273000","10419","52","10.0.0.2","46884","192.168.10.22","8081","0","38","778889"
,"55.312302000","54.062282000","10420","52","10.0.0.2","46884","192.168.10.22","8081","0","38","778977"
,"55.313275000","54.063255000","10421","140","192.168.10.22","8081","10.0.0.2","46884","88","783553","38"
,"55.313315000","54.063295000","10422","140","192.168.10.22","8081","10.0.0.2","46884","88","783641","38"
,"55.313377000","54.063357000","10423","140","192.168.10.22","8081","10.0.0.2","46884","88","783729","38"
,"55.313394000","54.063374000","10424","140","192.168.10.22","8081","10.0.0.2","46884","88","783817","38"
,"55.313449000","54.063429000","10425","140","192.168.10.22","8081","10.0.0.2","46884","88","783905","38"
,"55.313462000","54.063442000","10426","140","192.168.10.22","8081","10.0.0.2","46884","88","783993","38"
,"55.313507000","54.063487000","10427","140","192.168.10.22","8081","10.0.0.2","46884","88","784081","38"
,"55.313519000","54.063499000","10428","140","192.168.10.22","8081","10.0.0.2","46884","88","784169","38"
,"55.313563000","54.063543000","10429","140","192.168.10.22","8081","10.0.0.2","46884","88","784257","38"
,"55.313577000","54.063557000","10430","140","192.168.10.22","8081","10.0.0.2","46884","88","784345","38"
,"55.374058000","54.124038000","10431","52","10.0.0.2","46884","192.168.10.22","8081","0","38","779945"
,"55.375014000","54.124994000","10432","140","192.168.10.22","8081","10.0.0.2","46884","88","784433","38"
,"55.375062000","54.125042000","10433","140","192.168.10.22","8081","10.0.0.2","46884","88","784521","38"
,"55.375115000","54.125095000","10434","140","192.168.10.22","8081","10.0.0.2","46884","88","784609","38"
,"55.375129000","54.125109000","10435","140","192.168.10.22","8081","10.0.0.2","46884","88","784697","38"
,"55.375174000","54.125154000","10436","140","192.168.10.22","8081","10.0.0.2","46884","88","784785","38"
,"55.375188000","54.125168000","10437","140","192.168.10.22","8081","10.0.0.2","46884","88","784873","38"
,"55.375234000","54.125214000","10438","140","192.168.10.22","8081","10.0.0.2","46884","88","784961","38"
,"55.375246000","54.125226000","10439","140","192.168.10.22","8081","10.0.0.2","46884","88","785049","38"
,"55.375290000","54.125270000","10440","140","192.168.10.22","8081","10.0.0.2","46884","88","785137","38"
,"55.375303000","54.125283000","10441","140","192.168.10.22","8081","10.0.0.2","46884","88","785225","38"
,"55.437669000","54.187649000","10442","52","10.0.0.2","46884","192.168.10.22","8081","0","38","780825"
,"55.438468000","54.188448000","10443","140","192.168.10.22","8081","10.0.0.2","46884","88","785313","38"
,"55.438509000","54.188489000","10444","140","192.168.10.22","8081","10.0.0.2","46884","88","785401","38"
,"55.438559000","54.188539000","10445","140","192.168.10.22","8081","10.0.0.2","46884","88","785489","38"
,"55.438571000","54.188551000","10446","140","192.168.10.22","8081","10.0.0.2","46884","88","785577","38"
,"55.438617000","54.188597000","10447","140","192.168.10.22","8081","10.0.0.2","46884","88","785665","38"
,"55.438628000","54.188608000","10448","140","192.168.10.22","8081","10.0.0.2","46884","88","785753","38"
,"55.438674000","54.188654000","10449","140","192.168.10.22","8081","10.0.0.2","46884","88","785841","38"
,"55.438685000","54.188665000","10450","140","192.168.10.22","8081","10.0.0.2","46884","88","785929","38"
,"55.438730000","54.188710000","10451","140","192.168.10.22","8081","10.0.0.2","46884","88","786017","38"
,"55.438741000","54.188721000","10452","140","192.168.10.22","8081","10.0.0.2","46884","88","786105","38"
,"55.499364000","54.249344000","10453","52","10.0.0.2","46884","192.168.10.22","8081","0","38","780913"
,"55.499389000","54.249369000","10454","52","10.0.0.2","46884","192.168.10.22","8081","0","38","781793"
,"55.500314000","54.250294000","10455","140","192.168.10.22","8081","10.0.0.2","46884","88","786193","38"
,"55.500353000","54.250333000","10456","140","192.168.10.22","8081","10.0.0.2","46884","88","786281","38"
,"55.500404000","54.250384000","10457","140","192.168.10.22","8081","10.0.0.2","46884","88","786369","38"
,"55.500416000","54.250396000","10458","140","192.168.10.22","8081","10.0.0.2","46884","88","786457","38"
,"55.500460000","54.250440000","10459","140","192.168.10.22","8081","10.0.0.2","46884","88","786545","38"
,"55.500472000","54.250452000","10460","140","192.168.10.22","8081","10.0.0.2","46884","88","786633","38"
,"55.500517000","54.250497000","10461","140","192.168.10.22","8081","10.0.0.2","46884","88","786721","38"
,"55.500528000","54.250508000","10462","140","192.168.10.22","8081","10.0.0.2","46884","88","786809","38"
,"55.500572000","54.250552000","10463","140","192.168.10.22","8081","10.0.0.2","46884","88","786897","38"
,"55.500585000","54.250565000","10464","140","192.168.10.22","8081","10.0.0.2","46884","88","786985","38"
,"55.500631000","54.250611000","10465","140","192.168.10.22","8081","10.0.0.2","46884","88","787073","38"
,"55.500644000","54.250624000","10466","140","192.168.10.22","8081","10.0.0.2","46884","88","787161","38"
,"55.562483000","54.312463000","10467","52","10.0.0.2","46884","192.168.10.22","8081","0","38","782673"
,"55.563380000","54.313360000","10468","140","192.168.10.22","8081","10.0.0.2","46884","88","787249","38"
,"55.563417000","54.313397000","10469","140","192.168.10.22","8081","10.0.0.2","46884","88","787337","38"
,"55.563470000","54.313450000","10470","140","192.168.10.22","8081","10.0.0.2","46884","88","787425","38"
,"55.563482000","54.313462000","10471","140","192.168.10.22","8081","10.0.0.2","46884","88","787513","38"
,"55.563526000","54.313506000","10472","140","192.168.10.22","8081","10.0.0.2","46884","88","787601","38"
,"55.563538000","54.313518000","10473","140","192.168.10.22","8081","10.0.0.2","46884","88","787689","38"
,"55.563582000","54.313562000","10474","140","192.168.10.22","8081","10.0.0.2","46884","88","787777","38"
,"55.563593000","54.313573000","10475","140","192.168.10.22","8081","10.0.0.2","46884","88","787865","38"
,"55.563637000","54.313617000","10476","140","192.168.10.22","8081","10.0.0.2","46884","88","787953","38"
,"55.563650000","54.313630000","10477","140","192.168.10.22","8081","10.0.0.2","46884","88","788041","38"
,"55.624220000","54.374200000","10478","52","10.0.0.2","46884","192.168.10.22","8081","0","38","783553"
,"55.625133000","54.375113000","10479","140","192.168.10.22","8081","10.0.0.2","46884","88","788129","38"
,"55.625172000","54.375152000","10480","140","192.168.10.22","8081","10.0.0.2","46884","88","788217","38"
,"55.625223000","54.375203000","10481","140","192.168.10.22","8081","10.0.0.2","46884","88","788305","38"
,"55.625235000","54.375215000","10482","140","192.168.10.22","8081","10.0.0.2","46884","88","788393","38"
,"55.625281000","54.375261000","10483","140","192.168.10.22","8081","10.0.0.2","46884","88","788481","38"
,"55.625292000","54.375272000","10484","140","192.168.10.22","8081","10.0.0.2","46884","88","788569","38"
,"55.625336000","54.375316000","10485","140","192.168.10.22","8081","10.0.0.2","46884","88","788657","38"
,"55.625347000","54.375327000","10486","140","192.168.10.22","8081","10.0.0.2","46884","88","788745","38"
,"55.625391000","54.375371000","10487","140","192.168.10.22","8081","10.0.0.2","46884","88","788833","38"
,"55.625404000","54.375384000","10488","140","192.168.10.22","8081","10.0.0.2","46884","88","788921","38"
,"55.687242000","54.437222000","10489","52","10.0.0.2","46884","192.168.10.22","8081","0","38","784521"
,"55.688142000","54.438122000","10490","140","192.168.10.22","8081","10.0.0.2","46884","88","789009","38"
,"55.688179000","54.438159000","10491","140","192.168.10.22","8081","10.0.0.2","46884","88","789097","38"
,"55.688232000","54.438212000","10492","140","192.168.10.22","8081","10.0.0.2","46884","88","789185","38"
,"55.688244000","54.438224000","10493","140","192.168.10.22","8081","10.0.0.2","46884","88","789273","38"
,"55.688290000","54.438270000","10494","140","192.168.10.22","8081","10.0.0.2","46884","88","789361","38"
,"55.688301000","54.438281000","10495","140","192.168.10.22","8081","10.0.0.2","46884","88","789449","38"
,"55.688345000","54.438325000","10496","140","192.168.10.22","8081","10.0.0.2","46884","88","789537","38"
,"55.688357000","54.438337000","10497","140","192.168.10.22","8081","10.0.0.2","46884","88","789625","38"
,"55.688401000","54.438381000","10498","140","192.168.10.22","8081","10.0.0.2","46884","88","789713","38"
,"55.688415000","54.438395000","10499","140","192.168.10.22","8081","10.0.0.2","46884","88","789801","38"
,"55.749866000","54.499846000","10500","52","10.0.0.2","46884","192.168.10.22","8081","0","38","785313"
,"55.749935000","54.499915000","10501","52","10.0.0.2","46884","192.168.10.22","8081","0","38","785401"
,"55.750758000","54.500738000","10502","140","192.168.10.22","8081","10.0.0.2","46884","88","789889","38"
,"55.750796000","54.500776000","10503","140","192.168.10.22","8081","10.0.0.2","46884","88","789977","38"
,"55.750845000","54.500825000","10504","140","192.168.10.22","8081","10.0.0.2","46884","88","790065","38"
,"55.750857000","54.500837000","10505","140","192.168.10.22","8081","10.0.0.2","46884","88","790153","38"
,"55.750929000","54.500909000","10506","140","192.168.10.22","8081","10.0.0.2","46884","88","790241","38"
,"55.750943000","54.500923000","10507","140","192.168.10.22","8081","10.0.0.2","46884","88","790329","38"
,"55.750988000","54.500968000","10508","140","192.168.10.22","8081","10.0.0.2","46884","88","790417","38"
,"55.751001000","54.500981000","10509","140","192.168.10.22","8081","10.0.0.2","46884","88","790505","38"
,"55.751046000","54.501026000","10510","140","192.168.10.22","8081","10.0.0.2","46884","88","790593","38"
,"55.751060000","54.501040000","10511","140","192.168.10.22","8081","10.0.0.2","46884","88","790681","38"
,"55.812206000","54.562186000","10512","52","10.0.0.2","46884","192.168.10.22","8081","0","38","786193"
,"55.812237000","54.562217000","10513","52","10.0.0.2","46884","192.168.10.22","8081","0","38","786369"
,"55.813326000","54.563306000","10514","140","192.168.10.22","8081","10.0.0.2","46884","88","790769","38"
,"55.813339000","54.563319000","10515","140","192.168.10.22","8081","10.0.0.2","46884","88","790857","38"
,"55.813352000","54.563332000","10516","140","192.168.10.22","8081","10.0.0.2","46884","88","790945","38"
,"55.813355000","54.563335000","10517","140","192.168.10.22","8081","10.0.0.2","46884","88","791033","38"
,"55.813366000","54.563346000","10518","140","192.168.10.22","8081","10.0.0.2","46884","88","791121","38"
,"55.813369000","54.563349000","10519","140","192.168.10.22","8081","10.0.0.2","46884","88","791209","38"
,"55.813380000","54.563360000","10520","140","192.168.10.22","8081","10.0.0.2","46884","88","791297","38"
,"55.813383000","54.563363000","10521","140","192.168.10.22","8081","10.0.0.2","46884","88","791385","38"
,"55.813394000","54.563374000","10522","140","192.168.10.22","8081","10.0.0.2","46884","88","791473","38"
,"55.813397000","54.563377000","10523","140","192.168.10.22","8081","10.0.0.2","46884","88","791561","38"
,"55.813408000","54.563388000","10524","140","192.168.10.22","8081","10.0.0.2","46884","88","791649","38"
,"55.813410000","54.563390000","10525","140","192.168.10.22","8081","10.0.0.2","46884","88","791737","38"
,"55.874077000","54.624057000","10526","52","10.0.0.2","46884","192.168.10.22","8081","0","38","787249"
,"55.874983000","54.624963000","10527","140","192.168.10.22","8081","10.0.0.2","46884","88","791825","38"
,"55.875022000","54.625002000","10528","140","192.168.10.22","8081","10.0.0.2","46884","88","791913","38"
,"55.875072000","54.625052000","10529","140","192.168.10.22","8081","10.0.0.2","46884","88","792001","38"
,"55.875084000","54.625064000","10530","140","192.168.10.22","8081","10.0.0.2","46884","88","792089","38"
,"55.875129000","54.625109000","10531","140","192.168.10.22","8081","10.0.0.2","46884","88","792177","38"
,"55.875143000","54.625123000","10532","140","192.168.10.22","8081","10.0.0.2","46884","88","792265","38"
,"55.875189000","54.625169000","10533","140","192.168.10.22","8081","10.0.0.2","46884","88","792353","38"
,"55.875203000","54.625183000","10534","140","192.168.10.22","8081","10.0.0.2","46884","88","792441","38"
,"55.875247000","54.625227000","10535","140","192.168.10.22","8081","10.0.0.2","46884","88","792529","38"
,"55.875260000","54.625240000","10536","140","192.168.10.22","8081","10.0.0.2","46884","88","792617","38"
,"55.937847000","54.687827000","10537","52","10.0.0.2","46884","192.168.10.22","8081","0","38","787513"
,"55.937873000","54.687853000","10538","52","10.0.0.2","46884","192.168.10.22","8081","0","38","788217"
,"55.938833000","54.688813000","10539","140","192.168.10.22","8081","10.0.0.2","46884","88","792705","38"
,"55.938912000","54.688892000","10540","140","192.168.10.22","8081","10.0.0.2","46884","88","792793","38"
,"55.938985000","54.688965000","10541","140","192.168.10.22","8081","10.0.0.2","46884","88","792881","38"
,"55.939000000","54.688980000","10542","140","192.168.10.22","8081","10.0.0.2","46884","88","792969","38"
,"55.939047000","54.689027000","10543","140","192.168.10.22","8081","10.0.0.2","46884","88","793057","38"
,"55.939061000","54.689041000","10544","140","192.168.10.22","8081","10.0.0.2","46884","88","793145","38"
,"55.939107000","54.689087000","10545","140","192.168.10.22","8081","10.0.0.2","46884","88","793233","38"
,"55.939121000","54.689101000","10546","140","192.168.10.22","8081","10.0.0.2","46884","88","793321","38"
,"55.939166000","54.689146000","10547","140","192.168.10.22","8081","10.0.0.2","46884","88","793409","38"
,"55.939180000","54.689160000","10548","140","192.168.10.22","8081","10.0.0.2","46884","88","793497","38"
,"55.999059000","54.749039000","10549","52","10.0.0.2","46884","192.168.10.22","8081","0","38","788833"
,"55.999085000","54.749065000","10550","52","10.0.0.2","46884","192.168.10.22","8081","0","38","789097"
,"55.999989000","54.749969000","10551","140","192.168.10.22","8081","10.0.0.2","46884","88","793585","38"
,"56.000026000","54.750006000","10552","140","192.168.10.22","8081","10.0.0.2","46884","88","793673","38"
,"56.000077000","54.750057000","10553","140","192.168.10.22","8081","10.0.0.2","46884","88","793761","38"
,"56.000089000","54.750069000","10554","140","192.168.10.22","8081","10.0.0.2","46884","88","793849","38"
,"56.000134000","54.750114000","10555","140","192.168.10.22","8081","10.0.0.2","46884","88","793937","38"
,"56.000153000","54.750133000","10556","140","192.168.10.22","8081","10.0.0.2","46884","88","794025","38"
,"56.000197000","54.750177000","10557","140","192.168.10.22","8081","10.0.0.2","46884","88","794113","38"
,"56.000210000","54.750190000","10558","140","192.168.10.22","8081","10.0.0.2","46884","88","794201","38"
,"56.000254000","54.750234000","10559","140","192.168.10.22","8081","10.0.0.2","46884","88","794289","38"
,"56.000266000","54.750246000","10560","140","192.168.10.22","8081","10.0.0.2","46884","88","794377","38"
,"56.062096000","54.812076000","10561","52","10.0.0.2","46884","192.168.10.22","8081","0","38","789889"
,"56.062123000","54.812103000","10562","52","10.0.0.2","46884","192.168.10.22","8081","0","38","790065"
,"56.063009000","54.812989000","10563","140","192.168.10.22","8081","10.0.0.2","46884","88","794465","38"
,"56.063047000","54.813027000","10564","140","192.168.10.22","8081","10.0.0.2","46884","88","794553","38"
,"56.063100000","54.813080000","10565","140","192.168.10.22","8081","10.0.0.2","46884","88","794641","38"
,"56.063112000","54.813092000","10566","140","192.168.10.22","8081","10.0.0.2","46884","88","794729","38"
,"56.063156000","54.813136000","10567","140","192.168.10.22","8081","10.0.0.2","46884","88","794817","38"
,"56.063167000","54.813147000","10568","140","192.168.10.22","8081","10.0.0.2","46884","88","794905","38"
,"56.063212000","54.813192000","10569","140","192.168.10.22","8081","10.0.0.2","46884","88","794993","38"
,"56.063224000","54.813204000","10570","140","192.168.10.22","8081","10.0.0.2","46884","88","795081","38"
,"56.063269000","54.813249000","10571","140","192.168.10.22","8081","10.0.0.2","46884","88","795169","38"
,"56.063283000","54.813263000","10572","140","192.168.10.22","8081","10.0.0.2","46884","88","795257","38"
,"56.063327000","54.813307000","10573","140","192.168.10.22","8081","10.0.0.2","46884","88","795345","38"
,"56.063339000","54.813319000","10574","140","192.168.10.22","8081","10.0.0.2","46884","88","795433","38"
,"56.124060000","54.874040000","10575","52","10.0.0.2","46884","192.168.10.22","8081","0","38","790417"
,"56.124087000","54.874067000","10576","52","10.0.0.2","46884","192.168.10.22","8081","0","38","790945"
,"56.124973000","54.874953000","10577","140","192.168.10.22","8081","10.0.0.2","46884","88","795521","38"
,"56.125011000","54.874991000","10578","140","192.168.10.22","8081","10.0.0.2","46884","88","795609","38"
,"56.125064000","54.875044000","10579","140","192.168.10.22","8081","10.0.0.2","46884","88","795697","38"
,"56.125076000","54.875056000","10580","140","192.168.10.22","8081","10.0.0.2","46884","88","795785","38"
,"56.125121000","54.875101000","10581","140","192.168.10.22","8081","10.0.0.2","46884","88","795873","38"
,"56.125134000","54.875114000","10582","140","192.168.10.22","8081","10.0.0.2","46884","88","795961","38"
,"56.125179000","54.875159000","10583","140","192.168.10.22","8081","10.0.0.2","46884","88","796049","38"
,"56.125192000","54.875172000","10584","140","192.168.10.22","8081","10.0.0.2","46884","88","796137","38"
,"56.125237000","54.875217000","10585","140","192.168.10.22","8081","10.0.0.2","46884","88","796225","38"
,"56.125249000","54.875229000","10586","140","192.168.10.22","8081","10.0.0.2","46884","88","796313","38"
,"56.187801000","54.937781000","10587","52","10.0.0.2","46884","192.168.10.22","8081","0","38","791737"
,"56.187827000","54.937807000","10588","52","10.0.0.2","46884","192.168.10.22","8081","0","38","791825"
,"56.188812000","54.938792000","10589","140","192.168.10.22","8081","10.0.0.2","46884","88","796401","38"
,"56.188855000","54.938835000","10590","140","192.168.10.22","8081","10.0.0.2","46884","88","796489","38"
,"56.188964000","54.938944000","10591","140","192.168.10.22","8081","10.0.0.2","46884","88","796577","38"
,"56.188982000","54.938962000","10592","140","192.168.10.22","8081","10.0.0.2","46884","88","796665","38"
,"56.189028000","54.939008000","10593","140","192.168.10.22","8081","10.0.0.2","46884","88","796753","38"
,"56.189039000","54.939019000","10594","140","192.168.10.22","8081","10.0.0.2","46884","88","796841","38"
,"56.189084000","54.939064000","10595","140","192.168.10.22","8081","10.0.0.2","46884","88","796929","38"
,"56.189098000","54.939078000","10596","140","192.168.10.22","8081","10.0.0.2","46884","88","797017","38"
,"56.189142000","54.939122000","10597","140","192.168.10.22","8081","10.0.0.2","46884","88","797105","38"
,"56.189155000","54.939135000","10598","140","192.168.10.22","8081","10.0.0.2","46884","88","797193","38"
,"56.249944000","54.999924000","10599","52","10.0.0.2","46884","192.168.10.22","8081","0","38","792617"
,"56.249970000","54.999950000","10600","52","10.0.0.2","46884","192.168.10.22","8081","0","38","792793"
,"56.250981000","55.000961000","10601","140","192.168.10.22","8081","10.0.0.2","46884","88","797281","38"
,"56.251023000","55.001003000","10602","140","192.168.10.22","8081","10.0.0.2","46884","88","797369","38"
,"56.251086000","55.001066000","10603","140","192.168.10.22","8081","10.0.0.2","46884","88","797457","38"
,"56.251101000","55.001081000","10604","140","192.168.10.22","8081","10.0.0.2","46884","88","797545","38"
,"56.251152000","55.001132000","10605","140","192.168.10.22","8081","10.0.0.2","46884","88","797633","38"
,"56.251165000","55.001145000","10606","140","192.168.10.22","8081","10.0.0.2","46884","88","797721","38"
,"56.251209000","55.001189000","10607","140","192.168.10.22","8081","10.0.0.2","46884","88","797809","38"
,"56.251220000","55.001200000","10608","140","192.168.10.22","8081","10.0.0.2","46884","88","797897","38"
,"56.251265000","55.001245000","10609","140","192.168.10.22","8081","10.0.0.2","46884","88","797985","38"
,"56.251279000","55.001259000","10610","140","192.168.10.22","8081","10.0.0.2","46884","88","798073","38"
,"56.313026000","55.063006000","10611","52","10.0.0.2","46884","192.168.10.22","8081","0","38","792969"
,"56.313051000","55.063031000","10612","52","10.0.0.2","46884","192.168.10.22","8081","0","38","793321"
,"56.313064000","55.063044000","10613","52","10.0.0.2","46884","192.168.10.22","8081","0","38","793673"
,"56.314031000","55.064011000","10614","140","192.168.10.22","8081","10.0.0.2","46884","88","798161","38"
,"56.314072000","55.064052000","10615","140","192.168.10.22","8081","10.0.0.2","46884","88","798249","38"
,"56.314136000","55.064116000","10616","140","192.168.10.22","8081","10.0.0.2","46884","88","798337","38"
,"56.314153000","55.064133000","10617","140","192.168.10.22","8081","10.0.0.2","46884","88","798425","38"
,"56.314206000","55.064186000","10618","140","192.168.10.22","8081","10.0.0.2","46884","88","798513","38"
,"56.314219000","55.064199000","10619","140","192.168.10.22","8081","10.0.0.2","46884","88","798601","38"
,"56.314265000","55.064245000","10620","140","192.168.10.22","8081","10.0.0.2","46884","88","798689","38"
,"56.314278000","55.064258000","10621","140","192.168.10.22","8081","10.0.0.2","46884","88","798777","38"
,"56.314323000","55.064303000","10622","140","192.168.10.22","8081","10.0.0.2","46884","88","798865","38"
,"56.314336000","55.064316000","10623","140","192.168.10.22","8081","10.0.0.2","46884","88","798953","38"
,"56.374945000","55.124925000","10624","52","10.0.0.2","46884","192.168.10.22","8081","0","38","794289"
,"56.374973000","55.124953000","10625","52","10.0.0.2","46884","192.168.10.22","8081","0","38","794641"
,"56.375967000","55.125947000","10626","140","192.168.10.22","8081","10.0.0.2","46884","88","799041","38"
,"56.376009000","55.125989000","10627","140","192.168.10.22","8081","10.0.0.2","46884","88","799129","38"
,"56.376073000","55.126053000","10628","140","192.168.10.22","8081","10.0.0.2","46884","88","799217","38"
,"56.376088000","55.126068000","10629","140","192.168.10.22","8081","10.0.0.2","46884","88","799305","38"
,"56.376137000","55.126117000","10630","140","192.168.10.22","8081","10.0.0.2","46884","88","799393","38"
,"56.376149000","55.126129000","10631","140","192.168.10.22","8081","10.0.0.2","46884","88","799481","38"
,"56.376193000","55.126173000","10632","140","192.168.10.22","8081","10.0.0.2","46884","88","799569","38"
,"56.376204000","55.126184000","10633","140","192.168.10.22","8081","10.0.0.2","46884","88","799657","38"
,"56.376249000","55.126229000","10634","140","192.168.10.22","8081","10.0.0.2","46884","88","799745","38"
,"56.376264000","55.126244000","10635","140","192.168.10.22","8081","10.0.0.2","46884","88","799833","38"
,"56.376309000","55.126289000","10636","140","192.168.10.22","8081","10.0.0.2","46884","88","799921","38"
,"56.376322000","55.126302000","10637","140","192.168.10.22","8081","10.0.0.2","46884","88","800009","38"
,"56.437624000","55.187604000","10638","52","10.0.0.2","46884","192.168.10.22","8081","0","38","795433"
,"56.437650000","55.187630000","10639","52","10.0.0.2","46884","192.168.10.22","8081","0","38","795521"
,"56.438624000","55.188604000","10640","140","192.168.10.22","8081","10.0.0.2","46884","88","800097","38"
,"56.438666000","55.188646000","10641","140","192.168.10.22","8081","10.0.0.2","46884","88","800185","38"
,"56.438728000","55.188708000","10642","140","192.168.10.22","8081","10.0.0.2","46884","88","800273","38"
,"56.438744000","55.188724000","10643","140","192.168.10.22","8081","10.0.0.2","46884","88","800361","38"
,"56.438798000","55.188778000","10644","140","192.168.10.22","8081","10.0.0.2","46884","88","800449","38"
,"56.438811000","55.188791000","10645","140","192.168.10.22","8081","10.0.0.2","46884","88","800537","38"
,"56.438855000","55.188835000","10646","140","192.168.10.22","8081","10.0.0.2","46884","88","800625","38"
,"56.438867000","55.188847000","10647","140","192.168.10.22","8081","10.0.0.2","46884","88","800713","38"
,"56.438941000","55.188921000","10648","140","192.168.10.22","8081","10.0.0.2","46884","88","800801","38"
,"56.438956000","55.188936000","10649","140","192.168.10.22","8081","10.0.0.2","46884","88","800889","38"
,"56.499998000","55.249978000","10650","52","10.0.0.2","46884","192.168.10.22","8081","0","38","796313"
,"56.500025000","55.250005000","10651","52","10.0.0.2","46884","192.168.10.22","8081","0","38","796489"
,"56.501020000","55.251000000","10652","140","192.168.10.22","8081","10.0.0.2","46884","88","800977","38"
,"56.501064000","55.251044000","10653","140","192.168.10.22","8081","10.0.0.2","46884","88","801065","38"
,"56.501129000","55.251109000","10654","140","192.168.10.22","8081","10.0.0.2","46884","88","801153","38"
,"56.501145000","55.251125000","10655","140","192.168.10.22","8081","10.0.0.2","46884","88","801241","38"
,"56.501194000","55.251174000","10656","140","192.168.10.22","8081","10.0.0.2","46884","88","801329","38"
,"56.501205000","55.251185000","10657","140","192.168.10.22","8081","10.0.0.2","46884","88","801417","38"
,"56.501250000","55.251230000","10658","140","192.168.10.22","8081","10.0.0.2","46884","88","801505","38"
,"56.501262000","55.251242000","10659","140","192.168.10.22","8081","10.0.0.2","46884","88","801593","38"
,"56.501306000","55.251286000","10660","140","192.168.10.22","8081","10.0.0.2","46884","88","801681","38"
,"56.501320000","55.251300000","10661","140","192.168.10.22","8081","10.0.0.2","46884","88","801769","38"
,"56.562699000","55.312679000","10662","52","10.0.0.2","46884","192.168.10.22","8081","0","38","797369"
,"56.563730000","55.313710000","10663","140","192.168.10.22","8081","10.0.0.2","46884","88","801857","38"
,"56.563771000","55.313751000","10664","140","192.168.10.22","8081","10.0.0.2","46884","88","801945","38"
,"56.563833000","55.313813000","10665","140","192.168.10.22","8081","10.0.0.2","46884","88","802033","38"
,"56.563850000","55.313830000","10666","140","192.168.10.22","8081","10.0.0.2","46884","88","802121","38"
,"56.563946000","55.313926000","10667","140","192.168.10.22","8081","10.0.0.2","46884","88","802209","38"
,"56.563963000","55.313943000","10668","140","192.168.10.22","8081","10.0.0.2","46884","88","802297","38"
,"56.564008000","55.313988000","10669","140","192.168.10.22","8081","10.0.0.2","46884","88","802385","38"
,"56.564030000","55.314010000","10670","140","192.168.10.22","8081","10.0.0.2","46884","88","802473","38"
,"56.564074000","55.314054000","10671","140","192.168.10.22","8081","10.0.0.2","46884","88","802561","38"
,"56.564088000","55.314068000","10672","140","192.168.10.22","8081","10.0.0.2","46884","88","802649","38"
,"56.624710000","55.374690000","10673","52","10.0.0.2","46884","192.168.10.22","8081","0","38","797633"
,"56.624737000","55.374717000","10674","52","10.0.0.2","46884","192.168.10.22","8081","0","38","798337"
,"56.625736000","55.375716000","10675","140","192.168.10.22","8081","10.0.0.2","46884","88","802737","38"
,"56.625778000","55.375758000","10676","140","192.168.10.22","8081","10.0.0.2","46884","88","802825","38"
,"56.625843000","55.375823000","10677","140","192.168.10.22","8081","10.0.0.2","46884","88","802913","38"
,"56.625859000","55.375839000","10678","140","192.168.10.22","8081","10.0.0.2","46884","88","803001","38"
,"56.625938000","55.375918000","10679","140","192.168.10.22","8081","10.0.0.2","46884","88","803089","38"
,"56.625952000","55.375932000","10680","140","192.168.10.22","8081","10.0.0.2","46884","88","803177","38"
,"56.625999000","55.375979000","10681","140","192.168.10.22","8081","10.0.0.2","46884","88","803265","38"
,"56.626011000","55.375991000","10682","140","192.168.10.22","8081","10.0.0.2","46884","88","803353","38"
,"56.626054000","55.376034000","10683","140","192.168.10.22","8081","10.0.0.2","46884","88","803441","38"
,"56.626067000","55.376047000","10684","140","192.168.10.22","8081","10.0.0.2","46884","88","803529","38"
,"56.626111000","55.376091000","10685","140","192.168.10.22","8081","10.0.0.2","46884","88","803617","38"
,"56.626122000","55.376102000","10686","140","192.168.10.22","8081","10.0.0.2","46884","88","803705","38"
,"56.687999000","55.437979000","10687","52","10.0.0.2","46884","192.168.10.22","8081","0","38","799129"
,"56.688026000","55.438006000","10688","52","10.0.0.2","46884","192.168.10.22","8081","0","38","799217"
,"56.689035000","55.439015000","10689","140","192.168.10.22","8081","10.0.0.2","46884","88","803793","38"
,"56.689078000","55.439058000","10690","140","192.168.10.22","8081","10.0.0.2","46884","88","803881","38"
,"56.689144000","55.439124000","10691","140","192.168.10.22","8081","10.0.0.2","46884","88","803969","38"
,"56.689160000","55.439140000","10692","140","192.168.10.22","8081","10.0.0.2","46884","88","804057","38"
,"56.689209000","55.439189000","10693","140","192.168.10.22","8081","10.0.0.2","46884","88","804145","38"
,"56.689221000","55.439201000","10694","140","192.168.10.22","8081","10.0.0.2","46884","88","804233","38"
,"56.689266000","55.439246000","10695","140","192.168.10.22","8081","10.0.0.2","46884","88","804321","38"
,"56.689277000","55.439257000","10696","140","192.168.10.22","8081","10.0.0.2","46884","88","804409","38"
,"56.689322000","55.439302000","10697","140","192.168.10.22","8081","10.0.0.2","46884","88","804497","38"
,"56.689336000","55.439316000","10698","140","192.168.10.22","8081","10.0.0.2","46884","88","804585","38"
,"56.749679000","55.499659000","10699","52","10.0.0.2","46884","192.168.10.22","8081","0","38","800009"
,"56.749706000","55.499686000","10700","52","10.0.0.2","46884","192.168.10.22","8081","0","38","800097"
,"56.750717000","55.500697000","10701","140","192.168.10.22","8081","10.0.0.2","46884","88","804673","38"
,"56.750759000","55.500739000","10702","140","192.168.10.22","8081","10.0.0.2","46884","88","804761","38"
,"56.750824000","55.500804000","10703","140","192.168.10.22","8081","10.0.0.2","46884","88","804849","38"
,"56.750839000","55.500819000","10704","140","192.168.10.22","8081","10.0.0.2","46884","88","804937","38"
,"56.750931000","55.500911000","10705","140","192.168.10.22","8081","10.0.0.2","46884","88","805025","38"
,"56.750948000","55.500928000","10706","140","192.168.10.22","8081","10.0.0.2","46884","88","805113","38"
,"56.750994000","55.500974000","10707","140","192.168.10.22","8081","10.0.0.2","46884","88","805201","38"
,"56.751008000","55.500988000","10708","140","192.168.10.22","8081","10.0.0.2","46884","88","805289","38"
,"56.751052000","55.501032000","10709","140","192.168.10.22","8081","10.0.0.2","46884","88","805377","38"
,"56.751070000","55.501050000","10710","140","192.168.10.22","8081","10.0.0.2","46884","88","805465","38"
,"56.812856000","55.562836000","10711","52","10.0.0.2","46884","192.168.10.22","8081","0","38","800361"
,"56.812913000","55.562893000","10712","52","10.0.0.2","46884","192.168.10.22","8081","0","38","801065"
,"56.813960000","55.563940000","10713","140","192.168.10.22","8081","10.0.0.2","46884","88","805553","38"
,"56.813974000","55.563954000","10714","140","192.168.10.22","8081","10.0.0.2","46884","88","805641","38"
,"56.813988000","55.563968000","10715","140","192.168.10.22","8081","10.0.0.2","46884","88","805729","38"
,"56.813991000","55.563971000","10716","140","192.168.10.22","8081","10.0.0.2","46884","88","805817","38"
,"56.814002000","55.563982000","10717","140","192.168.10.22","8081","10.0.0.2","46884","88","805905","38"
,"56.814005000","55.563985000","10718","140","192.168.10.22","8081","10.0.0.2","46884","88","805993","38"
,"56.814016000","55.563996000","10719","140","192.168.10.22","8081","10.0.0.2","46884","88","806081","38"
,"56.814019000","55.563999000","10720","140","192.168.10.22","8081","10.0.0.2","46884","88","806169","38"
,"56.814030000","55.564010000","10721","140","192.168.10.22","8081","10.0.0.2","46884","88","806257","38"
,"56.814033000","55.564013000","10722","140","192.168.10.22","8081","10.0.0.2","46884","88","806345","38"
,"56.874960000","55.624940000","10723","52","10.0.0.2","46884","192.168.10.22","8081","0","38","801945"
,"56.875964000","55.625944000","10724","140","192.168.10.22","8081","10.0.0.2","46884","88","806433","38"
,"56.876007000","55.625987000","10725","140","192.168.10.22","8081","10.0.0.2","46884","88","806521","38"
,"56.876068000","55.626048000","10726","140","192.168.10.22","8081","10.0.0.2","46884","88","806609","38"
,"56.876084000","55.626064000","10727","140","192.168.10.22","8081","10.0.0.2","46884","88","806697","38"
,"56.876132000","55.626112000","10728","140","192.168.10.22","8081","10.0.0.2","46884","88","806785","38"
,"56.876144000","55.626124000","10729","140","192.168.10.22","8081","10.0.0.2","46884","88","806873","38"
,"56.876189000","55.626169000","10730","140","192.168.10.22","8081","10.0.0.2","46884","88","806961","38"
,"56.876200000","55.626180000","10731","140","192.168.10.22","8081","10.0.0.2","46884","88","807049","38"
,"56.876246000","55.626226000","10732","140","192.168.10.22","8081","10.0.0.2","46884","88","807137","38"
,"56.876267000","55.626247000","10733","140","192.168.10.22","8081","10.0.0.2","46884","88","807225","38"
,"56.937621000","55.687601000","10734","52","10.0.0.2","46884","192.168.10.22","8081","0","38","802737"
,"56.937649000","55.687629000","10735","52","10.0.0.2","46884","192.168.10.22","8081","0","38","802913"
,"56.938641000","55.688621000","10736","140","192.168.10.22","8081","10.0.0.2","46884","88","807313","38"
,"56.938683000","55.688663000","10737","140","192.168.10.22","8081","10.0.0.2","46884","88","807401","38"
,"56.938747000","55.688727000","10738","140","192.168.10.22","8081","10.0.0.2","46884","88","807489","38"
,"56.938762000","55.688742000","10739","140","192.168.10.22","8081","10.0.0.2","46884","88","807577","38"
,"56.938815000","55.688795000","10740","140","192.168.10.22","8081","10.0.0.2","46884","88","807665","38"
,"56.938828000","55.688808000","10741","140","192.168.10.22","8081","10.0.0.2","46884","88","807753","38"
,"56.938873000","55.688853000","10742","140","192.168.10.22","8081","10.0.0.2","46884","88","807841","38"
,"56.938913000","55.688893000","10743","140","192.168.10.22","8081","10.0.0.2","46884","88","807929","38"
,"56.938960000","55.688940000","10744","140","192.168.10.22","8081","10.0.0.2","46884","88","808017","38"
,"56.938973000","55.688953000","10745","140","192.168.10.22","8081","10.0.0.2","46884","88","808105","38"
,"56.939019000","55.688999000","10746","140","192.168.10.22","8081","10.0.0.2","46884","88","808193","38"
,"56.939033000","55.689013000","10747","140","192.168.10.22","8081","10.0.0.2","46884","88","808281","38"
,"56.999718000","55.749698000","10748","52","10.0.0.2","46884","192.168.10.22","8081","0","38","803089"
,"56.999742000","55.749722000","10749","52","10.0.0.2","46884","192.168.10.22","8081","0","38","803793"
,"57.000715000","55.750695000","10750","140","192.168.10.22","8081","10.0.0.2","46884","88","808369","38"
,"57.000756000","55.750736000","10751","140","192.168.10.22","8081","10.0.0.2","46884","88","808457","38"
,"57.000821000","55.750801000","10752","140","192.168.10.22","8081","10.0.0.2","46884","88","808545","38"
,"57.000837000","55.750817000","10753","140","192.168.10.22","8081","10.0.0.2","46884","88","808633","38"
,"57.000923000","55.750903000","10754","140","192.168.10.22","8081","10.0.0.2","46884","88","808721","38"
,"57.000938000","55.750918000","10755","140","192.168.10.22","8081","10.0.0.2","46884","88","808809","38"
,"57.000983000","55.750963000","10756","140","192.168.10.22","8081","10.0.0.2","46884","88","808897","38"
,"57.000995000","55.750975000","10757","140","192.168.10.22","8081","10.0.0.2","46884","88","808985","38"
,"57.001039000","55.751019000","10758","140","192.168.10.22","8081","10.0.0.2","46884","88","809073","38"
,"57.001053000","55.751033000","10759","140","192.168.10.22","8081","10.0.0.2","46884","88","809161","38"
,"57.062820000","55.812800000","10760","52","10.0.0.2","46884","192.168.10.22","8081","0","38","804761"
,"57.063820000","55.813800000","10761","140","192.168.10.22","8081","10.0.0.2","46884","88","809249","38"
,"57.063861000","55.813841000","10762","140","192.168.10.22","8081","10.0.0.2","46884","88","809337","38"
,"57.063973000","55.813953000","10763","140","192.168.10.22","8081","10.0.0.2","46884","88","809425","38"
,"57.063991000","55.813971000","10764","140","192.168.10.22","8081","10.0.0.2","46884","88","809513","38"
,"57.064038000","55.814018000","10765","140","192.168.10.22","8081","10.0.0.2","46884","88","809601","38"
,"57.064054000","55.814034000","10766","140","192.168.10.22","8081","10.0.0.2","46884","88","809689","38"
,"57.064099000","55.814079000","10767","140","192.168.10.22","8081","10.0.0.2","46884","88","809777","38"
,"57.064113000","55.814093000","10768","140","192.168.10.22","8081","10.0.0.2","46884","88","809865","38"
,"57.064158000","55.814138000","10769","140","192.168.10.22","8081","10.0.0.2","46884","88","809953","38"
,"57.064172000","55.814152000","10770","140","192.168.10.22","8081","10.0.0.2","46884","88","810041","38"
,"57.124687000","55.874667000","10771","52","10.0.0.2","46884","192.168.10.22","8081","0","38","805553"
,"57.124715000","55.874695000","10772","52","10.0.0.2","46884","192.168.10.22","8081","0","38","805641"
,"57.125682000","55.875662000","10773","140","192.168.10.22","8081","10.0.0.2","46884","88","810129","38"
,"57.125723000","55.875703000","10774","140","192.168.10.22","8081","10.0.0.2","46884","88","810217","38"
,"57.125785000","55.875765000","10775","140","192.168.10.22","8081","10.0.0.2","46884","88","810305","38"
,"57.125802000","55.875782000","10776","140","192.168.10.22","8081","10.0.0.2","46884","88","810393","38"
,"57.125856000","55.875836000","10777","140","192.168.10.22","8081","10.0.0.2","46884","88","810481","38"
,"57.125870000","55.875850000","10778","140","192.168.10.22","8081","10.0.0.2","46884","88","810569","38"
,"57.125948000","55.875928000","10779","140","192.168.10.22","8081","10.0.0.2","46884","88","810657","38"
,"57.125963000","55.875943000","10780","140","192.168.10.22","8081","10.0.0.2","46884","88","810745","38"
,"57.126009000","55.875989000","10781","140","192.168.10.22","8081","10.0.0.2","46884","88","810833","38"
,"57.126022000","55.876002000","10782","140","192.168.10.22","8081","10.0.0.2","46884","88","810921","38"
,"57.188011000","55.937991000","10783","52","10.0.0.2","46884","192.168.10.22","8081","0","38","806081"
,"57.188036000","55.938016000","10784","52","10.0.0.2","46884","192.168.10.22","8081","0","38","806609"
,"57.189031000","55.939011000","10785","140","192.168.10.22","8081","10.0.0.2","46884","88","811009","38"
,"57.189074000","55.939054000","10786","140","192.168.10.22","8081","10.0.0.2","46884","88","811097","38"
,"57.189139000","55.939119000","10787","140","192.168.10.22","8081","10.0.0.2","46884","88","811185","38"
,"57.189155000","55.939135000","10788","140","192.168.10.22","8081","10.0.0.2","46884","88","811273","38"
,"57.189205000","55.939185000","10789","140","192.168.10.22","8081","10.0.0.2","46884","88","811361","38"
,"57.189217000","55.939197000","10790","140","192.168.10.22","8081","10.0.0.2","46884","88","811449","38"
,"57.189262000","55.939242000","10791","140","192.168.10.22","8081","10.0.0.2","46884","88","811537","38"
,"57.189274000","55.939254000","10792","140","192.168.10.22","8081","10.0.0.2","46884","88","811625","38"
,"57.189318000","55.939298000","10793","140","192.168.10.22","8081","10.0.0.2","46884","88","811713","38"
,"57.189332000","55.939312000","10794","140","192.168.10.22","8081","10.0.0.2","46884","88","811801","38"
,"57.189377000","55.939357000","10795","140","192.168.10.22","8081","10.0.0.2","46884","88","811889","38"
,"57.189391000","55.939371000","10796","140","192.168.10.22","8081","10.0.0.2","46884","88","811977","38"
,"57.249844000","55.999824000","10797","52","10.0.0.2","46884","192.168.10.22","8081","0","38","807049"
,"57.249896000","55.999876000","10798","52","10.0.0.2","46884","192.168.10.22","8081","0","38","807489"
,"57.250847000","56.000827000","10799","140","192.168.10.22","8081","10.0.0.2","46884","88","812065","38"
,"57.250928000","56.000908000","10800","140","192.168.10.22","8081","10.0.0.2","46884","88","812153","38"
,"57.251003000","56.000983000","10801","140","192.168.10.22","8081","10.0.0.2","46884","88","812241","38"
,"57.251017000","56.000997000","10802","140","192.168.10.22","8081","10.0.0.2","46884","88","812329","38"
,"57.251063000","56.001043000","10803","140","192.168.10.22","8081","10.0.0.2","46884","88","812417","38"
,"57.251075000","56.001055000","10804","140","192.168.10.22","8081","10.0.0.2","46884","88","812505","38"
,"57.251121000","56.001101000","10805","140","192.168.10.22","8081","10.0.0.2","46884","88","812593","38"
,"57.251135000","56.001115000","10806","140","192.168.10.22","8081","10.0.0.2","46884","88","812681","38"
,"57.251180000","56.001160000","10807","140","192.168.10.22","8081","10.0.0.2","46884","88","812769","38"
,"57.251192000","56.001172000","10808","140","192.168.10.22","8081","10.0.0.2","46884","88","812857","38"
,"57.312532000","56.062512000","10809","52","10.0.0.2","46884","192.168.10.22","8081","0","38","808281"
,"57.312555000","56.062535000","10810","52","10.0.0.2","46884","192.168.10.22","8081","0","38","808369"
,"57.313531000","56.063511000","10811","140","192.168.10.22","8081","10.0.0.2","46884","88","812945","38"
,"57.313573000","56.063553000","10812","140","192.168.10.22","8081","10.0.0.2","46884","88","813033","38"
,"57.313635000","56.063615000","10813","140","192.168.10.22","8081","10.0.0.2","46884","88","813121","38"
,"57.313651000","56.063631000","10814","140","192.168.10.22","8081","10.0.0.2","46884","88","813209","38"
,"57.313706000","56.063686000","10815","140","192.168.10.22","8081","10.0.0.2","46884","88","813297","38"
,"57.313720000","56.063700000","10816","140","192.168.10.22","8081","10.0.0.2","46884","88","813385","38"
,"57.313765000","56.063745000","10817","140","192.168.10.22","8081","10.0.0.2","46884","88","813473","38"
,"57.313777000","56.063757000","10818","140","192.168.10.22","8081","10.0.0.2","46884","88","813561","38"
,"57.313821000","56.063801000","10819","140","192.168.10.22","8081","10.0.0.2","46884","88","813649","38"
,"57.313835000","56.063815000","10820","140","192.168.10.22","8081","10.0.0.2","46884","88","813737","38"
,"57.374109000","56.124089000","10821","52","10.0.0.2","46884","192.168.10.22","8081","0","38","809337"
,"57.375140000","56.125120000","10822","140","192.168.10.22","8081","10.0.0.2","46884","88","813825","38"
,"57.375183000","56.125163000","10823","140","192.168.10.22","8081","10.0.0.2","46884","88","813913","38"
,"57.375247000","56.125227000","10824","140","192.168.10.22","8081","10.0.0.2","46884","88","814001","38"
,"57.375263000","56.125243000","10825","140","192.168.10.22","8081","10.0.0.2","46884","88","814089","38"
,"57.375317000","56.125297000","10826","140","192.168.10.22","8081","10.0.0.2","46884","88","814177","38"
,"57.375330000","56.125310000","10827","140","192.168.10.22","8081","10.0.0.2","46884","88","814265","38"
,"57.375375000","56.125355000","10828","140","192.168.10.22","8081","10.0.0.2","46884","88","814353","38"
,"57.375386000","56.125366000","10829","140","192.168.10.22","8081","10.0.0.2","46884","88","814441","38"
,"57.375430000","56.125410000","10830","140","192.168.10.22","8081","10.0.0.2","46884","88","814529","38"
,"57.375444000","56.125424000","10831","140","192.168.10.22","8081","10.0.0.2","46884","88","814617","38"
,"57.437366000","56.187346000","10832","52","10.0.0.2","46884","192.168.10.22","8081","0","38","810129"
,"57.437393000","56.187373000","10833","52","10.0.0.2","46884","192.168.10.22","8081","0","38","810217"
,"57.438294000","56.188274000","10834","140","192.168.10.22","8081","10.0.0.2","46884","88","814705","38"
,"57.438331000","56.188311000","10835","140","192.168.10.22","8081","10.0.0.2","46884","88","814793","38"
,"57.438381000","56.188361000","10836","140","192.168.10.22","8081","10.0.0.2","46884","88","814881","38"
,"57.438393000","56.188373000","10837","140","192.168.10.22","8081","10.0.0.2","46884","88","814969","38"
,"57.438438000","56.188418000","10838","140","192.168.10.22","8081","10.0.0.2","46884","88","815057","38"
,"57.438451000","56.188431000","10839","140","192.168.10.22","8081","10.0.0.2","46884","88","815145","38"
,"57.438496000","56.188476000","10840","140","192.168.10.22","8081","10.0.0.2","46884","88","815233","38"
,"57.438510000","56.188490000","10841","140","192.168.10.22","8081","10.0.0.2","46884","88","815321","38"
,"57.438555000","56.188535000","10842","140","192.168.10.22","8081","10.0.0.2","46884","88","815409","38"
,"57.438566000","56.188546000","10843","140","192.168.10.22","8081","10.0.0.2","46884","88","815497","38"
,"57.499628000","56.249608000","10844","52","10.0.0.2","46884","192.168.10.22","8081","0","38","810833"
,"57.499655000","56.249635000","10845","52","10.0.0.2","46884","192.168.10.22","8081","0","38","811185"
,"57.500645000","56.250625000","10846","140","192.168.10.22","8081","10.0.0.2","46884","88","815585","38"
,"57.500687000","56.250667000","10847","140","192.168.10.22","8081","10.0.0.2","46884","88","815673","38"
,"57.500753000","56.250733000","10848","140","192.168.10.22","8081","10.0.0.2","46884","88","815761","38"
,"57.500769000","56.250749000","10849","140","192.168.10.22","8081","10.0.0.2","46884","88","815849","38"
,"57.500824000","56.250804000","10850","140","192.168.10.22","8081","10.0.0.2","46884","88","815937","38"
,"57.500837000","56.250817000","10851","140","192.168.10.22","8081","10.0.0.2","46884","88","816025","38"
,"57.500909000","56.250889000","10852","140","192.168.10.22","8081","10.0.0.2","46884","88","816113","38"
,"57.500923000","56.250903000","10853","140","192.168.10.22","8081","10.0.0.2","46884","88","816201","38"
,"57.500967000","56.250947000","10854","140","192.168.10.22","8081","10.0.0.2","46884","88","816289","38"
,"57.500981000","56.250961000","10855","140","192.168.10.22","8081","10.0.0.2","46884","88","816377","38"
,"57.501026000","56.251006000","10856","140","192.168.10.22","8081","10.0.0.2","46884","88","816465","38"
,"57.501040000","56.251020000","10857","140","192.168.10.22","8081","10.0.0.2","46884","88","816553","38"
,"57.562691000","56.312671000","10858","52","10.0.0.2","46884","192.168.10.22","8081","0","38","812065"
,"57.563652000","56.313632000","10859","140","192.168.10.22","8081","10.0.0.2","46884","88","816641","38"
,"57.563695000","56.313675000","10860","140","192.168.10.22","8081","10.0.0.2","46884","88","816729","38"
,"57.563760000","56.313740000","10861","140","192.168.10.22","8081","10.0.0.2","46884","88","816817","38"
,"57.563776000","56.313756000","10862","140","192.168.10.22","8081","10.0.0.2","46884","88","816905","38"
,"57.563831000","56.313811000","10863","140","192.168.10.22","8081","10.0.0.2","46884","88","816993","38"
,"57.563844000","56.313824000","10864","140","192.168.10.22","8081","10.0.0.2","46884","88","817081","38"
,"57.563925000","56.313905000","10865","140","192.168.10.22","8081","10.0.0.2","46884","88","817169","38"
,"57.563942000","56.313922000","10866","140","192.168.10.22","8081","10.0.0.2","46884","88","817257","38"
,"57.563988000","56.313968000","10867","140","192.168.10.22","8081","10.0.0.2","46884","88","817345","38"
,"57.564001000","56.313981000","10868","140","192.168.10.22","8081","10.0.0.2","46884","88","817433","38"
,"57.624195000","56.374175000","10869","52","10.0.0.2","46884","192.168.10.22","8081","0","38","813033"
,"57.625233000","56.375213000","10870","140","192.168.10.22","8081","10.0.0.2","46884","88","817521","38"
,"57.625274000","56.375254000","10871","140","192.168.10.22","8081","10.0.0.2","46884","88","817609","38"
,"57.625339000","56.375319000","10872","140","192.168.10.22","8081","10.0.0.2","46884","88","817697","38"
,"57.625356000","56.375336000","10873","140","192.168.10.22","8081","10.0.0.2","46884","88","817785","38"
,"57.625411000","56.375391000","10874","140","192.168.10.22","8081","10.0.0.2","46884","88","817873","38"
,"57.625424000","56.375404000","10875","140","192.168.10.22","8081","10.0.0.2","46884","88","817961","38"
,"57.625469000","56.375449000","10876","140","192.168.10.22","8081","10.0.0.2","46884","88","818049","38"
,"57.625480000","56.375460000","10877","140","192.168.10.22","8081","10.0.0.2","46884","88","818137","38"
,"57.625524000","56.375504000","10878","140","192.168.10.22","8081","10.0.0.2","46884","88","818225","38"
,"57.625538000","56.375518000","10879","140","192.168.10.22","8081","10.0.0.2","46884","88","818313","38"
,"57.687653000","56.437633000","10880","52","10.0.0.2","46884","192.168.10.22","8081","0","38","813825"
,"57.687682000","56.437662000","10881","52","10.0.0.2","46884","192.168.10.22","8081","0","38","813913"
,"57.688676000","56.438656000","10882","140","192.168.10.22","8081","10.0.0.2","46884","88","818401","38"
,"57.688717000","56.438697000","10883","140","192.168.10.22","8081","10.0.0.2","46884","88","818489","38"
,"57.688782000","56.438762000","10884","140","192.168.10.22","8081","10.0.0.2","46884","88","818577","38"
,"57.688798000","56.438778000","10885","140","192.168.10.22","8081","10.0.0.2","46884","88","818665","38"
,"57.688853000","56.438833000","10886","140","192.168.10.22","8081","10.0.0.2","46884","88","818753","38"
,"57.688866000","56.438846000","10887","140","192.168.10.22","8081","10.0.0.2","46884","88","818841","38"
,"57.688947000","56.438927000","10888","140","192.168.10.22","8081","10.0.0.2","46884","88","818929","38"
,"57.688970000","56.438950000","10889","140","192.168.10.22","8081","10.0.0.2","46884","88","819017","38"
,"57.689014000","56.438994000","10890","140","192.168.10.22","8081","10.0.0.2","46884","88","819105","38"
,"57.689028000","56.439008000","10891","140","192.168.10.22","8081","10.0.0.2","46884","88","819193","38"
,"57.749975000","56.499955000","10892","52","10.0.0.2","46884","192.168.10.22","8081","0","38","814617"
,"57.750002000","56.499982000","10893","52","10.0.0.2","46884","192.168.10.22","8081","0","38","814793"
,"57.750016000","56.499996000","10894","52","10.0.0.2","46884","192.168.10.22","8081","0","38","814881"
,"57.751023000","56.501003000","10895","140","192.168.10.22","8081","10.0.0.2","46884","88","819281","38"
,"57.751067000","56.501047000","10896","140","192.168.10.22","8081","10.0.0.2","46884","88","819369","38"
,"57.751127000","56.501107000","10897","140","192.168.10.22","8081","10.0.0.2","46884","88","819457","38"
,"57.751142000","56.501122000","10898","140","192.168.10.22","8081","10.0.0.2","46884","88","819545","38"
,"57.751188000","56.501168000","10899","140","192.168.10.22","8081","10.0.0.2","46884","88","819633","38"
,"57.751199000","56.501179000","10900","140","192.168.10.22","8081","10.0.0.2","46884","88","819721","38"
,"57.751245000","56.501225000","10901","140","192.168.10.22","8081","10.0.0.2","46884","88","819809","38"
,"57.751257000","56.501237000","10902","140","192.168.10.22","8081","10.0.0.2","46884","88","819897","38"
,"57.751301000","56.501281000","10903","140","192.168.10.22","8081","10.0.0.2","46884","88","819985","38"
,"57.751314000","56.501294000","10904","140","192.168.10.22","8081","10.0.0.2","46884","88","820073","38"
,"57.751358000","56.501338000","10905","140","192.168.10.22","8081","10.0.0.2","46884","88","820161","38"
,"57.751372000","56.501352000","10906","140","192.168.10.22","8081","10.0.0.2","46884","88","820249","38"
,"57.812112000","56.562092000","10907","52","10.0.0.2","46884","192.168.10.22","8081","0","38","815673"
,"57.812139000","56.562119000","10908","52","10.0.0.2","46884","192.168.10.22","8081","0","38","815761"
,"57.813074000","56.563054000","10909","140","192.168.10.22","8081","10.0.0.2","46884","88","820337","38"
,"57.813113000","56.563093000","10910","140","192.168.10.22","8081","10.0.0.2","46884","88","820425","38"
,"57.813166000","56.563146000","10911","140","192.168.10.22","8081","10.0.0.2","46884","88","820513","38"
,"57.813178000","56.563158000","10912","140","192.168.10.22","8081","10.0.0.2","46884","88","820601","38"
,"57.813223000","56.563203000","10913","140","192.168.10.22","8081","10.0.0.2","46884","88","820689","38"
,"57.813235000","56.563215000","10914","140","192.168.10.22","8081","10.0.0.2","46884","88","820777","38"
,"57.813281000","56.563261000","10915","140","192.168.10.22","8081","10.0.0.2","46884","88","820865","38"
,"57.813293000","56.563273000","10916","140","192.168.10.22","8081","10.0.0.2","46884","88","820953","38"
,"57.813338000","56.563318000","10917","140","192.168.10.22","8081","10.0.0.2","46884","88","821041","38"
,"57.813352000","56.563332000","10918","140","192.168.10.22","8081","10.0.0.2","46884","88","821129","38"
,"57.874614000","56.624594000","10919","52","10.0.0.2","46884","192.168.10.22","8081","0","38","816641"
,"57.875643000","56.625623000","10920","140","192.168.10.22","8081","10.0.0.2","46884","88","821217","38"
,"57.875685000","56.625665000","10921","140","192.168.10.22","8081","10.0.0.2","46884","88","821305","38"
,"57.875745000","56.625725000","10922","140","192.168.10.22","8081","10.0.0.2","46884","88","821393","38"
,"57.875761000","56.625741000","10923","140","192.168.10.22","8081","10.0.0.2","46884","88","821481","38"
,"57.875818000","56.625798000","10924","140","192.168.10.22","8081","10.0.0.2","46884","88","821569","38"
,"57.875831000","56.625811000","10925","140","192.168.10.22","8081","10.0.0.2","46884","88","821657","38"
,"57.875911000","56.625891000","10926","140","192.168.10.22","8081","10.0.0.2","46884","88","821745","38"
,"57.875929000","56.625909000","10927","140","192.168.10.22","8081","10.0.0.2","46884","88","821833","38"
,"57.875976000","56.625956000","10928","140","192.168.10.22","8081","10.0.0.2","46884","88","821921","38"
,"57.875991000","56.625971000","10929","140","192.168.10.22","8081","10.0.0.2","46884","88","822009","38"
,"57.937366000","56.687346000","10930","52","10.0.0.2","46884","192.168.10.22","8081","0","38","817169"
,"57.937394000","56.687374000","10931","52","10.0.0.2","46884","192.168.10.22","8081","0","38","817609"
,"57.938391000","56.688371000","10932","140","192.168.10.22","8081","10.0.0.2","46884","88","822097","38"
,"57.938433000","56.688413000","10933","140","192.168.10.22","8081","10.0.0.2","46884","88","822185","38"
,"57.938497000","56.688477000","10934","140","192.168.10.22","8081","10.0.0.2","46884","88","822273","38"
,"57.938514000","56.688494000","10935","140","192.168.10.22","8081","10.0.0.2","46884","88","822361","38"
,"57.938568000","56.688548000","10936","140","192.168.10.22","8081","10.0.0.2","46884","88","822449","38"
,"57.938581000","56.688561000","10937","140","192.168.10.22","8081","10.0.0.2","46884","88","822537","38"
,"57.938627000","56.688607000","10938","140","192.168.10.22","8081","10.0.0.2","46884","88","822625","38"
,"57.938639000","56.688619000","10939","140","192.168.10.22","8081","10.0.0.2","46884","88","822713","38"
,"57.938683000","56.688663000","10940","140","192.168.10.22","8081","10.0.0.2","46884","88","822801","38"
,"57.938697000","56.688677000","10941","140","192.168.10.22","8081","10.0.0.2","46884","88","822889","38"
,"57.999730000","56.749710000","10942","52","10.0.0.2","46884","192.168.10.22","8081","0","38","818401"
,"57.999755000","56.749735000","10943","52","10.0.0.2","46884","192.168.10.22","8081","0","38","818489"
,"58.000803000","56.750783000","10944","140","192.168.10.22","8081","10.0.0.2","46884","88","822977","38"
,"58.000844000","56.750824000","10945","140","192.168.10.22","8081","10.0.0.2","46884","88","823065","38"
,"58.000947000","56.750927000","10946","140","192.168.10.22","8081","10.0.0.2","46884","88","823153","38"
,"58.000967000","56.750947000","10947","140","192.168.10.22","8081","10.0.0.2","46884","88","823241","38"
,"58.001016000","56.750996000","10948","140","192.168.10.22","8081","10.0.0.2","46884","88","823329","38"
,"58.001028000","56.751008000","10949","140","192.168.10.22","8081","10.0.0.2","46884","88","823417","38"
,"58.001073000","56.751053000","10950","140","192.168.10.22","8081","10.0.0.2","46884","88","823505","38"
,"58.001087000","56.751067000","10951","140","192.168.10.22","8081","10.0.0.2","46884","88","823593","38"
,"58.001132000","56.751112000","10952","140","192.168.10.22","8081","10.0.0.2","46884","88","823681","38"
,"58.001145000","56.751125000","10953","140","192.168.10.22","8081","10.0.0.2","46884","88","823769","38"
,"58.062060000","56.812040000","10954","52","10.0.0.2","46884","192.168.10.22","8081","0","38","818665"
,"58.062087000","56.812067000","10955","52","10.0.0.2","46884","192.168.10.22","8081","0","38","819369"
,"58.062988000","56.812968000","10956","140","192.168.10.22","8081","10.0.0.2","46884","88","823857","38"
,"58.063025000","56.813005000","10957","140","192.168.10.22","8081","10.0.0.2","46884","88","823945","38"
,"58.063078000","56.813058000","10958","140","192.168.10.22","8081","10.0.0.2","46884","88","824033","38"
,"58.063090000","56.813070000","10959","140","192.168.10.22","8081","10.0.0.2","46884","88","824121","38"
,"58.063135000","56.813115000","10960","140","192.168.10.22","8081","10.0.0.2","46884","88","824209","38"
,"58.063147000","56.813127000","10961","140","192.168.10.22","8081","10.0.0.2","46884","88","824297","38"
,"58.063192000","56.813172000","10962","140","192.168.10.22","8081","10.0.0.2","46884","88","824385","38"
,"58.063203000","56.813183000","10963","140","192.168.10.22","8081","10.0.0.2","46884","88","824473","38"
,"58.063247000","56.813227000","10964","140","192.168.10.22","8081","10.0.0.2","46884","88","824561","38"
,"58.063260000","56.813240000","10965","140","192.168.10.22","8081","10.0.0.2","46884","88","824649","38"
,"58.124256000","56.874236000","10966","52","10.0.0.2","46884","192.168.10.22","8081","0","38","819985"
,"58.124282000","56.874262000","10967","52","10.0.0.2","46884","192.168.10.22","8081","0","38","820337"
,"58.125151000","56.875131000","10968","140","192.168.10.22","8081","10.0.0.2","46884","88","824737","38"
,"58.125188000","56.875168000","10969","140","192.168.10.22","8081","10.0.0.2","46884","88","824825","38"
,"58.125238000","56.875218000","10970","140","192.168.10.22","8081","10.0.0.2","46884","88","824913","38"
,"58.125250000","56.875230000","10971","140","192.168.10.22","8081","10.0.0.2","46884","88","825001","38"
,"58.125297000","56.875277000","10972","140","192.168.10.22","8081","10.0.0.2","46884","88","825089","38"
,"58.125309000","56.875289000","10973","140","192.168.10.22","8081","10.0.0.2","46884","88","825177","38"
,"58.125353000","56.875333000","10974","140","192.168.10.22","8081","10.0.0.2","46884","88","825265","38"
,"58.125365000","56.875345000","10975","140","192.168.10.22","8081","10.0.0.2","46884","88","825353","38"
,"58.125410000","56.875390000","10976","140","192.168.10.22","8081","10.0.0.2","46884","88","825441","38"
,"58.125423000","56.875403000","10977","140","192.168.10.22","8081","10.0.0.2","46884","88","825529","38"
,"58.125467000","56.875447000","10978","140","192.168.10.22","8081","10.0.0.2","46884","88","825617","38"
,"58.125481000","56.875461000","10979","140","192.168.10.22","8081","10.0.0.2","46884","88","825705","38"
,"58.187160000","56.937140000","10980","52","10.0.0.2","46884","192.168.10.22","8081","0","38","821217"
,"58.188046000","56.938026000","10981","140","192.168.10.22","8081","10.0.0.2","46884","88","825793","38"
,"58.188088000","56.938068000","10982","140","192.168.10.22","8081","10.0.0.2","46884","88","825881","38"
,"58.188144000","56.938124000","10983","140","192.168.10.22","8081","10.0.0.2","46884","88","825969","38"
,"58.188156000","56.938136000","10984","140","192.168.10.22","8081","10.0.0.2","46884","88","826057","38"
,"58.188201000","56.938181000","10985","140","192.168.10.22","8081","10.0.0.2","46884","88","826145","38"
,"58.188213000","56.938193000","10986","140","192.168.10.22","8081","10.0.0.2","46884","88","826233","38"
,"58.188258000","56.938238000","10987","140","192.168.10.22","8081","10.0.0.2","46884","88","826321","38"
,"58.188270000","56.938250000","10988","140","192.168.10.22","8081","10.0.0.2","46884","88","826409","38"
,"58.188314000","56.938294000","10989","140","192.168.10.22","8081","10.0.0.2","46884","88","826497","38"
,"58.188327000","56.938307000","10990","140","192.168.10.22","8081","10.0.0.2","46884","88","826585","38"
,"58.249856000","56.999836000","10991","52","10.0.0.2","46884","192.168.10.22","8081","0","38","822009"
,"58.249909000","56.999889000","10992","52","10.0.0.2","46884","192.168.10.22","8081","0","38","822185"
,"58.250841000","57.000821000","10993","140","192.168.10.22","8081","10.0.0.2","46884","88","826673","38"
,"58.250919000","57.000899000","10994","140","192.168.10.22","8081","10.0.0.2","46884","88","826761","38"
,"58.250986000","57.000966000","10995","140","192.168.10.22","8081","10.0.0.2","46884","88","826849","38"
,"58.251000000","57.000980000","10996","140","192.168.10.22","8081","10.0.0.2","46884","88","826937","38"
,"58.251048000","57.001028000","10997","140","192.168.10.22","8081","10.0.0.2","46884","88","827025","38"
,"58.251061000","57.001041000","10998","140","192.168.10.22","8081","10.0.0.2","46884","88","827113","38"
,"58.251107000","57.001087000","10999","140","192.168.10.22","8081","10.0.0.2","46884","88","827201","38"
,"58.251121000","57.001101000","11000","140","192.168.10.22","8081","10.0.0.2","46884","88","827289","38"
,"58.251166000","57.001146000","11001","140","192.168.10.22","8081","10.0.0.2","46884","88","827377","38"
,"58.251180000","57.001160000","11002","140","192.168.10.22","8081","10.0.0.2","46884","88","827465","38"
,"58.312085000","57.062065000","11003","52","10.0.0.2","46884","192.168.10.22","8081","0","38","822977"
,"58.312113000","57.062093000","11004","52","10.0.0.2","46884","192.168.10.22","8081","0","38","823065"
,"58.313004000","57.062984000","11005","140","192.168.10.22","8081","10.0.0.2","46884","88","827553","38"
,"58.313040000","57.063020000","11006","140","192.168.10.22","8081","10.0.0.2","46884","88","827641","38"
,"58.313091000","57.063071000","11007","140","192.168.10.22","8081","10.0.0.2","46884","88","827729","38"
,"58.313103000","57.063083000","11008","140","192.168.10.22","8081","10.0.0.2","46884","88","827817","38"
,"58.313149000","57.063129000","11009","140","192.168.10.22","8081","10.0.0.2","46884","88","827905","38"
,"58.313160000","57.063140000","11010","140","192.168.10.22","8081","10.0.0.2","46884","88","827993","38"
,"58.313204000","57.063184000","11011","140","192.168.10.22","8081","10.0.0.2","46884","88","828081","38"
,"58.313216000","57.063196000","11012","140","192.168.10.22","8081","10.0.0.2","46884","88","828169","38"
,"58.313261000","57.063241000","11013","140","192.168.10.22","8081","10.0.0.2","46884","88","828257","38"
,"58.313275000","57.063255000","11014","140","192.168.10.22","8081","10.0.0.2","46884","88","828345","38"
,"58.374297000","57.124277000","11015","52","10.0.0.2","46884","192.168.10.22","8081","0","38","823945"
,"58.374323000","57.124303000","11016","52","10.0.0.2","46884","192.168.10.22","8081","0","38","824033"
,"58.375342000","57.125322000","11017","140","192.168.10.22","8081","10.0.0.2","46884","88","828433","38"
,"58.375387000","57.125367000","11018","140","192.168.10.22","8081","10.0.0.2","46884","88","828521","38"
,"58.375454000","57.125434000","11019","140","192.168.10.22","8081","10.0.0.2","46884","88","828609","38"
,"58.375470000","57.125450000","11020","140","192.168.10.22","8081","10.0.0.2","46884","88","828697","38"
,"58.375522000","57.125502000","11021","140","192.168.10.22","8081","10.0.0.2","46884","88","828785","38"
,"58.375535000","57.125515000","11022","140","192.168.10.22","8081","10.0.0.2","46884","88","828873","38"
,"58.375581000","57.125561000","11023","140","192.168.10.22","8081","10.0.0.2","46884","88","828961","38"
,"58.375593000","57.125573000","11024","140","192.168.10.22","8081","10.0.0.2","46884","88","829049","38"
,"58.375637000","57.125617000","11025","140","192.168.10.22","8081","10.0.0.2","46884","88","829137","38"
,"58.375650000","57.125630000","11026","140","192.168.10.22","8081","10.0.0.2","46884","88","829225","38"
,"58.375695000","57.125675000","11027","140","192.168.10.22","8081","10.0.0.2","46884","88","829313","38"
,"58.375712000","57.125692000","11028","140","192.168.10.22","8081","10.0.0.2","46884","88","829401","38"
,"58.437816000","57.187796000","11029","52","10.0.0.2","46884","192.168.10.22","8081","0","38","824825"
,"58.437842000","57.187822000","11030","52","10.0.0.2","46884","192.168.10.22","8081","0","38","824913"
,"58.438928000","57.188908000","11031","140","192.168.10.22","8081","10.0.0.2","46884","88","829489","38"
,"58.438972000","57.188952000","11032","140","192.168.10.22","8081","10.0.0.2","46884","88","829577","38"
,"58.439039000","57.189019000","11033","140","192.168.10.22","8081","10.0.0.2","46884","88","829665","38"
,"58.439055000","57.189035000","11034","140","192.168.10.22","8081","10.0.0.2","46884","88","829753","38"
,"58.439102000","57.189082000","11035","140","192.168.10.22","8081","10.0.0.2","46884","88","829841","38"
,"58.439114000","57.189094000","11036","140","192.168.10.22","8081","10.0.0.2","46884","88","829929","38"
,"58.439158000","57.189138000","11037","140","192.168.10.22","8081","10.0.0.2","46884","88","830017","38"
,"58.439178000","57.189158000","11038","140","192.168.10.22","8081","10.0.0.2","46884","88","830105","38"
,"58.439223000","57.189203000","11039","140","192.168.10.22","8081","10.0.0.2","46884","88","830193","38"
,"58.439236000","57.189216000","11040","140","192.168.10.22","8081","10.0.0.2","46884","88","830281","38"
,"58.499760000","57.249740000","11041","52","10.0.0.2","46884","192.168.10.22","8081","0","38","825617"
,"58.499788000","57.249768000","11042","52","10.0.0.2","46884","192.168.10.22","8081","0","38","825881"
,"58.500763000","57.250743000","11043","140","192.168.10.22","8081","10.0.0.2","46884","88","830369","38"
,"58.500804000","57.250784000","11044","140","192.168.10.22","8081","10.0.0.2","46884","88","830457","38"
,"58.500866000","57.250846000","11045","140","192.168.10.22","8081","10.0.0.2","46884","88","830545","38"
,"58.500926000","57.250906000","11046","140","192.168.10.22","8081","10.0.0.2","46884","88","830633","38"
,"58.500983000","57.250963000","11047","140","192.168.10.22","8081","10.0.0.2","46884","88","830721","38"
,"58.500995000","57.250975000","11048","140","192.168.10.22","8081","10.0.0.2","46884","88","830809","38"
,"58.501040000","57.251020000","11049","140","192.168.10.22","8081","10.0.0.2","46884","88","830897","38"
,"58.501069000","57.251049000","11050","140","192.168.10.22","8081","10.0.0.2","46884","88","830985","38"
,"58.501113000","57.251093000","11051","140","192.168.10.22","8081","10.0.0.2","46884","88","831073","38"
,"58.501128000","57.251108000","11052","140","192.168.10.22","8081","10.0.0.2","46884","88","831161","38"
,"58.563018000","57.312998000","11053","52","10.0.0.2","46884","192.168.10.22","8081","0","38","826761"
,"58.564027000","57.314007000","11054","140","192.168.10.22","8081","10.0.0.2","46884","88","831249","38"
,"58.564070000","57.314050000","11055","140","192.168.10.22","8081","10.0.0.2","46884","88","831337","38"
,"58.564136000","57.314116000","11056","140","192.168.10.22","8081","10.0.0.2","46884","88","831425","38"
,"58.564154000","57.314134000","11057","140","192.168.10.22","8081","10.0.0.2","46884","88","831513","38"
,"58.564202000","57.314182000","11058","140","192.168.10.22","8081","10.0.0.2","46884","88","831601","38"
,"58.564214000","57.314194000","11059","140","192.168.10.22","8081","10.0.0.2","46884","88","831689","38"
,"58.564259000","57.314239000","11060","140","192.168.10.22","8081","10.0.0.2","46884","88","831777","38"
,"58.564270000","57.314250000","11061","140","192.168.10.22","8081","10.0.0.2","46884","88","831865","38"
,"58.564315000","57.314295000","11062","140","192.168.10.22","8081","10.0.0.2","46884","88","831953","38"
,"58.564328000","57.314308000","11063","140","192.168.10.22","8081","10.0.0.2","46884","88","832041","38"
,"58.624672000","57.374652000","11064","52","10.0.0.2","46884","192.168.10.22","8081","0","38","827553"
,"58.624700000","57.374680000","11065","52","10.0.0.2","46884","192.168.10.22","8081","0","38","827641"
,"58.625725000","57.375705000","11066","140","192.168.10.22","8081","10.0.0.2","46884","88","832129","38"
,"58.625767000","57.375747000","11067","140","192.168.10.22","8081","10.0.0.2","46884","88","832217","38"
,"58.625827000","57.375807000","11068","140","192.168.10.22","8081","10.0.0.2","46884","88","832305","38"
,"58.625844000","57.375824000","11069","140","192.168.10.22","8081","10.0.0.2","46884","88","832393","38"
,"58.625937000","57.375917000","11070","140","192.168.10.22","8081","10.0.0.2","46884","88","832481","38"
,"58.625953000","57.375933000","11071","140","192.168.10.22","8081","10.0.0.2","46884","88","832569","38"
,"58.625998000","57.375978000","11072","140","192.168.10.22","8081","10.0.0.2","46884","88","832657","38"
,"58.626009000","57.375989000","11073","140","192.168.10.22","8081","10.0.0.2","46884","88","832745","38"
,"58.626054000","57.376034000","11074","140","192.168.10.22","8081","10.0.0.2","46884","88","832833","38"
,"58.626068000","57.376048000","11075","140","192.168.10.22","8081","10.0.0.2","46884","88","832921","38"
,"58.688016000","57.437996000","11076","52","10.0.0.2","46884","192.168.10.22","8081","0","38","828345"
,"58.688042000","57.438022000","11077","52","10.0.0.2","46884","192.168.10.22","8081","0","38","828609"
,"58.689029000","57.439009000","11078","140","192.168.10.22","8081","10.0.0.2","46884","88","833009","38"
,"58.689071000","57.439051000","11079","140","192.168.10.22","8081","10.0.0.2","46884","88","833097","38"
,"58.689134000","57.439114000","11080","140","192.168.10.22","8081","10.0.0.2","46884","88","833185","38"
,"58.689151000","57.439131000","11081","140","192.168.10.22","8081","10.0.0.2","46884","88","833273","38"
,"58.689202000","57.439182000","11082","140","192.168.10.22","8081","10.0.0.2","46884","88","833361","38"
,"58.689215000","57.439195000","11083","140","192.168.10.22","8081","10.0.0.2","46884","88","833449","38"
,"58.689260000","57.439240000","11084","140","192.168.10.22","8081","10.0.0.2","46884","88","833537","38"
,"58.689272000","57.439252000","11085","140","192.168.10.22","8081","10.0.0.2","46884","88","833625","38"
,"58.689316000","57.439296000","11086","140","192.168.10.22","8081","10.0.0.2","46884","88","833713","38"
,"58.689330000","57.439310000","11087","140","192.168.10.22","8081","10.0.0.2","46884","88","833801","38"
,"58.689376000","57.439356000","11088","140","192.168.10.22","8081","10.0.0.2","46884","88","833889","38"
,"58.689388000","57.439368000","11089","140","192.168.10.22","8081","10.0.0.2","46884","88","833977","38"
,"58.749095000","57.499075000","11090","52","10.0.0.2","46884","192.168.10.22","8081","0","38","829401"
,"58.749123000","57.499103000","11091","52","10.0.0.2","46884","192.168.10.22","8081","0","38","829489"
,"58.750020000","57.500000000","11092","140","192.168.10.22","8081","10.0.0.2","46884","88","834065","38"
,"58.750060000","57.500040000","11093","140","192.168.10.22","8081","10.0.0.2","46884","88","834153","38"
,"58.750111000","57.500091000","11094","140","192.168.10.22","8081","10.0.0.2","46884","88","834241","38"
,"58.750123000","57.500103000","11095","140","192.168.10.22","8081","10.0.0.2","46884","88","834329","38"
,"58.750168000","57.500148000","11096","140","192.168.10.22","8081","10.0.0.2","46884","88","834417","38"
,"58.750180000","57.500160000","11097","140","192.168.10.22","8081","10.0.0.2","46884","88","834505","38"
,"58.750225000","57.500205000","11098","140","192.168.10.22","8081","10.0.0.2","46884","88","834593","38"
,"58.750237000","57.500217000","11099","140","192.168.10.22","8081","10.0.0.2","46884","88","834681","38"
,"58.750281000","57.500261000","11100","140","192.168.10.22","8081","10.0.0.2","46884","88","834769","38"
,"58.750294000","57.500274000","11101","140","192.168.10.22","8081","10.0.0.2","46884","88","834857","38"
,"58.812632000","57.562612000","11102","52","10.0.0.2","46884","192.168.10.22","8081","0","38","830281"
,"58.812655000","57.562635000","11103","52","10.0.0.2","46884","192.168.10.22","8081","0","38","830457"
,"58.813626000","57.563606000","11104","140","192.168.10.22","8081","10.0.0.2","46884","88","834945","38"
,"58.813667000","57.563647000","11105","140","192.168.10.22","8081","10.0.0.2","46884","88","835033","38"
,"58.813731000","57.563711000","11106","140","192.168.10.22","8081","10.0.0.2","46884","88","835121","38"
,"58.813748000","57.563728000","11107","140","192.168.10.22","8081","10.0.0.2","46884","88","835209","38"
,"58.813802000","57.563782000","11108","140","192.168.10.22","8081","10.0.0.2","46884","88","835297","38"
,"58.813814000","57.563794000","11109","140","192.168.10.22","8081","10.0.0.2","46884","88","835385","38"
,"58.813861000","57.563841000","11110","140","192.168.10.22","8081","10.0.0.2","46884","88","835473","38"
,"58.813872000","57.563852000","11111","140","192.168.10.22","8081","10.0.0.2","46884","88","835561","38"
,"58.813955000","57.563935000","11112","140","192.168.10.22","8081","10.0.0.2","46884","88","835649","38"
,"58.813971000","57.563951000","11113","140","192.168.10.22","8081","10.0.0.2","46884","88","835737","38"
,"58.874224000","57.624204000","11114","52","10.0.0.2","46884","192.168.10.22","8081","0","38","831337"
,"58.875234000","57.625214000","11115","140","192.168.10.22","8081","10.0.0.2","46884","88","835825","38"
,"58.875276000","57.625256000","11116","140","192.168.10.22","8081","10.0.0.2","46884","88","835913","38"
,"58.875338000","57.625318000","11117","140","192.168.10.22","8081","10.0.0.2","46884","88","836001","38"
,"58.875354000","57.625334000","11118","140","192.168.10.22","8081","10.0.0.2","46884","88","836089","38"
,"58.875409000","57.625389000","11119","140","192.168.10.22","8081","10.0.0.2","46884","88","836177","38"
,"58.875422000","57.625402000","11120","140","192.168.10.22","8081","10.0.0.2","46884","88","836265","38"
,"58.875468000","57.625448000","11121","140","192.168.10.22","8081","10.0.0.2","46884","88","836353","38"
,"58.875480000","57.625460000","11122","140","192.168.10.22","8081","10.0.0.2","46884","88","836441","38"
,"58.875524000","57.625504000","11123","140","192.168.10.22","8081","10.0.0.2","46884","88","836529","38"
,"58.875538000","57.625518000","11124","140","192.168.10.22","8081","10.0.0.2","46884","88","836617","38"
,"58.937816000","57.687796000","11125","52","10.0.0.2","46884","192.168.10.22","8081","0","38","832129"
,"58.937843000","57.687823000","11126","52","10.0.0.2","46884","192.168.10.22","8081","0","38","832305"
,"58.938910000","57.688890000","11127","140","192.168.10.22","8081","10.0.0.2","46884","88","836705","38"
,"58.938957000","57.688937000","11128","140","192.168.10.22","8081","10.0.0.2","46884","88","836793","38"
,"58.939025000","57.689005000","11129","140","192.168.10.22","8081","10.0.0.2","46884","88","836881","38"
,"58.939041000","57.689021000","11130","140","192.168.10.22","8081","10.0.0.2","46884","88","836969","38"
,"58.939088000","57.689068000","11131","140","192.168.10.22","8081","10.0.0.2","46884","88","837057","38"
,"58.939101000","57.689081000","11132","140","192.168.10.22","8081","10.0.0.2","46884","88","837145","38"
,"58.939146000","57.689126000","11133","140","192.168.10.22","8081","10.0.0.2","46884","88","837233","38"
,"58.939160000","57.689140000","11134","140","192.168.10.22","8081","10.0.0.2","46884","88","837321","38"
,"58.939205000","57.689185000","11135","140","192.168.10.22","8081","10.0.0.2","46884","88","837409","38"
,"58.939216000","57.689196000","11136","140","192.168.10.22","8081","10.0.0.2","46884","88","837497","38"
,"58.939261000","57.689241000","11137","140","192.168.10.22","8081","10.0.0.2","46884","88","837585","38"
,"58.939274000","57.689254000","11138","140","192.168.10.22","8081","10.0.0.2","46884","88","837673","38"
,"58.999558000","57.749538000","11139","52","10.0.0.2","46884","192.168.10.22","8081","0","38","833097"
,"58.999584000","57.749564000","11140","52","10.0.0.2","46884","192.168.10.22","8081","0","38","833185"
,"59.000596000","57.750576000","11141","140","192.168.10.22","8081","10.0.0.2","46884","88","837761","38"
,"59.000639000","57.750619000","11142","140","192.168.10.22","8081","10.0.0.2","46884","88","837849","38"
,"59.000705000","57.750685000","11143","140","192.168.10.22","8081","10.0.0.2","46884","88","837937","38"
,"59.000723000","57.750703000","11144","140","192.168.10.22","8081","10.0.0.2","46884","88","838025","38"
,"59.000777000","57.750757000","11145","140","192.168.10.22","8081","10.0.0.2","46884","88","838113","38"
,"59.000790000","57.750770000","11146","140","192.168.10.22","8081","10.0.0.2","46884","88","838201","38"
,"59.000836000","57.750816000","11147","140","192.168.10.22","8081","10.0.0.2","46884","88","838289","38"
,"59.000847000","57.750827000","11148","140","192.168.10.22","8081","10.0.0.2","46884","88","838377","38"
,"59.000928000","57.750908000","11149","140","192.168.10.22","8081","10.0.0.2","46884","88","838465","38"
,"59.000945000","57.750925000","11150","140","192.168.10.22","8081","10.0.0.2","46884","88","838553","38"
,"59.062122000","57.812102000","11151","52","10.0.0.2","46884","192.168.10.22","8081","0","38","834153"
,"59.063136000","57.813116000","11152","140","192.168.10.22","8081","10.0.0.2","46884","88","838641","38"
,"59.063179000","57.813159000","11153","140","192.168.10.22","8081","10.0.0.2","46884","88","838729","38"
,"59.063243000","57.813223000","11154","140","192.168.10.22","8081","10.0.0.2","46884","88","838817","38"
,"59.063259000","57.813239000","11155","140","192.168.10.22","8081","10.0.0.2","46884","88","838905","38"
,"59.063314000","57.813294000","11156","140","192.168.10.22","8081","10.0.0.2","46884","88","838993","38"
,"59.063328000","57.813308000","11157","140","192.168.10.22","8081","10.0.0.2","46884","88","839081","38"
,"59.063374000","57.813354000","11158","140","192.168.10.22","8081","10.0.0.2","46884","88","839169","38"
,"59.063385000","57.813365000","11159","140","192.168.10.22","8081","10.0.0.2","46884","88","839257","38"
,"59.063429000","57.813409000","11160","140","192.168.10.22","8081","10.0.0.2","46884","88","839345","38"
,"59.063443000","57.813423000","11161","140","192.168.10.22","8081","10.0.0.2","46884","88","839433","38"
,"59.124740000","57.874720000","11162","52","10.0.0.2","46884","192.168.10.22","8081","0","38","834945"
,"59.124765000","57.874745000","11163","52","10.0.0.2","46884","192.168.10.22","8081","0","38","835033"
,"59.125783000","57.875763000","11164","140","192.168.10.22","8081","10.0.0.2","46884","88","839521","38"
,"59.125824000","57.875804000","11165","140","192.168.10.22","8081","10.0.0.2","46884","88","839609","38"
,"59.125927000","57.875907000","11166","140","192.168.10.22","8081","10.0.0.2","46884","88","839697","38"
,"59.125948000","57.875928000","11167","140","192.168.10.22","8081","10.0.0.2","46884","88","839785","38"
,"59.126000000","57.875980000","11168","140","192.168.10.22","8081","10.0.0.2","46884","88","839873","38"
,"59.126013000","57.875993000","11169","140","192.168.10.22","8081","10.0.0.2","46884","88","839961","38"
,"59.126058000","57.876038000","11170","140","192.168.10.22","8081","10.0.0.2","46884","88","840049","38"
,"59.126080000","57.876060000","11171","140","192.168.10.22","8081","10.0.0.2","46884","88","840137","38"
,"59.126123000","57.876103000","11172","140","192.168.10.22","8081","10.0.0.2","46884","88","840225","38"
,"59.126137000","57.876117000","11173","140","192.168.10.22","8081","10.0.0.2","46884","88","840313","38"
,"59.187077000","57.937057000","11174","52","10.0.0.2","46884","192.168.10.22","8081","0","38","835737"
,"59.187104000","57.937084000","11175","52","10.0.0.2","46884","192.168.10.22","8081","0","38","835913"
,"59.187995000","57.937975000","11176","140","192.168.10.22","8081","10.0.0.2","46884","88","840401","38"
,"59.188032000","57.938012000","11177","140","192.168.10.22","8081","10.0.0.2","46884","88","840489","38"
,"59.188082000","57.938062000","11178","140","192.168.10.22","8081","10.0.0.2","46884","88","840577","38"
,"59.188094000","57.938074000","11179","140","192.168.10.22","8081","10.0.0.2","46884","88","840665","38"
,"59.188140000","57.938120000","11180","140","192.168.10.22","8081","10.0.0.2","46884","88","840753","38"
,"59.188152000","57.938132000","11181","140","192.168.10.22","8081","10.0.0.2","46884","88","840841","38"
,"59.188197000","57.938177000","11182","140","192.168.10.22","8081","10.0.0.2","46884","88","840929","38"
,"59.188209000","57.938189000","11183","140","192.168.10.22","8081","10.0.0.2","46884","88","841017","38"
,"59.188253000","57.938233000","11184","140","192.168.10.22","8081","10.0.0.2","46884","88","841105","38"
,"59.188265000","57.938245000","11185","140","192.168.10.22","8081","10.0.0.2","46884","88","841193","38"
,"59.249240000","57.999220000","11186","52","10.0.0.2","46884","192.168.10.22","8081","0","38","836441"
,"59.249265000","57.999245000","11187","52","10.0.0.2","46884","192.168.10.22","8081","0","38","836881"
,"59.250235000","58.000215000","11188","140","192.168.10.22","8081","10.0.0.2","46884","88","841281","38"
,"59.250280000","58.000260000","11189","140","192.168.10.22","8081","10.0.0.2","46884","88","841369","38"
,"59.250347000","58.000327000","11190","140","192.168.10.22","8081","10.0.0.2","46884","88","841457","38"
,"59.250364000","58.000344000","11191","140","192.168.10.22","8081","10.0.0.2","46884","88","841545","38"
,"59.250413000","58.000393000","11192","140","192.168.10.22","8081","10.0.0.2","46884","88","841633","38"
,"59.250425000","58.000405000","11193","140","192.168.10.22","8081","10.0.0.2","46884","88","841721","38"
,"59.250470000","58.000450000","11194","140","192.168.10.22","8081","10.0.0.2","46884","88","841809","38"
,"59.250481000","58.000461000","11195","140","192.168.10.22","8081","10.0.0.2","46884","88","841897","38"
,"59.250527000","58.000507000","11196","140","192.168.10.22","8081","10.0.0.2","46884","88","841985","38"
,"59.250541000","58.000521000","11197","140","192.168.10.22","8081","10.0.0.2","46884","88","842073","38"
,"59.250586000","58.000566000","11198","140","192.168.10.22","8081","10.0.0.2","46884","88","842161","38"
,"59.250599000","58.000579000","11199","140","192.168.10.22","8081","10.0.0.2","46884","88","842249","38"
,"59.312621000","58.062601000","11200","52","10.0.0.2","46884","192.168.10.22","8081","0","38","837673"
,"59.312649000","58.062629000","11201","52","10.0.0.2","46884","192.168.10.22","8081","0","38","837761"
,"59.313645000","58.063625000","11202","140","192.168.10.22","8081","10.0.0.2","46884","88","842337","38"
,"59.313687000","58.063667000","11203","140","192.168.10.22","8081","10.0.0.2","46884","88","842425","38"
,"59.313751000","58.063731000","11204","140","192.168.10.22","8081","10.0.0.2","46884","88","842513","38"
,"59.313768000","58.063748000","11205","140","192.168.10.22","8081","10.0.0.2","46884","88","842601","38"
,"59.313821000","58.063801000","11206","140","192.168.10.22","8081","10.0.0.2","46884","88","842689","38"
,"59.313833000","58.063813000","11207","140","192.168.10.22","8081","10.0.0.2","46884","88","842777","38"
,"59.313917000","58.063897000","11208","140","192.168.10.22","8081","10.0.0.2","46884","88","842865","38"
,"59.313942000","58.063922000","11209","140","192.168.10.22","8081","10.0.0.2","46884","88","842953","38"
,"59.313989000","58.063969000","11210","140","192.168.10.22","8081","10.0.0.2","46884","88","843041","38"
,"59.314003000","58.063983000","11211","140","192.168.10.22","8081","10.0.0.2","46884","88","843129","38"
,"59.374775000","58.124755000","11212","52","10.0.0.2","46884","192.168.10.22","8081","0","38","838729"
,"59.375771000","58.125751000","11213","140","192.168.10.22","8081","10.0.0.2","46884","88","843217","38"
,"59.375813000","58.125793000","11214","140","192.168.10.22","8081","10.0.0.2","46884","88","843305","38"
,"59.375898000","58.125878000","11215","140","192.168.10.22","8081","10.0.0.2","46884","88","843393","38"
,"59.375924000","58.125904000","11216","140","192.168.10.22","8081","10.0.0.2","46884","88","843481","38"
,"59.375979000","58.125959000","11217","140","192.168.10.22","8081","10.0.0.2","46884","88","843569","38"
,"59.375992000","58.125972000","11218","140","192.168.10.22","8081","10.0.0.2","46884","88","843657","38"
,"59.376037000","58.126017000","11219","140","192.168.10.22","8081","10.0.0.2","46884","88","843745","38"
,"59.376048000","58.126028000","11220","140","192.168.10.22","8081","10.0.0.2","46884","88","843833","38"
,"59.376093000","58.126073000","11221","140","192.168.10.22","8081","10.0.0.2","46884","88","843921","38"
,"59.376106000","58.126086000","11222","140","192.168.10.22","8081","10.0.0.2","46884","88","844009","38"
,"59.437384000","58.187364000","11223","52","10.0.0.2","46884","192.168.10.22","8081","0","38","839521"
,"59.437414000","58.187394000","11224","52","10.0.0.2","46884","192.168.10.22","8081","0","38","839609"
,"59.438428000","58.188408000","11225","140","192.168.10.22","8081","10.0.0.2","46884","88","844097","38"
,"59.438473000","58.188453000","11226","140","192.168.10.22","8081","10.0.0.2","46884","88","844185","38"
,"59.438538000","58.188518000","11227","140","192.168.10.22","8081","10.0.0.2","46884","88","844273","38"
,"59.438554000","58.188534000","11228","140","192.168.10.22","8081","10.0.0.2","46884","88","844361","38"
,"59.438606000","58.188586000","11229","140","192.168.10.22","8081","10.0.0.2","46884","88","844449","38"
,"59.438619000","58.188599000","11230","140","192.168.10.22","8081","10.0.0.2","46884","88","844537","38"
,"59.438664000","58.188644000","11231","140","192.168.10.22","8081","10.0.0.2","46884","88","844625","38"
,"59.438675000","58.188655000","11232","140","192.168.10.22","8081","10.0.0.2","46884","88","844713","38"
,"59.438720000","58.188700000","11233","140","192.168.10.22","8081","10.0.0.2","46884","88","844801","38"
,"59.438734000","58.188714000","11234","140","192.168.10.22","8081","10.0.0.2","46884","88","844889","38"
,"59.499753000","58.249733000","11235","52","10.0.0.2","46884","192.168.10.22","8081","0","38","840313"
,"59.499780000","58.249760000","11236","52","10.0.0.2","46884","192.168.10.22","8081","0","38","840577"
,"59.500829000","58.250809000","11237","140","192.168.10.22","8081","10.0.0.2","46884","88","844977","38"
,"59.500872000","58.250852000","11238","140","192.168.10.22","8081","10.0.0.2","46884","88","845065","38"
,"59.500978000","58.250958000","11239","140","192.168.10.22","8081","10.0.0.2","46884","88","845153","38"
,"59.500995000","58.250975000","11240","140","192.168.10.22","8081","10.0.0.2","46884","88","845241","38"
,"59.501042000","58.251022000","11241","140","192.168.10.22","8081","10.0.0.2","46884","88","845329","38"
,"59.501057000","58.251037000","11242","140","192.168.10.22","8081","10.0.0.2","46884","88","845417","38"
,"59.501102000","58.251082000","11243","140","192.168.10.22","8081","10.0.0.2","46884","88","845505","38"
,"59.501116000","58.251096000","11244","140","192.168.10.22","8081","10.0.0.2","46884","88","845593","38"
,"59.501160000","58.251140000","11245","140","192.168.10.22","8081","10.0.0.2","46884","88","845681","38"
,"59.501174000","58.251154000","11246","140","192.168.10.22","8081","10.0.0.2","46884","88","845769","38"
,"59.501218000","58.251198000","11247","140","192.168.10.22","8081","10.0.0.2","46884","88","845857","38"
,"59.501232000","58.251212000","11248","140","192.168.10.22","8081","10.0.0.2","46884","88","845945","38"
,"59.562456000","58.312436000","11249","52","10.0.0.2","46884","192.168.10.22","8081","0","38","841457"
,"59.563483000","58.313463000","11250","140","192.168.10.22","8081","10.0.0.2","46884","88","846033","38"
,"59.563525000","58.313505000","11251","140","192.168.10.22","8081","10.0.0.2","46884","88","846121","38"
,"59.563586000","58.313566000","11252","140","192.168.10.22","8081","10.0.0.2","46884","88","846209","38"
,"59.563602000","58.313582000","11253","140","192.168.10.22","8081","10.0.0.2","46884","88","846297","38"
,"59.563656000","58.313636000","11254","140","192.168.10.22","8081","10.0.0.2","46884","88","846385","38"
,"59.563669000","58.313649000","11255","140","192.168.10.22","8081","10.0.0.2","46884","88","846473","38"
,"59.563714000","58.313694000","11256","140","192.168.10.22","8081","10.0.0.2","46884","88","846561","38"
,"59.563726000","58.313706000","11257","140","192.168.10.22","8081","10.0.0.2","46884","88","846649","38"
,"59.563770000","58.313750000","11258","140","192.168.10.22","8081","10.0.0.2","46884","88","846737","38"
,"59.563785000","58.313765000","11259","140","192.168.10.22","8081","10.0.0.2","46884","88","846825","38"
,"59.624293000","58.374273000","11260","52","10.0.0.2","46884","192.168.10.22","8081","0","38","842425"
,"59.625276000","58.375256000","11261","140","192.168.10.22","8081","10.0.0.2","46884","88","846913","38"
,"59.625319000","58.375299000","11262","140","192.168.10.22","8081","10.0.0.2","46884","88","847001","38"
,"59.625383000","58.375363000","11263","140","192.168.10.22","8081","10.0.0.2","46884","88","847089","38"
,"59.625399000","58.375379000","11264","140","192.168.10.22","8081","10.0.0.2","46884","88","847177","38"
,"59.625456000","58.375436000","11265","140","192.168.10.22","8081","10.0.0.2","46884","88","847265","38"
,"59.625469000","58.375449000","11266","140","192.168.10.22","8081","10.0.0.2","46884","88","847353","38"
,"59.625516000","58.375496000","11267","140","192.168.10.22","8081","10.0.0.2","46884","88","847441","38"
,"59.625527000","58.375507000","11268","140","192.168.10.22","8081","10.0.0.2","46884","88","847529","38"
,"59.625571000","58.375551000","11269","140","192.168.10.22","8081","10.0.0.2","46884","88","847617","38"
,"59.625585000","58.375565000","11270","140","192.168.10.22","8081","10.0.0.2","46884","88","847705","38"
,"59.687387000","58.437367000","11271","52","10.0.0.2","46884","192.168.10.22","8081","0","38","843217"
,"59.687415000","58.437395000","11272","52","10.0.0.2","46884","192.168.10.22","8081","0","38","843305"
,"59.688273000","58.438253000","11273","140","192.168.10.22","8081","10.0.0.2","46884","88","847793","38"
,"59.688309000","58.438289000","11274","140","192.168.10.22","8081","10.0.0.2","46884","88","847881","38"
,"59.688360000","58.438340000","11275","140","192.168.10.22","8081","10.0.0.2","46884","88","847969","38"
,"59.688372000","58.438352000","11276","140","192.168.10.22","8081","10.0.0.2","46884","88","848057","38"
,"59.688417000","58.438397000","11277","140","192.168.10.22","8081","10.0.0.2","46884","88","848145","38"
,"59.688429000","58.438409000","11278","140","192.168.10.22","8081","10.0.0.2","46884","88","848233","38"
,"59.688475000","58.438455000","11279","140","192.168.10.22","8081","10.0.0.2","46884","88","848321","38"
,"59.688487000","58.438467000","11280","140","192.168.10.22","8081","10.0.0.2","46884","88","848409","38"
,"59.688532000","58.438512000","11281","140","192.168.10.22","8081","10.0.0.2","46884","88","848497","38"
,"59.688545000","58.438525000","11282","140","192.168.10.22","8081","10.0.0.2","46884","88","848585","38"
,"59.749311000","58.499291000","11283","52","10.0.0.2","46884","192.168.10.22","8081","0","38","844097"
,"59.749335000","58.499315000","11284","52","10.0.0.2","46884","192.168.10.22","8081","0","38","844185"
,"59.750195000","58.500175000","11285","140","192.168.10.22","8081","10.0.0.2","46884","88","848673","38"
,"59.750232000","58.500212000","11286","140","192.168.10.22","8081","10.0.0.2","46884","88","848761","38"
,"59.750283000","58.500263000","11287","140","192.168.10.22","8081","10.0.0.2","46884","88","848849","38"
,"59.750295000","58.500275000","11288","140","192.168.10.22","8081","10.0.0.2","46884","88","848937","38"
,"59.750341000","58.500321000","11289","140","192.168.10.22","8081","10.0.0.2","46884","88","849025","38"
,"59.750353000","58.500333000","11290","140","192.168.10.22","8081","10.0.0.2","46884","88","849113","38"
,"59.750397000","58.500377000","11291","140","192.168.10.22","8081","10.0.0.2","46884","88","849201","38"
,"59.750408000","58.500388000","11292","140","192.168.10.22","8081","10.0.0.2","46884","88","849289","38"
,"59.750452000","58.500432000","11293","140","192.168.10.22","8081","10.0.0.2","46884","88","849377","38"
,"59.750466000","58.500446000","11294","140","192.168.10.22","8081","10.0.0.2","46884","88","849465","38"
,"59.812751000","58.562731000","11295","52","10.0.0.2","46884","192.168.10.22","8081","0","38","844889"
,"59.812778000","58.562758000","11296","52","10.0.0.2","46884","192.168.10.22","8081","0","38","845065"
,"59.812793000","58.562773000","11297","52","10.0.0.2","46884","192.168.10.22","8081","0","38","845153"
,"59.813831000","58.563811000","11298","140","192.168.10.22","8081","10.0.0.2","46884","88","849553","38"
,"59.813873000","58.563853000","11299","140","192.168.10.22","8081","10.0.0.2","46884","88","849641","38"
,"59.813971000","58.563951000","11300","140","192.168.10.22","8081","10.0.0.2","46884","88","849729","38"
,"59.813987000","58.563967000","11301","140","192.168.10.22","8081","10.0.0.2","46884","88","849817","38"
,"59.814034000","58.564014000","11302","140","192.168.10.22","8081","10.0.0.2","46884","88","849905","38"
,"59.814045000","58.564025000","11303","140","192.168.10.22","8081","10.0.0.2","46884","88","849993","38"
,"59.814091000","58.564071000","11304","140","192.168.10.22","8081","10.0.0.2","46884","88","850081","38"
,"59.814104000","58.564084000","11305","140","192.168.10.22","8081","10.0.0.2","46884","88","850169","38"
,"59.814150000","58.564130000","11306","140","192.168.10.22","8081","10.0.0.2","46884","88","850257","38"
,"59.814163000","58.564143000","11307","140","192.168.10.22","8081","10.0.0.2","46884","88","850345","38"
,"59.814208000","58.564188000","11308","140","192.168.10.22","8081","10.0.0.2","46884","88","850433","38"
,"59.814222000","58.564202000","11309","140","192.168.10.22","8081","10.0.0.2","46884","88","850521","38"
,"59.874199000","58.624179000","11310","52","10.0.0.2","46884","192.168.10.22","8081","0","38","846033"
,"59.875106000","58.625086000","11311","140","192.168.10.22","8081","10.0.0.2","46884","88","850609","38"
,"59.875143000","58.625123000","11312","140","192.168.10.22","8081","10.0.0.2","46884","88","850697","38"
,"59.875194000","58.625174000","11313","140","192.168.10.22","8081","10.0.0.2","46884","88","850785","38"
,"59.875206000","58.625186000","11314","140","192.168.10.22","8081","10.0.0.2","46884","88","850873","38"
,"59.875252000","58.625232000","11315","140","192.168.10.22","8081","10.0.0.2","46884","88","850961","38"
,"59.875265000","58.625245000","11316","140","192.168.10.22","8081","10.0.0.2","46884","88","851049","38"
,"59.875311000","58.625291000","11317","140","192.168.10.22","8081","10.0.0.2","46884","88","851137","38"
,"59.875323000","58.625303000","11318","140","192.168.10.22","8081","10.0.0.2","46884","88","851225","38"
,"59.875367000","58.625347000","11319","140","192.168.10.22","8081","10.0.0.2","46884","88","851313","38"
,"59.875381000","58.625361000","11320","140","192.168.10.22","8081","10.0.0.2","46884","88","851401","38"
,"59.937213000","58.687193000","11321","52","10.0.0.2","46884","192.168.10.22","8081","0","38","846825"
,"59.937241000","58.687221000","11322","52","10.0.0.2","46884","192.168.10.22","8081","0","38","847001"
,"59.938123000","58.688103000","11323","140","192.168.10.22","8081","10.0.0.2","46884","88","851489","38"
,"59.938160000","58.688140000","11324","140","192.168.10.22","8081","10.0.0.2","46884","88","851577","38"
,"59.938213000","58.688193000","11325","140","192.168.10.22","8081","10.0.0.2","46884","88","851665","38"
,"59.938225000","58.688205000","11326","140","192.168.10.22","8081","10.0.0.2","46884","88","851753","38"
,"59.938270000","58.688250000","11327","140","192.168.10.22","8081","10.0.0.2","46884","88","851841","38"
,"59.938281000","58.688261000","11328","140","192.168.10.22","8081","10.0.0.2","46884","88","851929","38"
,"59.938326000","58.688306000","11329","140","192.168.10.22","8081","10.0.0.2","46884","88","852017","38"
,"59.938338000","58.688318000","11330","140","192.168.10.22","8081","10.0.0.2","46884","88","852105","38"
,"59.938382000","58.688362000","11331","140","192.168.10.22","8081","10.0.0.2","46884","88","852193","38"
,"59.938396000","58.688376000","11332","140","192.168.10.22","8081","10.0.0.2","46884","88","852281","38"
,"59.999212000","58.749192000","11333","52","10.0.0.2","46884","192.168.10.22","8081","0","38","847793"
,"59.999239000","58.749219000","11334","52","10.0.0.2","46884","192.168.10.22","8081","0","38","847881"
,"60.000110000","58.750090000","11335","140","192.168.10.22","8081","10.0.0.2","46884","88","852369","38"
,"60.000146000","58.750126000","11336","140","192.168.10.22","8081","10.0.0.2","46884","88","852457","38"
,"60.000197000","58.750177000","11337","140","192.168.10.22","8081","10.0.0.2","46884","88","852545","38"
,"60.000210000","58.750190000","11338","140","192.168.10.22","8081","10.0.0.2","46884","88","852633","38"
,"60.000256000","58.750236000","11339","140","192.168.10.22","8081","10.0.0.2","46884","88","852721","38"
,"60.000267000","58.750247000","11340","140","192.168.10.22","8081","10.0.0.2","46884","88","852809","38"
,"60.000313000","58.750293000","11341","140","192.168.10.22","8081","10.0.0.2","46884","88","852897","38"
,"60.000324000","58.750304000","11342","140","192.168.10.22","8081","10.0.0.2","46884","88","852985","38"
,"60.000368000","58.750348000","11343","140","192.168.10.22","8081","10.0.0.2","46884","88","853073","38"
,"60.000381000","58.750361000","11344","140","192.168.10.22","8081","10.0.0.2","46884","88","853161","38"
,"60.062356000","58.812336000","11345","52","10.0.0.2","46884","192.168.10.22","8081","0","38","848761"
,"60.062383000","58.812363000","11346","52","10.0.0.2","46884","192.168.10.22","8081","0","38","848849"
,"60.063264000","58.813244000","11347","140","192.168.10.22","8081","10.0.0.2","46884","88","853249","38"
,"60.063300000","58.813280000","11348","140","192.168.10.22","8081","10.0.0.2","46884","88","853337","38"
,"60.063353000","58.813333000","11349","140","192.168.10.22","8081","10.0.0.2","46884","88","853425","38"
,"60.063365000","58.813345000","11350","140","192.168.10.22","8081","10.0.0.2","46884","88","853513","38"
,"60.063412000","58.813392000","11351","140","192.168.10.22","8081","10.0.0.2","46884","88","853601","38"
,"60.063424000","58.813404000","11352","140","192.168.10.22","8081","10.0.0.2","46884","88","853689","38"
,"60.063469000","58.813449000","11353","140","192.168.10.22","8081","10.0.0.2","46884","88","853777","38"
,"60.063481000","58.813461000","11354","140","192.168.10.22","8081","10.0.0.2","46884","88","853865","38"
,"60.063525000","58.813505000","11355","140","192.168.10.22","8081","10.0.0.2","46884","88","853953","38"
,"60.063538000","58.813518000","11356","140","192.168.10.22","8081","10.0.0.2","46884","88","854041","38"
,"60.063583000","58.813563000","11357","140","192.168.10.22","8081","10.0.0.2","46884","88","854129","38"
,"60.063601000","58.813581000","11358","140","192.168.10.22","8081","10.0.0.2","46884","88","854217","38"
,"60.124376000","58.874356000","11359","52","10.0.0.2","46884","192.168.10.22","8081","0","38","849641"
,"60.124403000","58.874383000","11360","52","10.0.0.2","46884","192.168.10.22","8081","0","38","849729"
,"60.125269000","58.875249000","11361","140","192.168.10.22","8081","10.0.0.2","46884","88","854305","38"
,"60.125305000","58.875285000","11362","140","192.168.10.22","8081","10.0.0.2","46884","88","854393","38"
,"60.125357000","58.875337000","11363","140","192.168.10.22","8081","10.0.0.2","46884","88","854481","38"
,"60.125369000","58.875349000","11364","140","192.168.10.22","8081","10.0.0.2","46884","88","854569","38"
,"60.125414000","58.875394000","11365","140","192.168.10.22","8081","10.0.0.2","46884","88","854657","38"
,"60.125426000","58.875406000","11366","140","192.168.10.22","8081","10.0.0.2","46884","88","854745","38"
,"60.125472000","58.875452000","11367","140","192.168.10.22","8081","10.0.0.2","46884","88","854833","38"
,"60.125483000","58.875463000","11368","140","192.168.10.22","8081","10.0.0.2","46884","88","854921","38"
,"60.125528000","58.875508000","11369","140","192.168.10.22","8081","10.0.0.2","46884","88","855009","38"
,"60.125541000","58.875521000","11370","140","192.168.10.22","8081","10.0.0.2","46884","88","855097","38"
,"60.187223000","58.937203000","11371","52","10.0.0.2","46884","192.168.10.22","8081","0","38","850081"
,"60.187250000","58.937230000","11372","52","10.0.0.2","46884","192.168.10.22","8081","0","38","850697"
,"60.188136000","58.938116000","11373","140","192.168.10.22","8081","10.0.0.2","46884","88","855185","38"
,"60.188177000","58.938157000","11374","140","192.168.10.22","8081","10.0.0.2","46884","88","855273","38"
,"60.188232000","58.938212000","11375","140","192.168.10.22","8081","10.0.0.2","46884","88","855361","38"
,"60.188244000","58.938224000","11376","140","192.168.10.22","8081","10.0.0.2","46884","88","855449","38"
,"60.188290000","58.938270000","11377","140","192.168.10.22","8081","10.0.0.2","46884","88","855537","38"
,"60.188301000","58.938281000","11378","140","192.168.10.22","8081","10.0.0.2","46884","88","855625","38"
,"60.188347000","58.938327000","11379","140","192.168.10.22","8081","10.0.0.2","46884","88","855713","38"
,"60.188359000","58.938339000","11380","140","192.168.10.22","8081","10.0.0.2","46884","88","855801","38"
,"60.188403000","58.938383000","11381","140","192.168.10.22","8081","10.0.0.2","46884","88","855889","38"
,"60.188416000","58.938396000","11382","140","192.168.10.22","8081","10.0.0.2","46884","88","855977","38"
,"60.249797000","58.999777000","11383","52","10.0.0.2","46884","192.168.10.22","8081","0","38","850961"
,"60.249824000","58.999804000","11384","52","10.0.0.2","46884","192.168.10.22","8081","0","38","851577"
,"60.250843000","59.000823000","11385","140","192.168.10.22","8081","10.0.0.2","46884","88","856065","38"
,"60.250926000","59.000906000","11386","140","192.168.10.22","8081","10.0.0.2","46884","88","856153","38"
,"60.250997000","59.000977000","11387","140","192.168.10.22","8081","10.0.0.2","46884","88","856241","38"
,"60.251012000","59.000992000","11388","140","192.168.10.22","8081","10.0.0.2","46884","88","856329","38"
,"60.251059000","59.001039000","11389","140","192.168.10.22","8081","10.0.0.2","46884","88","856417","38"
,"60.251072000","59.001052000","11390","140","192.168.10.22","8081","10.0.0.2","46884","88","856505","38"
,"60.251118000","59.001098000","11391","140","192.168.10.22","8081","10.0.0.2","46884","88","856593","38"
,"60.251132000","59.001112000","11392","140","192.168.10.22","8081","10.0.0.2","46884","88","856681","38"
,"60.251178000","59.001158000","11393","140","192.168.10.22","8081","10.0.0.2","46884","88","856769","38"
,"60.251192000","59.001172000","11394","140","192.168.10.22","8081","10.0.0.2","46884","88","856857","38"
,"60.312452000","59.062432000","11395","52","10.0.0.2","46884","192.168.10.22","8081","0","38","852017"
,"60.312480000","59.062460000","11396","52","10.0.0.2","46884","192.168.10.22","8081","0","38","852457"
,"60.313474000","59.063454000","11397","140","192.168.10.22","8081","10.0.0.2","46884","88","856945","38"
,"60.313517000","59.063497000","11398","140","192.168.10.22","8081","10.0.0.2","46884","88","857033","38"
,"60.313581000","59.063561000","11399","140","192.168.10.22","8081","10.0.0.2","46884","88","857121","38"
,"60.313596000","59.063576000","11400","140","192.168.10.22","8081","10.0.0.2","46884","88","857209","38"
,"60.313652000","59.063632000","11401","140","192.168.10.22","8081","10.0.0.2","46884","88","857297","38"
,"60.313665000","59.063645000","11402","140","192.168.10.22","8081","10.0.0.2","46884","88","857385","38"
,"60.313711000","59.063691000","11403","140","192.168.10.22","8081","10.0.0.2","46884","88","857473","38"
,"60.313722000","59.063702000","11404","140","192.168.10.22","8081","10.0.0.2","46884","88","857561","38"
,"60.313767000","59.063747000","11405","140","192.168.10.22","8081","10.0.0.2","46884","88","857649","38"
,"60.313780000","59.063760000","11406","140","192.168.10.22","8081","10.0.0.2","46884","88","857737","38"
,"60.374118000","59.124098000","11407","52","10.0.0.2","46884","192.168.10.22","8081","0","38","853425"
,"60.375140000","59.125120000","11408","140","192.168.10.22","8081","10.0.0.2","46884","88","857825","38"
,"60.375182000","59.125162000","11409","140","192.168.10.22","8081","10.0.0.2","46884","88","857913","38"
,"60.375246000","59.125226000","11410","140","192.168.10.22","8081","10.0.0.2","46884","88","858001","38"
,"60.375262000","59.125242000","11411","140","192.168.10.22","8081","10.0.0.2","46884","88","858089","38"
,"60.375316000","59.125296000","11412","140","192.168.10.22","8081","10.0.0.2","46884","88","858177","38"
,"60.375329000","59.125309000","11413","140","192.168.10.22","8081","10.0.0.2","46884","88","858265","38"
,"60.375374000","59.125354000","11414","140","192.168.10.22","8081","10.0.0.2","46884","88","858353","38"
,"60.375386000","59.125366000","11415","140","192.168.10.22","8081","10.0.0.2","46884","88","858441","38"
,"60.375431000","59.125411000","11416","140","192.168.10.22","8081","10.0.0.2","46884","88","858529","38"
,"60.375444000","59.125424000","11417","140","192.168.10.22","8081","10.0.0.2","46884","88","858617","38"
,"60.375488000","59.125468000","11418","140","192.168.10.22","8081","10.0.0.2","46884","88","858705","38"
,"60.375502000","59.125482000","11419","140","192.168.10.22","8081","10.0.0.2","46884","88","858793","38"
,"60.437775000","59.187755000","11420","52","10.0.0.2","46884","192.168.10.22","8081","0","38","854217"
,"60.437803000","59.187783000","11421","52","10.0.0.2","46884","192.168.10.22","8081","0","38","854305"
,"60.438850000","59.188830000","11422","140","192.168.10.22","8081","10.0.0.2","46884","88","858881","38"
,"60.438922000","59.188902000","11423","140","192.168.10.22","8081","10.0.0.2","46884","88","858969","38"
,"60.438986000","59.188966000","11424","140","192.168.10.22","8081","10.0.0.2","46884","88","859057","38"
,"60.439003000","59.188983000","11425","140","192.168.10.22","8081","10.0.0.2","46884","88","859145","38"
,"60.439055000","59.189035000","11426","140","192.168.10.22","8081","10.0.0.2","46884","88","859233","38"
,"60.439069000","59.189049000","11427","140","192.168.10.22","8081","10.0.0.2","46884","88","859321","38"
,"60.439114000","59.189094000","11428","140","192.168.10.22","8081","10.0.0.2","46884","88","859409","38"
,"60.439128000","59.189108000","11429","140","192.168.10.22","8081","10.0.0.2","46884","88","859497","38"
,"60.439172000","59.189152000","11430","140","192.168.10.22","8081","10.0.0.2","46884","88","859585","38"
,"60.439185000","59.189165000","11431","140","192.168.10.22","8081","10.0.0.2","46884","88","859673","38"
,"60.499389000","59.249369000","11432","52","10.0.0.2","46884","192.168.10.22","8081","0","38","855097"
,"60.499415000","59.249395000","11433","52","10.0.0.2","46884","192.168.10.22","8081","0","38","855273"
,"60.500424000","59.250404000","11434","140","192.168.10.22","8081","10.0.0.2","46884","88","859761","38"
,"60.500465000","59.250445000","11435","140","192.168.10.22","8081","10.0.0.2","46884","88","859849","38"
,"60.500531000","59.250511000","11436","140","192.168.10.22","8081","10.0.0.2","46884","88","859937","38"
,"60.500548000","59.250528000","11437","140","192.168.10.22","8081","10.0.0.2","46884","88","860025","38"
,"60.500603000","59.250583000","11438","140","192.168.10.22","8081","10.0.0.2","46884","88","860113","38"
,"60.500616000","59.250596000","11439","140","192.168.10.22","8081","10.0.0.2","46884","88","860201","38"
,"60.500662000","59.250642000","11440","140","192.168.10.22","8081","10.0.0.2","46884","88","860289","38"
,"60.500673000","59.250653000","11441","140","192.168.10.22","8081","10.0.0.2","46884","88","860377","38"
,"60.500718000","59.250698000","11442","140","192.168.10.22","8081","10.0.0.2","46884","88","860465","38"
,"60.500731000","59.250711000","11443","140","192.168.10.22","8081","10.0.0.2","46884","88","860553","38"
,"60.562915000","59.312895000","11444","52","10.0.0.2","46884","192.168.10.22","8081","0","38","856153"
,"60.563956000","59.313936000","11445","140","192.168.10.22","8081","10.0.0.2","46884","88","860641","38"
,"60.563998000","59.313978000","11446","140","192.168.10.22","8081","10.0.0.2","46884","88","860729","38"
,"60.564061000","59.314041000","11447","140","192.168.10.22","8081","10.0.0.2","46884","88","860817","38"
,"60.564077000","59.314057000","11448","140","192.168.10.22","8081","10.0.0.2","46884","88","860905","38"
,"60.564127000","59.314107000","11449","140","192.168.10.22","8081","10.0.0.2","46884","88","860993","38"
,"60.564140000","59.314120000","11450","140","192.168.10.22","8081","10.0.0.2","46884","88","861081","38"
,"60.564186000","59.314166000","11451","140","192.168.10.22","8081","10.0.0.2","46884","88","861169","38"
,"60.564197000","59.314177000","11452","140","192.168.10.22","8081","10.0.0.2","46884","88","861257","38"
,"60.564242000","59.314222000","11453","140","192.168.10.22","8081","10.0.0.2","46884","88","861345","38"
,"60.564256000","59.314236000","11454","140","192.168.10.22","8081","10.0.0.2","46884","88","861433","38"
,"60.624644000","59.374624000","11455","52","10.0.0.2","46884","192.168.10.22","8081","0","38","857121"
,"60.625635000","59.375615000","11456","140","192.168.10.22","8081","10.0.0.2","46884","88","861521","38"
,"60.625680000","59.375660000","11457","140","192.168.10.22","8081","10.0.0.2","46884","88","861609","38"
,"60.625747000","59.375727000","11458","140","192.168.10.22","8081","10.0.0.2","46884","88","861697","38"
,"60.625763000","59.375743000","11459","140","192.168.10.22","8081","10.0.0.2","46884","88","861785","38"
,"60.625814000","59.375794000","11460","140","192.168.10.22","8081","10.0.0.2","46884","88","861873","38"
,"60.625827000","59.375807000","11461","140","192.168.10.22","8081","10.0.0.2","46884","88","861961","38"
,"60.625893000","59.375873000","11462","140","192.168.10.22","8081","10.0.0.2","46884","88","862049","38"
,"60.625920000","59.375900000","11463","140","192.168.10.22","8081","10.0.0.2","46884","88","862137","38"
,"60.625966000","59.375946000","11464","140","192.168.10.22","8081","10.0.0.2","46884","88","862225","38"
,"60.625981000","59.375961000","11465","140","192.168.10.22","8081","10.0.0.2","46884","88","862313","38"
,"60.626025000","59.376005000","11466","140","192.168.10.22","8081","10.0.0.2","46884","88","862401","38"
,"60.626039000","59.376019000","11467","140","192.168.10.22","8081","10.0.0.2","46884","88","862489","38"
,"60.687347000","59.437327000","11468","52","10.0.0.2","46884","192.168.10.22","8081","0","38","857913"
,"60.687373000","59.437353000","11469","52","10.0.0.2","46884","192.168.10.22","8081","0","38","858001"
,"60.688411000","59.438391000","11470","140","192.168.10.22","8081","10.0.0.2","46884","88","862577","38"
,"60.688453000","59.438433000","11471","140","192.168.10.22","8081","10.0.0.2","46884","88","862665","38"
,"60.688516000","59.438496000","11472","140","192.168.10.22","8081","10.0.0.2","46884","88","862753","38"
,"60.688532000","59.438512000","11473","140","192.168.10.22","8081","10.0.0.2","46884","88","862841","38"
,"60.688588000","59.438568000","11474","140","192.168.10.22","8081","10.0.0.2","46884","88","862929","38"
,"60.688601000","59.438581000","11475","140","192.168.10.22","8081","10.0.0.2","46884","88","863017","38"
,"60.688648000","59.438628000","11476","140","192.168.10.22","8081","10.0.0.2","46884","88","863105","38"
,"60.688660000","59.438640000","11477","140","192.168.10.22","8081","10.0.0.2","46884","88","863193","38"
,"60.688704000","59.438684000","11478","140","192.168.10.22","8081","10.0.0.2","46884","88","863281","38"
,"60.688717000","59.438697000","11479","140","192.168.10.22","8081","10.0.0.2","46884","88","863369","38"
,"60.749803000","59.499783000","11480","52","10.0.0.2","46884","192.168.10.22","8081","0","38","858793"
,"60.749830000","59.499810000","11481","52","10.0.0.2","46884","192.168.10.22","8081","0","38","858969"
,"60.750913000","59.500893000","11482","140","192.168.10.22","8081","10.0.0.2","46884","88","863457","38"
,"60.750961000","59.500941000","11483","140","192.168.10.22","8081","10.0.0.2","46884","88","863545","38"
,"60.751029000","59.501009000","11484","140","192.168.10.22","8081","10.0.0.2","46884","88","863633","38"
,"60.751044000","59.501024000","11485","140","192.168.10.22","8081","10.0.0.2","46884","88","863721","38"
,"60.751091000","59.501071000","11486","140","192.168.10.22","8081","10.0.0.2","46884","88","863809","38"
,"60.751116000","59.501096000","11487","140","192.168.10.22","8081","10.0.0.2","46884","88","863897","38"
,"60.751161000","59.501141000","11488","140","192.168.10.22","8081","10.0.0.2","46884","88","863985","38"
,"60.751176000","59.501156000","11489","140","192.168.10.22","8081","10.0.0.2","46884","88","864073","38"
,"60.751221000","59.501201000","11490","140","192.168.10.22","8081","10.0.0.2","46884","88","864161","38"
,"60.751233000","59.501213000","11491","140","192.168.10.22","8081","10.0.0.2","46884","88","864249","38"
,"60.812508000","59.562488000","11492","52","10.0.0.2","46884","192.168.10.22","8081","0","38","859673"
,"60.812535000","59.562515000","11493","52","10.0.0.2","46884","192.168.10.22","8081","0","38","859849"
,"60.813538000","59.563518000","11494","140","192.168.10.22","8081","10.0.0.2","46884","88","864337","38"
,"60.813579000","59.563559000","11495","140","192.168.10.22","8081","10.0.0.2","46884","88","864425","38"
,"60.813643000","59.563623000","11496","140","192.168.10.22","8081","10.0.0.2","46884","88","864513","38"
,"60.813659000","59.563639000","11497","140","192.168.10.22","8081","10.0.0.2","46884","88","864601","38"
,"60.813714000","59.563694000","11498","140","192.168.10.22","8081","10.0.0.2","46884","88","864689","38"
,"60.813727000","59.563707000","11499","140","192.168.10.22","8081","10.0.0.2","46884","88","864777","38"
,"60.813773000","59.563753000","11500","140","192.168.10.22","8081","10.0.0.2","46884","88","864865","38"
,"60.813785000","59.563765000","11501","140","192.168.10.22","8081","10.0.0.2","46884","88","864953","38"
,"60.813829000","59.563809000","11502","140","192.168.10.22","8081","10.0.0.2","46884","88","865041","38"
,"60.813843000","59.563823000","11503","140","192.168.10.22","8081","10.0.0.2","46884","88","865129","38"
,"60.874172000","59.624152000","11504","52","10.0.0.2","46884","192.168.10.22","8081","0","38","860729"
,"60.875186000","59.625166000","11505","140","192.168.10.22","8081","10.0.0.2","46884","88","865217","38"
,"60.875228000","59.625208000","11506","140","192.168.10.22","8081","10.0.0.2","46884","88","865305","38"
,"60.875289000","59.625269000","11507","140","192.168.10.22","8081","10.0.0.2","46884","88","865393","38"
,"60.875306000","59.625286000","11508","140","192.168.10.22","8081","10.0.0.2","46884","88","865481","38"
,"60.875358000","59.625338000","11509","140","192.168.10.22","8081","10.0.0.2","46884","88","865569","38"
,"60.875371000","59.625351000","11510","140","192.168.10.22","8081","10.0.0.2","46884","88","865657","38"
,"60.875416000","59.625396000","11511","140","192.168.10.22","8081","10.0.0.2","46884","88","865745","38"
,"60.875428000","59.625408000","11512","140","192.168.10.22","8081","10.0.0.2","46884","88","865833","38"
,"60.875471000","59.625451000","11513","140","192.168.10.22","8081","10.0.0.2","46884","88","865921","38"
,"60.875485000","59.625465000","11514","140","192.168.10.22","8081","10.0.0.2","46884","88","866009","38"
,"60.937698000","59.687678000","11515","52","10.0.0.2","46884","192.168.10.22","8081","0","38","861521"
,"60.937725000","59.687705000","11516","52","10.0.0.2","46884","192.168.10.22","8081","0","38","861697"
,"60.938781000","59.688761000","11517","140","192.168.10.22","8081","10.0.0.2","46884","88","866097","38"
,"60.938823000","59.688803000","11518","140","192.168.10.22","8081","10.0.0.2","46884","88","866185","38"
,"60.938924000","59.688904000","11519","140","192.168.10.22","8081","10.0.0.2","46884","88","866273","38"
,"60.938944000","59.688924000","11520","140","192.168.10.22","8081","10.0.0.2","46884","88","866361","38"
,"60.938992000","59.688972000","11521","140","192.168.10.22","8081","10.0.0.2","46884","88","866449","38"
,"60.939004000","59.688984000","11522","140","192.168.10.22","8081","10.0.0.2","46884","88","866537","38"
,"60.939049000","59.689029000","11523","140","192.168.10.22","8081","10.0.0.2","46884","88","866625","38"
,"60.939073000","59.689053000","11524","140","192.168.10.22","8081","10.0.0.2","46884","88","866713","38"
,"60.939116000","59.689096000","11525","140","192.168.10.22","8081","10.0.0.2","46884","88","866801","38"
,"60.939129000","59.689109000","11526","140","192.168.10.22","8081","10.0.0.2","46884","88","866889","38"
,"60.939173000","59.689153000","11527","140","192.168.10.22","8081","10.0.0.2","46884","88","866977","38"
,"60.939186000","59.689166000","11528","140","192.168.10.22","8081","10.0.0.2","46884","88","867065","38"
,"60.999441000","59.749421000","11529","52","10.0.0.2","46884","192.168.10.22","8081","0","38","862577"
,"61.000476000","59.750456000","11530","140","192.168.10.22","8081","10.0.0.2","46884","88","867153","38"
,"61.000518000","59.750498000","11531","140","192.168.10.22","8081","10.0.0.2","46884","88","867241","38"
,"61.000585000","59.750565000","11532","140","192.168.10.22","8081","10.0.0.2","46884","88","867329","38"
,"61.000600000","59.750580000","11533","140","192.168.10.22","8081","10.0.0.2","46884","88","867417","38"
,"61.000654000","59.750634000","11534","140","192.168.10.22","8081","10.0.0.2","46884","88","867505","38"
,"61.000667000","59.750647000","11535","140","192.168.10.22","8081","10.0.0.2","46884","88","867593","38"
,"61.000713000","59.750693000","11536","140","192.168.10.22","8081","10.0.0.2","46884","88","867681","38"
,"61.000725000","59.750705000","11537","140","192.168.10.22","8081","10.0.0.2","46884","88","867769","38"
,"61.000769000","59.750749000","11538","140","192.168.10.22","8081","10.0.0.2","46884","88","867857","38"
,"61.000783000","59.750763000","11539","140","192.168.10.22","8081","10.0.0.2","46884","88","867945","38"
,"61.062273000","59.812253000","11540","52","10.0.0.2","46884","192.168.10.22","8081","0","38","863369"
,"61.062296000","59.812276000","11541","52","10.0.0.2","46884","192.168.10.22","8081","0","38","863545"
,"61.063261000","59.813241000","11542","140","192.168.10.22","8081","10.0.0.2","46884","88","868033","38"
,"61.063302000","59.813282000","11543","140","192.168.10.22","8081","10.0.0.2","46884","88","868121","38"
,"61.063364000","59.813344000","11544","140","192.168.10.22","8081","10.0.0.2","46884","88","868209","38"
,"61.063379000","59.813359000","11545","140","192.168.10.22","8081","10.0.0.2","46884","88","868297","38"
,"61.063435000","59.813415000","11546","140","192.168.10.22","8081","10.0.0.2","46884","88","868385","38"
,"61.063449000","59.813429000","11547","140","192.168.10.22","8081","10.0.0.2","46884","88","868473","38"
,"61.063495000","59.813475000","11548","140","192.168.10.22","8081","10.0.0.2","46884","88","868561","38"
,"61.063506000","59.813486000","11549","140","192.168.10.22","8081","10.0.0.2","46884","88","868649","38"
,"61.063552000","59.813532000","11550","140","192.168.10.22","8081","10.0.0.2","46884","88","868737","38"
,"61.063566000","59.813546000","11551","140","192.168.10.22","8081","10.0.0.2","46884","88","868825","38"
,"61.124063000","59.874043000","11552","52","10.0.0.2","46884","192.168.10.22","8081","0","38","864337"
,"61.124091000","59.874071000","11553","52","10.0.0.2","46884","192.168.10.22","8081","0","38","864425"
,"61.125021000","59.875001000","11554","140","192.168.10.22","8081","10.0.0.2","46884","88","868913","38"
,"61.125061000","59.875041000","11555","140","192.168.10.22","8081","10.0.0.2","46884","88","869001","38"
,"61.125112000","59.875092000","11556","140","192.168.10.22","8081","10.0.0.2","46884","88","869089","38"
,"61.125125000","59.875105000","11557","140","192.168.10.22","8081","10.0.0.2","46884","88","869177","38"
,"61.125171000","59.875151000","11558","140","192.168.10.22","8081","10.0.0.2","46884","88","869265","38"
,"61.125184000","59.875164000","11559","140","192.168.10.22","8081","10.0.0.2","46884","88","869353","38"
,"61.125230000","59.875210000","11560","140","192.168.10.22","8081","10.0.0.2","46884","88","869441","38"
,"61.125242000","59.875222000","11561","140","192.168.10.22","8081","10.0.0.2","46884","88","869529","38"
,"61.125287000","59.875267000","11562","140","192.168.10.22","8081","10.0.0.2","46884","88","869617","38"
,"61.125298000","59.875278000","11563","140","192.168.10.22","8081","10.0.0.2","46884","88","869705","38"
,"61.187367000","59.937347000","11564","52","10.0.0.2","46884","192.168.10.22","8081","0","38","865393"
,"61.188378000","59.938358000","11565","140","192.168.10.22","8081","10.0.0.2","46884","88","869793","38"
,"61.188420000","59.938400000","11566","140","192.168.10.22","8081","10.0.0.2","46884","88","869881","38"
,"61.188486000","59.938466000","11567","140","192.168.10.22","8081","10.0.0.2","46884","88","869969","38"
,"61.188502000","59.938482000","11568","140","192.168.10.22","8081","10.0.0.2","46884","88","870057","38"
,"61.188554000","59.938534000","11569","140","192.168.10.22","8081","10.0.0.2","46884","88","870145","38"
,"61.188567000","59.938547000","11570","140","192.168.10.22","8081","10.0.0.2","46884","88","870233","38"
,"61.188612000","59.938592000","11571","140","192.168.10.22","8081","10.0.0.2","46884","88","870321","38"
,"61.188624000","59.938604000","11572","140","192.168.10.22","8081","10.0.0.2","46884","88","870409","38"
,"61.188668000","59.938648000","11573","140","192.168.10.22","8081","10.0.0.2","46884","88","870497","38"
,"61.188682000","59.938662000","11574","140","192.168.10.22","8081","10.0.0.2","46884","88","870585","38"
,"61.188728000","59.938708000","11575","140","192.168.10.22","8081","10.0.0.2","46884","88","870673","38"
,"61.188742000","59.938722000","11576","140","192.168.10.22","8081","10.0.0.2","46884","88","870761","38"
,"61.249356000","59.999336000","11577","52","10.0.0.2","46884","192.168.10.22","8081","0","38","866185"
,"61.249382000","59.999362000","11578","52","10.0.0.2","46884","192.168.10.22","8081","0","38","866273"
,"61.250295000","60.000275000","11579","140","192.168.10.22","8081","10.0.0.2","46884","88","870849","38"
,"61.250338000","60.000318000","11580","140","192.168.10.22","8081","10.0.0.2","46884","88","870937","38"
,"61.250392000","60.000372000","11581","140","192.168.10.22","8081","10.0.0.2","46884","88","871025","38"
,"61.250404000","60.000384000","11582","140","192.168.10.22","8081","10.0.0.2","46884","88","871113","38"
,"61.250449000","60.000429000","11583","140","192.168.10.22","8081","10.0.0.2","46884","88","871201","38"
,"61.250460000","60.000440000","11584","140","192.168.10.22","8081","10.0.0.2","46884","88","871289","38"
,"61.250506000","60.000486000","11585","140","192.168.10.22","8081","10.0.0.2","46884","88","871377","38"
,"61.250518000","60.000498000","11586","140","192.168.10.22","8081","10.0.0.2","46884","88","871465","38"
,"61.250563000","60.000543000","11587","140","192.168.10.22","8081","10.0.0.2","46884","88","871553","38"
,"61.250576000","60.000556000","11588","140","192.168.10.22","8081","10.0.0.2","46884","88","871641","38"
,"61.312678000","60.062658000","11589","52","10.0.0.2","46884","192.168.10.22","8081","0","38","867065"
,"61.312705000","60.062685000","11590","52","10.0.0.2","46884","192.168.10.22","8081","0","38","867241"
,"61.313718000","60.063698000","11591","140","192.168.10.22","8081","10.0.0.2","46884","88","871729","38"
,"61.313760000","60.063740000","11592","140","192.168.10.22","8081","10.0.0.2","46884","88","871817","38"
,"61.313823000","60.063803000","11593","140","192.168.10.22","8081","10.0.0.2","46884","88","871905","38"
,"61.313840000","60.063820000","11594","140","192.168.10.22","8081","10.0.0.2","46884","88","871993","38"
,"61.313920000","60.063900000","11595","140","192.168.10.22","8081","10.0.0.2","46884","88","872081","38"
,"61.313935000","60.063915000","11596","140","192.168.10.22","8081","10.0.0.2","46884","88","872169","38"
,"61.313981000","60.063961000","11597","140","192.168.10.22","8081","10.0.0.2","46884","88","872257","38"
,"61.313993000","60.063973000","11598","140","192.168.10.22","8081","10.0.0.2","46884","88","872345","38"
,"61.314037000","60.064017000","11599","140","192.168.10.22","8081","10.0.0.2","46884","88","872433","38"
,"61.314051000","60.064031000","11600","140","192.168.10.22","8081","10.0.0.2","46884","88","872521","38"
,"61.374535000","60.124515000","11601","52","10.0.0.2","46884","192.168.10.22","8081","0","38","868121"
,"61.375550000","60.125530000","11602","140","192.168.10.22","8081","10.0.0.2","46884","88","872609","38"
,"61.375592000","60.125572000","11603","140","192.168.10.22","8081","10.0.0.2","46884","88","872697","38"
,"61.375657000","60.125637000","11604","140","192.168.10.22","8081","10.0.0.2","46884","88","872785","38"
,"61.375673000","60.125653000","11605","140","192.168.10.22","8081","10.0.0.2","46884","88","872873","38"
,"61.375727000","60.125707000","11606","140","192.168.10.22","8081","10.0.0.2","46884","88","872961","38"
,"61.375740000","60.125720000","11607","140","192.168.10.22","8081","10.0.0.2","46884","88","873049","38"
,"61.375786000","60.125766000","11608","140","192.168.10.22","8081","10.0.0.2","46884","88","873137","38"
,"61.375797000","60.125777000","11609","140","192.168.10.22","8081","10.0.0.2","46884","88","873225","38"
,"61.375841000","60.125821000","11610","140","192.168.10.22","8081","10.0.0.2","46884","88","873313","38"
,"61.375855000","60.125835000","11611","140","192.168.10.22","8081","10.0.0.2","46884","88","873401","38"
,"61.437378000","60.187358000","11612","52","10.0.0.2","46884","192.168.10.22","8081","0","38","868913"
,"61.437408000","60.187388000","11613","52","10.0.0.2","46884","192.168.10.22","8081","0","38","869001"
,"61.438384000","60.188364000","11614","140","192.168.10.22","8081","10.0.0.2","46884","88","873489","38"
,"61.438426000","60.188406000","11615","140","192.168.10.22","8081","10.0.0.2","46884","88","873577","38"
,"61.438487000","60.188467000","11616","140","192.168.10.22","8081","10.0.0.2","46884","88","873665","38"
,"61.438504000","60.188484000","11617","140","192.168.10.22","8081","10.0.0.2","46884","88","873753","38"
,"61.438559000","60.188539000","11618","140","192.168.10.22","8081","10.0.0.2","46884","88","873841","38"
,"61.438573000","60.188553000","11619","140","192.168.10.22","8081","10.0.0.2","46884","88","873929","38"
,"61.438617000","60.188597000","11620","140","192.168.10.22","8081","10.0.0.2","46884","88","874017","38"
,"61.438629000","60.188609000","11621","140","192.168.10.22","8081","10.0.0.2","46884","88","874105","38"
,"61.438673000","60.188653000","11622","140","192.168.10.22","8081","10.0.0.2","46884","88","874193","38"
,"61.438687000","60.188667000","11623","140","192.168.10.22","8081","10.0.0.2","46884","88","874281","38"
,"61.499698000","60.249678000","11624","52","10.0.0.2","46884","192.168.10.22","8081","0","38","869705"
,"61.499725000","60.249705000","11625","52","10.0.0.2","46884","192.168.10.22","8081","0","38","869969"
,"61.500755000","60.250735000","11626","140","192.168.10.22","8081","10.0.0.2","46884","88","874369","38"
,"61.500797000","60.250777000","11627","140","192.168.10.22","8081","10.0.0.2","46884","88","874457","38"
,"61.500865000","60.250845000","11628","140","192.168.10.22","8081","10.0.0.2","46884","88","874545","38"
,"61.500918000","60.250898000","11629","140","192.168.10.22","8081","10.0.0.2","46884","88","874633","38"
,"61.500974000","60.250954000","11630","140","192.168.10.22","8081","10.0.0.2","46884","88","874721","38"
,"61.500986000","60.250966000","11631","140","192.168.10.22","8081","10.0.0.2","46884","88","874809","38"
,"61.501033000","60.251013000","11632","140","192.168.10.22","8081","10.0.0.2","46884","88","874897","38"
,"61.501047000","60.251027000","11633","140","192.168.10.22","8081","10.0.0.2","46884","88","874985","38"
,"61.501092000","60.251072000","11634","140","192.168.10.22","8081","10.0.0.2","46884","88","875073","38"
,"61.501105000","60.251085000","11635","140","192.168.10.22","8081","10.0.0.2","46884","88","875161","38"
,"61.501150000","60.251130000","11636","140","192.168.10.22","8081","10.0.0.2","46884","88","875249","38"
,"61.501163000","60.251143000","11637","140","192.168.10.22","8081","10.0.0.2","46884","88","875337","38"
,"61.562213000","60.312193000","11638","52","10.0.0.2","46884","192.168.10.22","8081","0","38","870849"
,"61.563201000","60.313181000","11639","140","192.168.10.22","8081","10.0.0.2","46884","88","875425","38"
,"61.563245000","60.313225000","11640","140","192.168.10.22","8081","10.0.0.2","46884","88","875513","38"
,"61.563310000","60.313290000","11641","140","192.168.10.22","8081","10.0.0.2","46884","88","875601","38"
,"61.563327000","60.313307000","11642","140","192.168.10.22","8081","10.0.0.2","46884","88","875689","38"
,"61.563381000","60.313361000","11643","140","192.168.10.22","8081","10.0.0.2","46884","88","875777","38"
,"61.563394000","60.313374000","11644","140","192.168.10.22","8081","10.0.0.2","46884","88","875865","38"
,"61.563439000","60.313419000","11645","140","192.168.10.22","8081","10.0.0.2","46884","88","875953","38"
,"61.563450000","60.313430000","11646","140","192.168.10.22","8081","10.0.0.2","46884","88","876041","38"
,"61.563495000","60.313475000","11647","140","192.168.10.22","8081","10.0.0.2","46884","88","876129","38"
,"61.563509000","60.313489000","11648","140","192.168.10.22","8081","10.0.0.2","46884","88","876217","38"
,"61.624315000","60.374295000","11649","52","10.0.0.2","46884","192.168.10.22","8081","0","38","871817"
,"61.625176000","60.375156000","11650","140","192.168.10.22","8081","10.0.0.2","46884","88","876305","38"
,"61.625213000","60.375193000","11651","140","192.168.10.22","8081","10.0.0.2","46884","88","876393","38"
,"61.625263000","60.375243000","11652","140","192.168.10.22","8081","10.0.0.2","46884","88","876481","38"
,"61.625276000","60.375256000","11653","140","192.168.10.22","8081","10.0.0.2","46884","88","876569","38"
,"61.625321000","60.375301000","11654","140","192.168.10.22","8081","10.0.0.2","46884","88","876657","38"
,"61.625332000","60.375312000","11655","140","192.168.10.22","8081","10.0.0.2","46884","88","876745","38"
,"61.625378000","60.375358000","11656","140","192.168.10.22","8081","10.0.0.2","46884","88","876833","38"
,"61.625390000","60.375370000","11657","140","192.168.10.22","8081","10.0.0.2","46884","88","876921","38"
,"61.625434000","60.375414000","11658","140","192.168.10.22","8081","10.0.0.2","46884","88","877009","38"
,"61.625447000","60.375427000","11659","140","192.168.10.22","8081","10.0.0.2","46884","88","877097","38"
,"61.687341000","60.437321000","11660","52","10.0.0.2","46884","192.168.10.22","8081","0","38","872609"
,"61.687368000","60.437348000","11661","52","10.0.0.2","46884","192.168.10.22","8081","0","38","872697"
,"61.688252000","60.438232000","11662","140","192.168.10.22","8081","10.0.0.2","46884","88","877185","38"
,"61.688288000","60.438268000","11663","140","192.168.10.22","8081","10.0.0.2","46884","88","877273","38"
,"61.688337000","60.438317000","11664","140","192.168.10.22","8081","10.0.0.2","46884","88","877361","38"
,"61.688349000","60.438329000","11665","140","192.168.10.22","8081","10.0.0.2","46884","88","877449","38"
,"61.688395000","60.438375000","11666","140","192.168.10.22","8081","10.0.0.2","46884","88","877537","38"
,"61.688406000","60.438386000","11667","140","192.168.10.22","8081","10.0.0.2","46884","88","877625","38"
,"61.688452000","60.438432000","11668","140","192.168.10.22","8081","10.0.0.2","46884","88","877713","38"
,"61.688464000","60.438444000","11669","140","192.168.10.22","8081","10.0.0.2","46884","88","877801","38"
,"61.688508000","60.438488000","11670","140","192.168.10.22","8081","10.0.0.2","46884","88","877889","38"
,"61.688522000","60.438502000","11671","140","192.168.10.22","8081","10.0.0.2","46884","88","877977","38"
,"61.749620000","60.499600000","11672","52","10.0.0.2","46884","192.168.10.22","8081","0","38","873401"
,"61.749647000","60.499627000","11673","52","10.0.0.2","46884","192.168.10.22","8081","0","38","873665"
,"61.750652000","60.500632000","11674","140","192.168.10.22","8081","10.0.0.2","46884","88","878065","38"
,"61.750694000","60.500674000","11675","140","192.168.10.22","8081","10.0.0.2","46884","88","878153","38"
,"61.750759000","60.500739000","11676","140","192.168.10.22","8081","10.0.0.2","46884","88","878241","38"
,"61.750775000","60.500755000","11677","140","192.168.10.22","8081","10.0.0.2","46884","88","878329","38"
,"61.750831000","60.500811000","11678","140","192.168.10.22","8081","10.0.0.2","46884","88","878417","38"
,"61.750844000","60.500824000","11679","140","192.168.10.22","8081","10.0.0.2","46884","88","878505","38"
,"61.750917000","60.500897000","11680","140","192.168.10.22","8081","10.0.0.2","46884","88","878593","38"
,"61.750931000","60.500911000","11681","140","192.168.10.22","8081","10.0.0.2","46884","88","878681","38"
,"61.750976000","60.500956000","11682","140","192.168.10.22","8081","10.0.0.2","46884","88","878769","38"
,"61.750990000","60.500970000","11683","140","192.168.10.22","8081","10.0.0.2","46884","88","878857","38"
,"61.751035000","60.501015000","11684","140","192.168.10.22","8081","10.0.0.2","46884","88","878945","38"
,"61.751047000","60.501027000","11685","140","192.168.10.22","8081","10.0.0.2","46884","88","879033","38"
,"61.812334000","60.562314000","11686","52","10.0.0.2","46884","192.168.10.22","8081","0","38","874457"
,"61.812362000","60.562342000","11687","52","10.0.0.2","46884","192.168.10.22","8081","0","38","874545"
,"61.813355000","60.563335000","11688","140","192.168.10.22","8081","10.0.0.2","46884","88","879121","38"
,"61.813397000","60.563377000","11689","140","192.168.10.22","8081","10.0.0.2","46884","88","879209","38"
,"61.813460000","60.563440000","11690","140","192.168.10.22","8081","10.0.0.2","46884","88","879297","38"
,"61.813476000","60.563456000","11691","140","192.168.10.22","8081","10.0.0.2","46884","88","879385","38"
,"61.813531000","60.563511000","11692","140","192.168.10.22","8081","10.0.0.2","46884","88","879473","38"
,"61.813546000","60.563526000","11693","140","192.168.10.22","8081","10.0.0.2","46884","88","879561","38"
,"61.813592000","60.563572000","11694","140","192.168.10.22","8081","10.0.0.2","46884","88","879649","38"
,"61.813604000","60.563584000","11695","140","192.168.10.22","8081","10.0.0.2","46884","88","879737","38"
,"61.813648000","60.563628000","11696","140","192.168.10.22","8081","10.0.0.2","46884","88","879825","38"
,"61.813662000","60.563642000","11697","140","192.168.10.22","8081","10.0.0.2","46884","88","879913","38"
,"61.874258000","60.624238000","11698","52","10.0.0.2","46884","192.168.10.22","8081","0","38","875513"
,"61.874283000","61.874283000","11699","53","10.0.0.2","58408","192.168.10.22","8081","1","188","5"
,"61.875217000","60.625197000","11700","140","192.168.10.22","8081","10.0.0.2","46884","88","880001","38"
,"61.875256000","60.625236000","11701","140","192.168.10.22","8081","10.0.0.2","46884","88","880089","38"
,"61.875308000","60.625288000","11702","140","192.168.10.22","8081","10.0.0.2","46884","88","880177","38"
,"61.875320000","60.625300000","11703","140","192.168.10.22","8081","10.0.0.2","46884","88","880265","38"
,"61.875366000","60.625346000","11704","140","192.168.10.22","8081","10.0.0.2","46884","88","880353","38"
,"61.875378000","60.625358000","11705","140","192.168.10.22","8081","10.0.0.2","46884","88","880441","38"
,"61.875423000","60.625403000","11706","140","192.168.10.22","8081","10.0.0.2","46884","88","880529","38"
,"61.875434000","60.625414000","11707","140","192.168.10.22","8081","10.0.0.2","46884","88","880617","38"
,"61.875478000","60.625458000","11708","140","192.168.10.22","8081","10.0.0.2","46884","88","880705","38"
,"61.875492000","60.625472000","11709","140","192.168.10.22","8081","10.0.0.2","46884","88","880793","38"
,"61.875790000","61.875790000","11710","53","192.168.10.22","8081","10.0.0.2","58408","1","5","189"
,"61.937862000","60.687842000","11711","52","10.0.0.2","46884","192.168.10.22","8081","0","38","875601"
,"61.937937000","60.687917000","11712","52","10.0.0.2","46884","192.168.10.22","8081","0","38","876393"
,"61.938899000","60.688879000","11713","140","192.168.10.22","8081","10.0.0.2","46884","88","880881","38"
,"61.938952000","60.688932000","11714","140","192.168.10.22","8081","10.0.0.2","46884","88","880969","38"
,"61.939019000","60.688999000","11715","140","192.168.10.22","8081","10.0.0.2","46884","88","881057","38"
,"61.939035000","60.689015000","11716","140","192.168.10.22","8081","10.0.0.2","46884","88","881145","38"
,"61.939082000","60.689062000","11717","140","192.168.10.22","8081","10.0.0.2","46884","88","881233","38"
,"61.939097000","60.689077000","11718","140","192.168.10.22","8081","10.0.0.2","46884","88","881321","38"
,"61.939142000","60.689122000","11719","140","192.168.10.22","8081","10.0.0.2","46884","88","881409","38"
,"61.939156000","60.689136000","11720","140","192.168.10.22","8081","10.0.0.2","46884","88","881497","38"
,"61.939201000","60.689181000","11721","140","192.168.10.22","8081","10.0.0.2","46884","88","881585","38"
,"61.939214000","60.689194000","11722","140","192.168.10.22","8081","10.0.0.2","46884","88","881673","38"
,"61.999503000","60.749483000","11723","52","10.0.0.2","46884","192.168.10.22","8081","0","38","876833"
,"61.999530000","60.749510000","11724","52","10.0.0.2","46884","192.168.10.22","8081","0","38","877273"
,"62.000541000","60.750521000","11725","140","192.168.10.22","8081","10.0.0.2","46884","88","881761","38"
,"62.000582000","60.750562000","11726","140","192.168.10.22","8081","10.0.0.2","46884","88","881849","38"
,"62.000648000","60.750628000","11727","140","192.168.10.22","8081","10.0.0.2","46884","88","881937","38"
,"62.000664000","60.750644000","11728","140","192.168.10.22","8081","10.0.0.2","46884","88","882025","38"
,"62.000718000","60.750698000","11729","140","192.168.10.22","8081","10.0.0.2","46884","88","882113","38"
,"62.000730000","60.750710000","11730","140","192.168.10.22","8081","10.0.0.2","46884","88","882201","38"
,"62.000776000","60.750756000","11731","140","192.168.10.22","8081","10.0.0.2","46884","88","882289","38"
,"62.000787000","60.750767000","11732","140","192.168.10.22","8081","10.0.0.2","46884","88","882377","38"
,"62.000832000","60.750812000","11733","140","192.168.10.22","8081","10.0.0.2","46884","88","882465","38"
,"62.000845000","60.750825000","11734","140","192.168.10.22","8081","10.0.0.2","46884","88","882553","38"
,"62.062455000","60.812435000","11735","52","10.0.0.2","46884","192.168.10.22","8081","0","38","878153"
,"62.062481000","60.812461000","11736","52","10.0.0.2","46884","192.168.10.22","8081","0","38","878241"
,"62.063456000","60.813436000","11737","140","192.168.10.22","8081","10.0.0.2","46884","88","882641","38"
,"62.063498000","60.813478000","11738","140","192.168.10.22","8081","10.0.0.2","46884","88","882729","38"
,"62.063562000","60.813542000","11739","140","192.168.10.22","8081","10.0.0.2","46884","88","882817","38"
,"62.063578000","60.813558000","11740","140","192.168.10.22","8081","10.0.0.2","46884","88","882905","38"
,"62.063633000","60.813613000","11741","140","192.168.10.22","8081","10.0.0.2","46884","88","882993","38"
,"62.063646000","60.813626000","11742","140","192.168.10.22","8081","10.0.0.2","46884","88","883081","38"
,"62.063692000","60.813672000","11743","140","192.168.10.22","8081","10.0.0.2","46884","88","883169","38"
,"62.063704000","60.813684000","11744","140","192.168.10.22","8081","10.0.0.2","46884","88","883257","38"
,"62.063749000","60.813729000","11745","140","192.168.10.22","8081","10.0.0.2","46884","88","883345","38"
,"62.063763000","60.813743000","11746","140","192.168.10.22","8081","10.0.0.2","46884","88","883433","38"
,"62.063808000","60.813788000","11747","140","192.168.10.22","8081","10.0.0.2","46884","88","883521","38"
,"62.063825000","60.813805000","11748","140","192.168.10.22","8081","10.0.0.2","46884","88","883609","38"
,"62.124787000","60.874767000","11749","52","10.0.0.2","46884","192.168.10.22","8081","0","38","878945"
,"62.124798000","60.874778000","11750","52","10.0.0.2","46884","192.168.10.22","8081","0","38","879121"
,"62.125508000","60.875488000","11751","140","192.168.10.22","8081","10.0.0.2","46884","88","883697","38"
,"62.125523000","60.875503000","11752","140","192.168.10.22","8081","10.0.0.2","46884","88","883785","38"
,"62.125538000","60.875518000","11753","140","192.168.10.22","8081","10.0.0.2","46884","88","883873","38"
,"62.125541000","60.875521000","11754","140","192.168.10.22","8081","10.0.0.2","46884","88","883961","38"
,"62.125552000","60.875532000","11755","140","192.168.10.22","8081","10.0.0.2","46884","88","884049","38"
,"62.125555000","60.875535000","11756","140","192.168.10.22","8081","10.0.0.2","46884","88","884137","38"
,"62.125566000","60.875546000","11757","140","192.168.10.22","8081","10.0.0.2","46884","88","884225","38"
,"62.125569000","60.875549000","11758","140","192.168.10.22","8081","10.0.0.2","46884","88","884313","38"
,"62.125605000","60.875585000","11759","140","192.168.10.22","8081","10.0.0.2","46884","88","884401","38"
,"62.125610000","60.875590000","11760","140","192.168.10.22","8081","10.0.0.2","46884","88","884489","38"
,"62.187674000","60.937654000","11761","52","10.0.0.2","46884","192.168.10.22","8081","0","38","879913"
,"62.187701000","60.937681000","11762","52","10.0.0.2","46884","192.168.10.22","8081","0","38","880089"
,"62.188715000","60.938695000","11763","140","192.168.10.22","8081","10.0.0.2","46884","88","884577","38"
,"62.188757000","60.938737000","11764","140","192.168.10.22","8081","10.0.0.2","46884","88","884665","38"
,"62.188819000","60.938799000","11765","140","192.168.10.22","8081","10.0.0.2","46884","88","884753","38"
,"62.188835000","60.938815000","11766","140","192.168.10.22","8081","10.0.0.2","46884","88","884841","38"
,"62.188921000","60.938901000","11767","140","192.168.10.22","8081","10.0.0.2","46884","88","884929","38"
,"62.188937000","60.938917000","11768","140","192.168.10.22","8081","10.0.0.2","46884","88","885017","38"
,"62.188983000","60.938963000","11769","140","192.168.10.22","8081","10.0.0.2","46884","88","885105","38"
,"62.188995000","60.938975000","11770","140","192.168.10.22","8081","10.0.0.2","46884","88","885193","38"
,"62.189039000","60.939019000","11771","140","192.168.10.22","8081","10.0.0.2","46884","88","885281","38"
,"62.189053000","60.939033000","11772","140","192.168.10.22","8081","10.0.0.2","46884","88","885369","38"
,"62.249803000","60.999783000","11773","52","10.0.0.2","46884","192.168.10.22","8081","0","38","880881"
,"62.249826000","62.249826000","11774","52","10.0.0.2","58408","192.168.10.22","8081","0","189","6"
,"62.249838000","60.999818000","11775","52","10.0.0.2","46884","192.168.10.22","8081","0","38","880969"
,"62.250820000","61.000800000","11776","140","192.168.10.22","8081","10.0.0.2","46884","88","885457","38"
,"62.250861000","61.000841000","11777","140","192.168.10.22","8081","10.0.0.2","46884","88","885545","38"
,"62.250964000","61.000944000","11778","140","192.168.10.22","8081","10.0.0.2","46884","88","885633","38"
,"62.250981000","61.000961000","11779","140","192.168.10.22","8081","10.0.0.2","46884","88","885721","38"
,"62.251027000","61.001007000","11780","140","192.168.10.22","8081","10.0.0.2","46884","88","885809","38"
,"62.251050000","61.001030000","11781","140","192.168.10.22","8081","10.0.0.2","46884","88","885897","38"
,"62.251095000","61.001075000","11782","140","192.168.10.22","8081","10.0.0.2","46884","88","885985","38"
,"62.251110000","61.001090000","11783","140","192.168.10.22","8081","10.0.0.2","46884","88","886073","38"
,"62.251156000","61.001136000","11784","140","192.168.10.22","8081","10.0.0.2","46884","88","886161","38"
,"62.251168000","61.001148000","11785","140","192.168.10.22","8081","10.0.0.2","46884","88","886249","38"
,"62.312817000","61.062797000","11786","52","10.0.0.2","46884","192.168.10.22","8081","0","38","881761"
,"62.312844000","61.062824000","11787","52","10.0.0.2","46884","192.168.10.22","8081","0","38","881849"
,"62.313851000","61.063831000","11788","140","192.168.10.22","8081","10.0.0.2","46884","88","886337","38"
,"62.313921000","61.063901000","11789","140","192.168.10.22","8081","10.0.0.2","46884","88","886425","38"
,"62.313989000","61.063969000","11790","140","192.168.10.22","8081","10.0.0.2","46884","88","886513","38"
,"62.314006000","61.063986000","11791","140","192.168.10.22","8081","10.0.0.2","46884","88","886601","38"
,"62.314055000","61.064035000","11792","140","192.168.10.22","8081","10.0.0.2","46884","88","886689","38"
,"62.314066000","61.064046000","11793","140","192.168.10.22","8081","10.0.0.2","46884","88","886777","38"
,"62.314111000","61.064091000","11794","140","192.168.10.22","8081","10.0.0.2","46884","88","886865","38"
,"62.314125000","61.064105000","11795","140","192.168.10.22","8081","10.0.0.2","46884","88","886953","38"
,"62.314170000","61.064150000","11796","140","192.168.10.22","8081","10.0.0.2","46884","88","887041","38"
,"62.314184000","61.064164000","11797","140","192.168.10.22","8081","10.0.0.2","46884","88","887129","38"
,"62.374955000","61.124935000","11798","52","10.0.0.2","46884","192.168.10.22","8081","0","38","882817"
,"62.375953000","61.125933000","11799","140","192.168.10.22","8081","10.0.0.2","46884","88","887217","38"
,"62.375997000","61.125977000","11800","140","192.168.10.22","8081","10.0.0.2","46884","88","887305","38"
,"62.376063000","61.126043000","11801","140","192.168.10.22","8081","10.0.0.2","46884","88","887393","38"
,"62.376079000","61.126059000","11802","140","192.168.10.22","8081","10.0.0.2","46884","88","887481","38"
,"62.376128000","61.126108000","11803","140","192.168.10.22","8081","10.0.0.2","46884","88","887569","38"
,"62.376139000","61.126119000","11804","140","192.168.10.22","8081","10.0.0.2","46884","88","887657","38"
,"62.376184000","61.126164000","11805","140","192.168.10.22","8081","10.0.0.2","46884","88","887745","38"
,"62.376196000","61.126176000","11806","140","192.168.10.22","8081","10.0.0.2","46884","88","887833","38"
,"62.376241000","61.126221000","11807","140","192.168.10.22","8081","10.0.0.2","46884","88","887921","38"
,"62.376254000","61.126234000","11808","140","192.168.10.22","8081","10.0.0.2","46884","88","888009","38"
,"62.376299000","61.126279000","11809","140","192.168.10.22","8081","10.0.0.2","46884","88","888097","38"
,"62.376313000","61.126293000","11810","140","192.168.10.22","8081","10.0.0.2","46884","88","888185","38"
,"62.437575000","61.187555000","11811","52","10.0.0.2","46884","192.168.10.22","8081","0","38","883433"
,"62.437603000","61.187583000","11812","52","10.0.0.2","46884","192.168.10.22","8081","0","38","883697"
,"62.438610000","61.188590000","11813","140","192.168.10.22","8081","10.0.0.2","46884","88","888273","38"
,"62.438652000","61.188632000","11814","140","192.168.10.22","8081","10.0.0.2","46884","88","888361","38"
,"62.438719000","61.188699000","11815","140","192.168.10.22","8081","10.0.0.2","46884","88","888449","38"
,"62.438734000","61.188714000","11816","140","192.168.10.22","8081","10.0.0.2","46884","88","888537","38"
,"62.438789000","61.188769000","11817","140","192.168.10.22","8081","10.0.0.2","46884","88","888625","38"
,"62.438802000","61.188782000","11818","140","192.168.10.22","8081","10.0.0.2","46884","88","888713","38"
,"62.438849000","61.188829000","11819","140","192.168.10.22","8081","10.0.0.2","46884","88","888801","38"
,"62.438861000","61.188841000","11820","140","192.168.10.22","8081","10.0.0.2","46884","88","888889","38"
,"62.438943000","61.188923000","11821","140","192.168.10.22","8081","10.0.0.2","46884","88","888977","38"
,"62.438959000","61.188939000","11822","140","192.168.10.22","8081","10.0.0.2","46884","88","889065","38"
,"62.499719000","61.249699000","11823","52","10.0.0.2","46884","192.168.10.22","8081","0","38","884489"
,"62.499747000","61.249727000","11824","52","10.0.0.2","46884","192.168.10.22","8081","0","38","884665"
,"62.500763000","61.250743000","11825","140","192.168.10.22","8081","10.0.0.2","46884","88","889153","38"
,"62.500804000","61.250784000","11826","140","192.168.10.22","8081","10.0.0.2","46884","88","889241","38"
,"62.500869000","61.250849000","11827","140","192.168.10.22","8081","10.0.0.2","46884","88","889329","38"
,"62.500912000","61.250892000","11828","140","192.168.10.22","8081","10.0.0.2","46884","88","889417","38"
,"62.500967000","61.250947000","11829","140","192.168.10.22","8081","10.0.0.2","46884","88","889505","38"
,"62.500980000","61.250960000","11830","140","192.168.10.22","8081","10.0.0.2","46884","88","889593","38"
,"62.501024000","61.251004000","11831","140","192.168.10.22","8081","10.0.0.2","46884","88","889681","38"
,"62.501035000","61.251015000","11832","140","192.168.10.22","8081","10.0.0.2","46884","88","889769","38"
,"62.501080000","61.251060000","11833","140","192.168.10.22","8081","10.0.0.2","46884","88","889857","38"
,"62.501093000","61.251073000","11834","140","192.168.10.22","8081","10.0.0.2","46884","88","889945","38"
,"62.562810000","61.312790000","11835","52","10.0.0.2","46884","192.168.10.22","8081","0","38","885545"
,"62.563807000","61.313787000","11836","140","192.168.10.22","8081","10.0.0.2","46884","88","890033","38"
,"62.563849000","61.313829000","11837","140","192.168.10.22","8081","10.0.0.2","46884","88","890121","38"
,"62.563958000","61.313938000","11838","140","192.168.10.22","8081","10.0.0.2","46884","88","890209","38"
,"62.563975000","61.313955000","11839","140","192.168.10.22","8081","10.0.0.2","46884","88","890297","38"
,"62.564022000","61.314002000","11840","140","192.168.10.22","8081","10.0.0.2","46884","88","890385","38"
,"62.564035000","61.314015000","11841","140","192.168.10.22","8081","10.0.0.2","46884","88","890473","38"
,"62.564080000","61.314060000","11842","140","192.168.10.22","8081","10.0.0.2","46884","88","890561","38"
,"62.564094000","61.314074000","11843","140","192.168.10.22","8081","10.0.0.2","46884","88","890649","38"
,"62.564139000","61.314119000","11844","140","192.168.10.22","8081","10.0.0.2","46884","88","890737","38"
,"62.564152000","61.314132000","11845","140","192.168.10.22","8081","10.0.0.2","46884","88","890825","38"
,"62.624638000","61.374618000","11846","52","10.0.0.2","46884","192.168.10.22","8081","0","38","886337"
,"62.624661000","61.374641000","11847","52","10.0.0.2","46884","192.168.10.22","8081","0","38","886425"
,"62.625626000","61.375606000","11848","140","192.168.10.22","8081","10.0.0.2","46884","88","890913","38"
,"62.625666000","61.375646000","11849","140","192.168.10.22","8081","10.0.0.2","46884","88","891001","38"
,"62.625728000","61.375708000","11850","140","192.168.10.22","8081","10.0.0.2","46884","88","891089","38"
,"62.625744000","61.375724000","11851","140","192.168.10.22","8081","10.0.0.2","46884","88","891177","38"
,"62.625799000","61.375779000","11852","140","192.168.10.22","8081","10.0.0.2","46884","88","891265","38"
,"62.625812000","61.375792000","11853","140","192.168.10.22","8081","10.0.0.2","46884","88","891353","38"
,"62.625857000","61.375837000","11854","140","192.168.10.22","8081","10.0.0.2","46884","88","891441","38"
,"62.625869000","61.375849000","11855","140","192.168.10.22","8081","10.0.0.2","46884","88","891529","38"
,"62.625940000","61.375920000","11856","140","192.168.10.22","8081","10.0.0.2","46884","88","891617","38"
,"62.625956000","61.375936000","11857","140","192.168.10.22","8081","10.0.0.2","46884","88","891705","38"
,"62.687220000","61.437200000","11858","52","10.0.0.2","46884","192.168.10.22","8081","0","38","887041"
,"62.687247000","61.437227000","11859","52","10.0.0.2","46884","192.168.10.22","8081","0","38","887393"
,"62.688258000","61.438238000","11860","140","192.168.10.22","8081","10.0.0.2","46884","88","891793","38"
,"62.688303000","61.438283000","11861","140","192.168.10.22","8081","10.0.0.2","46884","88","891881","38"
,"62.688366000","61.438346000","11862","140","192.168.10.22","8081","10.0.0.2","46884","88","891969","38"
,"62.688383000","61.438363000","11863","140","192.168.10.22","8081","10.0.0.2","46884","88","892057","38"
,"62.688436000","61.438416000","11864","140","192.168.10.22","8081","10.0.0.2","46884","88","892145","38"
,"62.688449000","61.438429000","11865","140","192.168.10.22","8081","10.0.0.2","46884","88","892233","38"
,"62.688494000","61.438474000","11866","140","192.168.10.22","8081","10.0.0.2","46884","88","892321","38"
,"62.688505000","61.438485000","11867","140","192.168.10.22","8081","10.0.0.2","46884","88","892409","38"
,"62.688550000","61.438530000","11868","140","192.168.10.22","8081","10.0.0.2","46884","88","892497","38"
,"62.688564000","61.438544000","11869","140","192.168.10.22","8081","10.0.0.2","46884","88","892585","38"
,"62.688608000","61.438588000","11870","140","192.168.10.22","8081","10.0.0.2","46884","88","892673","38"
,"62.688623000","61.438603000","11871","140","192.168.10.22","8081","10.0.0.2","46884","88","892761","38"
,"62.749580000","61.499560000","11872","52","10.0.0.2","46884","192.168.10.22","8081","0","38","888185"
,"62.749607000","61.499587000","11873","52","10.0.0.2","46884","192.168.10.22","8081","0","38","888273"
,"62.750526000","61.500506000","11874","140","192.168.10.22","8081","10.0.0.2","46884","88","892849","38"
,"62.750568000","61.500548000","11875","140","192.168.10.22","8081","10.0.0.2","46884","88","892937","38"
,"62.750639000","61.500619000","11876","140","192.168.10.22","8081","10.0.0.2","46884","88","893025","38"
,"62.750655000","61.500635000","11877","140","192.168.10.22","8081","10.0.0.2","46884","88","893113","38"
,"62.750707000","61.500687000","11878","140","192.168.10.22","8081","10.0.0.2","46884","88","893201","38"
,"62.750721000","61.500701000","11879","140","192.168.10.22","8081","10.0.0.2","46884","88","893289","38"
,"62.750767000","61.500747000","11880","140","192.168.10.22","8081","10.0.0.2","46884","88","893377","38"
,"62.750791000","61.500771000","11881","140","192.168.10.22","8081","10.0.0.2","46884","88","893465","38"
,"62.750836000","61.500816000","11882","140","192.168.10.22","8081","10.0.0.2","46884","88","893553","38"
,"62.750850000","61.500830000","11883","140","192.168.10.22","8081","10.0.0.2","46884","88","893641","38"
,"62.812601000","61.562581000","11884","52","10.0.0.2","46884","192.168.10.22","8081","0","38","889065"
,"62.812628000","61.562608000","11885","52","10.0.0.2","46884","192.168.10.22","8081","0","38","889241"
,"62.813642000","61.563622000","11886","140","192.168.10.22","8081","10.0.0.2","46884","88","893729","38"
,"62.813685000","61.563665000","11887","140","192.168.10.22","8081","10.0.0.2","46884","88","893817","38"
,"62.813745000","61.563725000","11888","140","192.168.10.22","8081","10.0.0.2","46884","88","893905","38"
,"62.813761000","61.563741000","11889","140","192.168.10.22","8081","10.0.0.2","46884","88","893993","38"
,"62.813816000","61.563796000","11890","140","192.168.10.22","8081","10.0.0.2","46884","88","894081","38"
,"62.813829000","61.563809000","11891","140","192.168.10.22","8081","10.0.0.2","46884","88","894169","38"
,"62.813906000","61.563886000","11892","140","192.168.10.22","8081","10.0.0.2","46884","88","894257","38"
,"62.813924000","61.563904000","11893","140","192.168.10.22","8081","10.0.0.2","46884","88","894345","38"
,"62.813972000","61.563952000","11894","140","192.168.10.22","8081","10.0.0.2","46884","88","894433","38"
,"62.813986000","61.563966000","11895","140","192.168.10.22","8081","10.0.0.2","46884","88","894521","38"
,"62.874246000","61.624226000","11896","52","10.0.0.2","46884","192.168.10.22","8081","0","38","890033"
,"62.874272000","61.624252000","11897","52","10.0.0.2","46884","192.168.10.22","8081","0","38","890121"
,"62.875284000","61.625264000","11898","140","192.168.10.22","8081","10.0.0.2","46884","88","894609","38"
,"62.875325000","61.625305000","11899","140","192.168.10.22","8081","10.0.0.2","46884","88","894697","38"
,"62.875390000","61.625370000","11900","140","192.168.10.22","8081","10.0.0.2","46884","88","894785","38"
,"62.875406000","61.625386000","11901","140","192.168.10.22","8081","10.0.0.2","46884","88","894873","38"
,"62.875462000","61.625442000","11902","140","192.168.10.22","8081","10.0.0.2","46884","88","894961","38"
,"62.875476000","61.625456000","11903","140","192.168.10.22","8081","10.0.0.2","46884","88","895049","38"
,"62.875523000","61.625503000","11904","140","192.168.10.22","8081","10.0.0.2","46884","88","895137","38"
,"62.875534000","61.625514000","11905","140","192.168.10.22","8081","10.0.0.2","46884","88","895225","38"
,"62.875578000","61.625558000","11906","140","192.168.10.22","8081","10.0.0.2","46884","88","895313","38"
,"62.875592000","61.625572000","11907","140","192.168.10.22","8081","10.0.0.2","46884","88","895401","38"
,"62.937544000","61.687524000","11908","52","10.0.0.2","46884","192.168.10.22","8081","0","38","890913"
,"62.937571000","61.687551000","11909","52","10.0.0.2","46884","192.168.10.22","8081","0","38","891089"
,"62.938463000","61.688443000","11910","140","192.168.10.22","8081","10.0.0.2","46884","88","895489","38"
,"62.938499000","61.688479000","11911","140","192.168.10.22","8081","10.0.0.2","46884","88","895577","38"
,"62.938555000","61.688535000","11912","140","192.168.10.22","8081","10.0.0.2","46884","88","895665","38"
,"62.938568000","61.688548000","11913","140","192.168.10.22","8081","10.0.0.2","46884","88","895753","38"
,"62.938615000","61.688595000","11914","140","192.168.10.22","8081","10.0.0.2","46884","88","895841","38"
,"62.938626000","61.688606000","11915","140","192.168.10.22","8081","10.0.0.2","46884","88","895929","38"
,"62.938673000","61.688653000","11916","140","192.168.10.22","8081","10.0.0.2","46884","88","896017","38"
,"62.938685000","61.688665000","11917","140","192.168.10.22","8081","10.0.0.2","46884","88","896105","38"
,"62.938730000","61.688710000","11918","140","192.168.10.22","8081","10.0.0.2","46884","88","896193","38"
,"62.938744000","61.688724000","11919","140","192.168.10.22","8081","10.0.0.2","46884","88","896281","38"
,"62.938789000","61.688769000","11920","140","192.168.10.22","8081","10.0.0.2","46884","88","896369","38"
,"62.938800000","61.688780000","11921","140","192.168.10.22","8081","10.0.0.2","46884","88","896457","38"
,"62.999502000","61.749482000","11922","52","10.0.0.2","46884","192.168.10.22","8081","0","38","891881"
,"62.999524000","61.749504000","11923","52","10.0.0.2","46884","192.168.10.22","8081","0","38","891969"
,"63.000487000","61.750467000","11924","140","192.168.10.22","8081","10.0.0.2","46884","88","896545","38"
,"63.000528000","61.750508000","11925","140","192.168.10.22","8081","10.0.0.2","46884","88","896633","38"
,"63.000594000","61.750574000","11926","140","192.168.10.22","8081","10.0.0.2","46884","88","896721","38"
,"63.000609000","61.750589000","11927","140","192.168.10.22","8081","10.0.0.2","46884","88","896809","38"
,"63.000664000","61.750644000","11928","140","192.168.10.22","8081","10.0.0.2","46884","88","896897","38"
,"63.000677000","61.750657000","11929","140","192.168.10.22","8081","10.0.0.2","46884","88","896985","38"
,"63.000722000","61.750702000","11930","140","192.168.10.22","8081","10.0.0.2","46884","88","897073","38"
,"63.000733000","61.750713000","11931","140","192.168.10.22","8081","10.0.0.2","46884","88","897161","38"
,"63.000778000","61.750758000","11932","140","192.168.10.22","8081","10.0.0.2","46884","88","897249","38"
,"63.000791000","61.750771000","11933","140","192.168.10.22","8081","10.0.0.2","46884","88","897337","38"
,"63.063044000","61.813024000","11934","52","10.0.0.2","46884","192.168.10.22","8081","0","38","892937"
,"63.064027000","61.814007000","11935","140","192.168.10.22","8081","10.0.0.2","46884","88","897425","38"
,"63.064068000","61.814048000","11936","140","192.168.10.22","8081","10.0.0.2","46884","88","897513","38"
,"63.064134000","61.814114000","11937","140","192.168.10.22","8081","10.0.0.2","46884","88","897601","38"
,"63.064150000","61.814130000","11938","140","192.168.10.22","8081","10.0.0.2","46884","88","897689","38"
,"63.064206000","61.814186000","11939","140","192.168.10.22","8081","10.0.0.2","46884","88","897777","38"
,"63.064218000","61.814198000","11940","140","192.168.10.22","8081","10.0.0.2","46884","88","897865","38"
,"63.064264000","61.814244000","11941","140","192.168.10.22","8081","10.0.0.2","46884","88","897953","38"
,"63.064276000","61.814256000","11942","140","192.168.10.22","8081","10.0.0.2","46884","88","898041","38"
,"63.064320000","61.814300000","11943","140","192.168.10.22","8081","10.0.0.2","46884","88","898129","38"
,"63.064334000","61.814314000","11944","140","192.168.10.22","8081","10.0.0.2","46884","88","898217","38"
,"63.124324000","61.874304000","11945","52","10.0.0.2","46884","192.168.10.22","8081","0","38","893729"
,"63.124351000","61.874331000","11946","52","10.0.0.2","46884","192.168.10.22","8081","0","38","893817"
,"63.125244000","61.875224000","11947","140","192.168.10.22","8081","10.0.0.2","46884","88","898305","38"
,"63.125280000","61.875260000","11948","140","192.168.10.22","8081","10.0.0.2","46884","88","898393","38"
,"63.125333000","61.875313000","11949","140","192.168.10.22","8081","10.0.0.2","46884","88","898481","38"
,"63.125345000","61.875325000","11950","140","192.168.10.22","8081","10.0.0.2","46884","88","898569","38"
,"63.125390000","61.875370000","11951","140","192.168.10.22","8081","10.0.0.2","46884","88","898657","38"
,"63.125402000","61.875382000","11952","140","192.168.10.22","8081","10.0.0.2","46884","88","898745","38"
,"63.125448000","61.875428000","11953","140","192.168.10.22","8081","10.0.0.2","46884","88","898833","38"
,"63.125459000","61.875439000","11954","140","192.168.10.22","8081","10.0.0.2","46884","88","898921","38"
,"63.125504000","61.875484000","11955","140","192.168.10.22","8081","10.0.0.2","46884","88","899009","38"
,"63.125517000","61.875497000","11956","140","192.168.10.22","8081","10.0.0.2","46884","88","899097","38"
,"63.187594000","61.937574000","11957","52","10.0.0.2","46884","192.168.10.22","8081","0","38","894697"
,"63.188604000","61.938584000","11958","140","192.168.10.22","8081","10.0.0.2","46884","88","899185","38"
,"63.188647000","61.938627000","11959","140","192.168.10.22","8081","10.0.0.2","46884","88","899273","38"
,"63.188707000","61.938687000","11960","140","192.168.10.22","8081","10.0.0.2","46884","88","899361","38"
,"63.188722000","61.938702000","11961","140","192.168.10.22","8081","10.0.0.2","46884","88","899449","38"
,"63.188777000","61.938757000","11962","140","192.168.10.22","8081","10.0.0.2","46884","88","899537","38"
,"63.188791000","61.938771000","11963","140","192.168.10.22","8081","10.0.0.2","46884","88","899625","38"
,"63.188836000","61.938816000","11964","140","192.168.10.22","8081","10.0.0.2","46884","88","899713","38"
,"63.188847000","61.938827000","11965","140","192.168.10.22","8081","10.0.0.2","46884","88","899801","38"
,"63.188925000","61.938905000","11966","140","192.168.10.22","8081","10.0.0.2","46884","88","899889","38"
,"63.188941000","61.938921000","11967","140","192.168.10.22","8081","10.0.0.2","46884","88","899977","38"
,"63.249213000","61.999193000","11968","52","10.0.0.2","46884","192.168.10.22","8081","0","38","895489"
,"63.249239000","61.999219000","11969","52","10.0.0.2","46884","192.168.10.22","8081","0","38","895665"
,"63.250258000","62.000238000","11970","140","192.168.10.22","8081","10.0.0.2","46884","88","900065","38"
,"63.250303000","62.000283000","11971","140","192.168.10.22","8081","10.0.0.2","46884","88","900153","38"
,"63.250369000","62.000349000","11972","140","192.168.10.22","8081","10.0.0.2","46884","88","900241","38"
,"63.250384000","62.000364000","11973","140","192.168.10.22","8081","10.0.0.2","46884","88","900329","38"
,"63.250437000","62.000417000","11974","140","192.168.10.22","8081","10.0.0.2","46884","88","900417","38"
,"63.250449000","62.000429000","11975","140","192.168.10.22","8081","10.0.0.2","46884","88","900505","38"
,"63.250494000","62.000474000","11976","140","192.168.10.22","8081","10.0.0.2","46884","88","900593","38"
,"63.250505000","62.000485000","11977","140","192.168.10.22","8081","10.0.0.2","46884","88","900681","38"
,"63.250549000","62.000529000","11978","140","192.168.10.22","8081","10.0.0.2","46884","88","900769","38"
,"63.250563000","62.000543000","11979","140","192.168.10.22","8081","10.0.0.2","46884","88","900857","38"
,"63.250607000","62.000587000","11980","140","192.168.10.22","8081","10.0.0.2","46884","88","900945","38"
,"63.250621000","62.000601000","11981","140","192.168.10.22","8081","10.0.0.2","46884","88","901033","38"
,"63.312247000","62.062227000","11982","52","10.0.0.2","46884","192.168.10.22","8081","0","38","896457"
,"63.312274000","62.062254000","11983","52","10.0.0.2","46884","192.168.10.22","8081","0","38","896545"
,"63.313209000","62.063189000","11984","140","192.168.10.22","8081","10.0.0.2","46884","88","901121","38"
,"63.313249000","62.063229000","11985","140","192.168.10.22","8081","10.0.0.2","46884","88","901209","38"
,"63.313299000","62.063279000","11986","140","192.168.10.22","8081","10.0.0.2","46884","88","901297","38"
,"63.313312000","62.063292000","11987","140","192.168.10.22","8081","10.0.0.2","46884","88","901385","38"
,"63.313357000","62.063337000","11988","140","192.168.10.22","8081","10.0.0.2","46884","88","901473","38"
,"63.313368000","62.063348000","11989","140","192.168.10.22","8081","10.0.0.2","46884","88","901561","38"
,"63.313413000","62.063393000","11990","140","192.168.10.22","8081","10.0.0.2","46884","88","901649","38"
,"63.313424000","62.063404000","11991","140","192.168.10.22","8081","10.0.0.2","46884","88","901737","38"
,"63.313469000","62.063449000","11992","140","192.168.10.22","8081","10.0.0.2","46884","88","901825","38"
,"63.313482000","62.063462000","11993","140","192.168.10.22","8081","10.0.0.2","46884","88","901913","38"
,"63.374779000","62.124759000","11994","52","10.0.0.2","46884","192.168.10.22","8081","0","38","897161"
,"63.374806000","62.124786000","11995","52","10.0.0.2","46884","192.168.10.22","8081","0","38","897513"
,"63.375823000","62.125803000","11996","140","192.168.10.22","8081","10.0.0.2","46884","88","902001","38"
,"63.375866000","62.125846000","11997","140","192.168.10.22","8081","10.0.0.2","46884","88","902089","38"
,"63.375971000","62.125951000","11998","140","192.168.10.22","8081","10.0.0.2","46884","88","902177","38"
,"63.375991000","62.125971000","11999","140","192.168.10.22","8081","10.0.0.2","46884","88","902265","38"
,"63.376038000","62.126018000","12000","140","192.168.10.22","8081","10.0.0.2","46884","88","902353","38"
,"63.376052000","62.126032000","12001","140","192.168.10.22","8081","10.0.0.2","46884","88","902441","38"
,"63.376098000","62.126078000","12002","140","192.168.10.22","8081","10.0.0.2","46884","88","902529","38"
,"63.376113000","62.126093000","12003","140","192.168.10.22","8081","10.0.0.2","46884","88","902617","38"
,"63.376157000","62.126137000","12004","140","192.168.10.22","8081","10.0.0.2","46884","88","902705","38"
,"63.376170000","62.126150000","12005","140","192.168.10.22","8081","10.0.0.2","46884","88","902793","38"
,"63.437935000","62.187915000","12006","52","10.0.0.2","46884","192.168.10.22","8081","0","38","898305"
,"63.437961000","62.187941000","12007","52","10.0.0.2","46884","192.168.10.22","8081","0","38","898393"
,"63.438949000","62.188929000","12008","140","192.168.10.22","8081","10.0.0.2","46884","88","902881","38"
,"63.438993000","62.188973000","12009","140","192.168.10.22","8081","10.0.0.2","46884","88","902969","38"
,"63.439056000","62.189036000","12010","140","192.168.10.22","8081","10.0.0.2","46884","88","903057","38"
,"63.439073000","62.189053000","12011","140","192.168.10.22","8081","10.0.0.2","46884","88","903145","38"
,"63.439122000","62.189102000","12012","140","192.168.10.22","8081","10.0.0.2","46884","88","903233","38"
,"63.439134000","62.189114000","12013","140","192.168.10.22","8081","10.0.0.2","46884","88","903321","38"
,"63.439179000","62.189159000","12014","140","192.168.10.22","8081","10.0.0.2","46884","88","903409","38"
,"63.439190000","62.189170000","12015","140","192.168.10.22","8081","10.0.0.2","46884","88","903497","38"
,"63.439235000","62.189215000","12016","140","192.168.10.22","8081","10.0.0.2","46884","88","903585","38"
,"63.439248000","62.189228000","12017","140","192.168.10.22","8081","10.0.0.2","46884","88","903673","38"
,"63.499265000","62.249245000","12018","52","10.0.0.2","46884","192.168.10.22","8081","0","38","899185"
,"63.499292000","62.249272000","12019","52","10.0.0.2","46884","192.168.10.22","8081","0","38","899361"
,"63.500299000","62.250279000","12020","140","192.168.10.22","8081","10.0.0.2","46884","88","903761","38"
,"63.500342000","62.250322000","12021","140","192.168.10.22","8081","10.0.0.2","46884","88","903849","38"
,"63.500409000","62.250389000","12022","140","192.168.10.22","8081","10.0.0.2","46884","88","903937","38"
,"63.500425000","62.250405000","12023","140","192.168.10.22","8081","10.0.0.2","46884","88","904025","38"
,"63.500477000","62.250457000","12024","140","192.168.10.22","8081","10.0.0.2","46884","88","904113","38"
,"63.500490000","62.250470000","12025","140","192.168.10.22","8081","10.0.0.2","46884","88","904201","38"
,"63.500536000","62.250516000","12026","140","192.168.10.22","8081","10.0.0.2","46884","88","904289","38"
,"63.500547000","62.250527000","12027","140","192.168.10.22","8081","10.0.0.2","46884","88","904377","38"
,"63.500591000","62.250571000","12028","140","192.168.10.22","8081","10.0.0.2","46884","88","904465","38"
,"63.500605000","62.250585000","12029","140","192.168.10.22","8081","10.0.0.2","46884","88","904553","38"
,"63.500650000","62.250630000","12030","140","192.168.10.22","8081","10.0.0.2","46884","88","904641","38"
,"63.500664000","62.250644000","12031","140","192.168.10.22","8081","10.0.0.2","46884","88","904729","38"
,"63.562608000","62.312588000","12032","52","10.0.0.2","46884","192.168.10.22","8081","0","38","900241"
,"63.563476000","62.313456000","12033","140","192.168.10.22","8081","10.0.0.2","46884","88","904817","38"
,"63.563513000","62.313493000","12034","140","192.168.10.22","8081","10.0.0.2","46884","88","904905","38"
,"63.563565000","62.313545000","12035","140","192.168.10.22","8081","10.0.0.2","46884","88","904993","38"
,"63.563577000","62.313557000","12036","140","192.168.10.22","8081","10.0.0.2","46884","88","905081","38"
,"63.563623000","62.313603000","12037","140","192.168.10.22","8081","10.0.0.2","46884","88","905169","38"
,"63.563635000","62.313615000","12038","140","192.168.10.22","8081","10.0.0.2","46884","88","905257","38"
,"63.563680000","62.313660000","12039","140","192.168.10.22","8081","10.0.0.2","46884","88","905345","38"
,"63.563692000","62.313672000","12040","140","192.168.10.22","8081","10.0.0.2","46884","88","905433","38"
,"63.563736000","62.313716000","12041","140","192.168.10.22","8081","10.0.0.2","46884","88","905521","38"
,"63.563749000","62.313729000","12042","140","192.168.10.22","8081","10.0.0.2","46884","88","905609","38"
,"63.624813000","62.374793000","12043","52","10.0.0.2","46884","192.168.10.22","8081","0","38","901209"
,"63.625763000","62.375743000","12044","140","192.168.10.22","8081","10.0.0.2","46884","88","905697","38"
,"63.625799000","62.375779000","12045","140","192.168.10.22","8081","10.0.0.2","46884","88","905785","38"
,"63.625851000","62.375831000","12046","140","192.168.10.22","8081","10.0.0.2","46884","88","905873","38"
,"63.625863000","62.375843000","12047","140","192.168.10.22","8081","10.0.0.2","46884","88","905961","38"
,"63.625931000","62.375911000","12048","140","192.168.10.22","8081","10.0.0.2","46884","88","906049","38"
,"63.625946000","62.375926000","12049","140","192.168.10.22","8081","10.0.0.2","46884","88","906137","38"
,"63.625992000","62.375972000","12050","140","192.168.10.22","8081","10.0.0.2","46884","88","906225","38"
,"63.626004000","62.375984000","12051","140","192.168.10.22","8081","10.0.0.2","46884","88","906313","38"
,"63.626049000","62.376029000","12052","140","192.168.10.22","8081","10.0.0.2","46884","88","906401","38"
,"63.626064000","62.376044000","12053","140","192.168.10.22","8081","10.0.0.2","46884","88","906489","38"
,"63.687351000","62.437331000","12054","52","10.0.0.2","46884","192.168.10.22","8081","0","38","902001"
,"63.687377000","62.437357000","12055","52","10.0.0.2","46884","192.168.10.22","8081","0","38","902089"
,"63.688400000","62.438380000","12056","140","192.168.10.22","8081","10.0.0.2","46884","88","906577","38"
,"63.688442000","62.438422000","12057","140","192.168.10.22","8081","10.0.0.2","46884","88","906665","38"
,"63.688506000","62.438486000","12058","140","192.168.10.22","8081","10.0.0.2","46884","88","906753","38"
,"63.688521000","62.438501000","12059","140","192.168.10.22","8081","10.0.0.2","46884","88","906841","38"
,"63.688575000","62.438555000","12060","140","192.168.10.22","8081","10.0.0.2","46884","88","906929","38"
,"63.688589000","62.438569000","12061","140","192.168.10.22","8081","10.0.0.2","46884","88","907017","38"
,"63.688634000","62.438614000","12062","140","192.168.10.22","8081","10.0.0.2","46884","88","907105","38"
,"63.688645000","62.438625000","12063","140","192.168.10.22","8081","10.0.0.2","46884","88","907193","38"
,"63.688690000","62.438670000","12064","140","192.168.10.22","8081","10.0.0.2","46884","88","907281","38"
,"63.688704000","62.438684000","12065","140","192.168.10.22","8081","10.0.0.2","46884","88","907369","38"
,"63.749625000","62.499605000","12066","52","10.0.0.2","46884","192.168.10.22","8081","0","38","902881"
,"63.749652000","62.499632000","12067","52","10.0.0.2","46884","192.168.10.22","8081","0","38","902969"
,"63.750540000","62.500520000","12068","140","192.168.10.22","8081","10.0.0.2","46884","88","907457","38"
,"63.750576000","62.500556000","12069","140","192.168.10.22","8081","10.0.0.2","46884","88","907545","38"
,"63.750629000","62.500609000","12070","140","192.168.10.22","8081","10.0.0.2","46884","88","907633","38"
,"63.750642000","62.500622000","12071","140","192.168.10.22","8081","10.0.0.2","46884","88","907721","38"
,"63.750687000","62.500667000","12072","140","192.168.10.22","8081","10.0.0.2","46884","88","907809","38"
,"63.750698000","62.500678000","12073","140","192.168.10.22","8081","10.0.0.2","46884","88","907897","38"
,"63.750744000","62.500724000","12074","140","192.168.10.22","8081","10.0.0.2","46884","88","907985","38"
,"63.750756000","62.500736000","12075","140","192.168.10.22","8081","10.0.0.2","46884","88","908073","38"
,"63.750799000","62.500779000","12076","140","192.168.10.22","8081","10.0.0.2","46884","88","908161","38"
,"63.750813000","62.500793000","12077","140","192.168.10.22","8081","10.0.0.2","46884","88","908249","38"
,"63.812904000","62.562884000","12078","52","10.0.0.2","46884","192.168.10.22","8081","0","38","903761"
,"63.812951000","62.562931000","12079","52","10.0.0.2","46884","192.168.10.22","8081","0","38","903937"
,"63.813918000","62.563898000","12080","140","192.168.10.22","8081","10.0.0.2","46884","88","908337","38"
,"63.813965000","62.563945000","12081","140","192.168.10.22","8081","10.0.0.2","46884","88","908425","38"
,"63.814029000","62.564009000","12082","140","192.168.10.22","8081","10.0.0.2","46884","88","908513","38"
,"63.814045000","62.564025000","12083","140","192.168.10.22","8081","10.0.0.2","46884","88","908601","38"
,"63.814093000","62.564073000","12084","140","192.168.10.22","8081","10.0.0.2","46884","88","908689","38"
,"63.814104000","62.564084000","12085","140","192.168.10.22","8081","10.0.0.2","46884","88","908777","38"
,"63.814149000","62.564129000","12086","140","192.168.10.22","8081","10.0.0.2","46884","88","908865","38"
,"63.814160000","62.564140000","12087","140","192.168.10.22","8081","10.0.0.2","46884","88","908953","38"
,"63.814205000","62.564185000","12088","140","192.168.10.22","8081","10.0.0.2","46884","88","909041","38"
,"63.814219000","62.564199000","12089","140","192.168.10.22","8081","10.0.0.2","46884","88","909129","38"
,"63.814264000","62.564244000","12090","140","192.168.10.22","8081","10.0.0.2","46884","88","909217","38"
,"63.814277000","62.564257000","12091","140","192.168.10.22","8081","10.0.0.2","46884","88","909305","38"
,"63.874227000","62.624207000","12092","52","10.0.0.2","46884","192.168.10.22","8081","0","38","904817"
,"63.875128000","62.625108000","12093","140","192.168.10.22","8081","10.0.0.2","46884","88","909393","38"
,"63.875165000","62.625145000","12094","140","192.168.10.22","8081","10.0.0.2","46884","88","909481","38"
,"63.875216000","62.625196000","12095","140","192.168.10.22","8081","10.0.0.2","46884","88","909569","38"
,"63.875228000","62.625208000","12096","140","192.168.10.22","8081","10.0.0.2","46884","88","909657","38"
,"63.875273000","62.625253000","12097","140","192.168.10.22","8081","10.0.0.2","46884","88","909745","38"
,"63.875285000","62.625265000","12098","140","192.168.10.22","8081","10.0.0.2","46884","88","909833","38"
,"63.875330000","62.625310000","12099","140","192.168.10.22","8081","10.0.0.2","46884","88","909921","38"
,"63.875341000","62.625321000","12100","140","192.168.10.22","8081","10.0.0.2","46884","88","910009","38"
,"63.875385000","62.625365000","12101","140","192.168.10.22","8081","10.0.0.2","46884","88","910097","38"
,"63.875399000","62.625379000","12102","140","192.168.10.22","8081","10.0.0.2","46884","88","910185","38"
,"63.937231000","62.687211000","12103","52","10.0.0.2","46884","192.168.10.22","8081","0","38","905609"
,"63.937256000","62.687236000","12104","52","10.0.0.2","46884","192.168.10.22","8081","0","38","905785"
,"63.938121000","62.688101000","12105","140","192.168.10.22","8081","10.0.0.2","46884","88","910273","38"
,"63.938157000","62.688137000","12106","140","192.168.10.22","8081","10.0.0.2","46884","88","910361","38"
,"63.938210000","62.688190000","12107","140","192.168.10.22","8081","10.0.0.2","46884","88","910449","38"
,"63.938223000","62.688203000","12108","140","192.168.10.22","8081","10.0.0.2","46884","88","910537","38"
,"63.938268000","62.688248000","12109","140","192.168.10.22","8081","10.0.0.2","46884","88","910625","38"
,"63.938279000","62.688259000","12110","140","192.168.10.22","8081","10.0.0.2","46884","88","910713","38"
,"63.938324000","62.688304000","12111","140","192.168.10.22","8081","10.0.0.2","46884","88","910801","38"
,"63.938336000","62.688316000","12112","140","192.168.10.22","8081","10.0.0.2","46884","88","910889","38"
,"63.938380000","62.688360000","12113","140","192.168.10.22","8081","10.0.0.2","46884","88","910977","38"
,"63.938394000","62.688374000","12114","140","192.168.10.22","8081","10.0.0.2","46884","88","911065","38"
,"63.999215000","62.749195000","12115","52","10.0.0.2","46884","192.168.10.22","8081","0","38","906577"
,"63.999242000","62.749222000","12116","52","10.0.0.2","46884","192.168.10.22","8081","0","38","906665"
,"64.000112000","62.750092000","12117","140","192.168.10.22","8081","10.0.0.2","46884","88","911153","38"
,"64.000148000","62.750128000","12118","140","192.168.10.22","8081","10.0.0.2","46884","88","911241","38"
,"64.000198000","62.750178000","12119","140","192.168.10.22","8081","10.0.0.2","46884","88","911329","38"
,"64.000210000","62.750190000","12120","140","192.168.10.22","8081","10.0.0.2","46884","88","911417","38"
,"64.000256000","62.750236000","12121","140","192.168.10.22","8081","10.0.0.2","46884","88","911505","38"
,"64.000268000","62.750248000","12122","140","192.168.10.22","8081","10.0.0.2","46884","88","911593","38"
,"64.000313000","62.750293000","12123","140","192.168.10.22","8081","10.0.0.2","46884","88","911681","38"
,"64.000325000","62.750305000","12124","140","192.168.10.22","8081","10.0.0.2","46884","88","911769","38"
,"64.000369000","62.750349000","12125","140","192.168.10.22","8081","10.0.0.2","46884","88","911857","38"
,"64.000382000","62.750362000","12126","140","192.168.10.22","8081","10.0.0.2","46884","88","911945","38"
,"64.062344000","62.812324000","12127","52","10.0.0.2","46884","192.168.10.22","8081","0","38","907633"
,"64.063242000","62.813222000","12128","140","192.168.10.22","8081","10.0.0.2","46884","88","912033","38"
,"64.063278000","62.813258000","12129","140","192.168.10.22","8081","10.0.0.2","46884","88","912121","38"
,"64.063329000","62.813309000","12130","140","192.168.10.22","8081","10.0.0.2","46884","88","912209","38"
,"64.063341000","62.813321000","12131","140","192.168.10.22","8081","10.0.0.2","46884","88","912297","38"
,"64.063386000","62.813366000","12132","140","192.168.10.22","8081","10.0.0.2","46884","88","912385","38"
,"64.063399000","62.813379000","12133","140","192.168.10.22","8081","10.0.0.2","46884","88","912473","38"
,"64.063443000","62.813423000","12134","140","192.168.10.22","8081","10.0.0.2","46884","88","912561","38"
,"64.063455000","62.813435000","12135","140","192.168.10.22","8081","10.0.0.2","46884","88","912649","38"
,"64.063499000","62.813479000","12136","140","192.168.10.22","8081","10.0.0.2","46884","88","912737","38"
,"64.063513000","62.813493000","12137","140","192.168.10.22","8081","10.0.0.2","46884","88","912825","38"
,"64.063557000","62.813537000","12138","140","192.168.10.22","8081","10.0.0.2","46884","88","912913","38"
,"64.063570000","62.813550000","12139","140","192.168.10.22","8081","10.0.0.2","46884","88","913001","38"
,"64.124214000","62.874194000","12140","52","10.0.0.2","46884","192.168.10.22","8081","0","38","908425"
,"64.124241000","62.874221000","12141","52","10.0.0.2","46884","192.168.10.22","8081","0","38","908513"
,"64.125150000","62.875130000","12142","140","192.168.10.22","8081","10.0.0.2","46884","88","913089","38"
,"64.125188000","62.875168000","12143","140","192.168.10.22","8081","10.0.0.2","46884","88","913177","38"
,"64.125239000","62.875219000","12144","140","192.168.10.22","8081","10.0.0.2","46884","88","913265","38"
,"64.125251000","62.875231000","12145","140","192.168.10.22","8081","10.0.0.2","46884","88","913353","38"
,"64.125297000","62.875277000","12146","140","192.168.10.22","8081","10.0.0.2","46884","88","913441","38"
,"64.125309000","62.875289000","12147","140","192.168.10.22","8081","10.0.0.2","46884","88","913529","38"
,"64.125355000","62.875335000","12148","140","192.168.10.22","8081","10.0.0.2","46884","88","913617","38"
,"64.125367000","62.875347000","12149","140","192.168.10.22","8081","10.0.0.2","46884","88","913705","38"
,"64.125412000","62.875392000","12150","140","192.168.10.22","8081","10.0.0.2","46884","88","913793","38"
,"64.125425000","62.875405000","12151","140","192.168.10.22","8081","10.0.0.2","46884","88","913881","38"
,"64.187407000","62.937387000","12152","52","10.0.0.2","46884","192.168.10.22","8081","0","38","908777"
,"64.187434000","62.937414000","12153","52","10.0.0.2","46884","192.168.10.22","8081","0","38","909481"
,"64.188321000","62.938301000","12154","140","192.168.10.22","8081","10.0.0.2","46884","88","913969","38"
,"64.188363000","62.938343000","12155","140","192.168.10.22","8081","10.0.0.2","46884","88","914057","38"
,"64.188432000","62.938412000","12156","140","192.168.10.22","8081","10.0.0.2","46884","88","914145","38"
,"64.188450000","62.938430000","12157","140","192.168.10.22","8081","10.0.0.2","46884","88","914233","38"
,"64.188510000","62.938490000","12158","140","192.168.10.22","8081","10.0.0.2","46884","88","914321","38"
,"64.188523000","62.938503000","12159","140","192.168.10.22","8081","10.0.0.2","46884","88","914409","38"
,"64.188569000","62.938549000","12160","140","192.168.10.22","8081","10.0.0.2","46884","88","914497","38"
,"64.188583000","62.938563000","12161","140","192.168.10.22","8081","10.0.0.2","46884","88","914585","38"
,"64.188628000","62.938608000","12162","140","192.168.10.22","8081","10.0.0.2","46884","88","914673","38"
,"64.188641000","62.938621000","12163","140","192.168.10.22","8081","10.0.0.2","46884","88","914761","38"
,"64.249845000","62.999825000","12164","52","10.0.0.2","46884","192.168.10.22","8081","0","38","909833"
,"64.249872000","62.999852000","12165","52","10.0.0.2","46884","192.168.10.22","8081","0","38","910361"
,"64.250901000","63.000881000","12166","140","192.168.10.22","8081","10.0.0.2","46884","88","914849","38"
,"64.250963000","63.000943000","12167","140","192.168.10.22","8081","10.0.0.2","46884","88","914937","38"
,"64.251030000","63.001010000","12168","140","192.168.10.22","8081","10.0.0.2","46884","88","915025","38"
,"64.251044000","63.001024000","12169","140","192.168.10.22","8081","10.0.0.2","46884","88","915113","38"
,"64.251092000","63.001072000","12170","140","192.168.10.22","8081","10.0.0.2","46884","88","915201","38"
,"64.251107000","63.001087000","12171","140","192.168.10.22","8081","10.0.0.2","46884","88","915289","38"
,"64.251153000","63.001133000","12172","140","192.168.10.22","8081","10.0.0.2","46884","88","915377","38"
,"64.251166000","63.001146000","12173","140","192.168.10.22","8081","10.0.0.2","46884","88","915465","38"
,"64.251211000","63.001191000","12174","140","192.168.10.22","8081","10.0.0.2","46884","88","915553","38"
,"64.251224000","63.001204000","12175","140","192.168.10.22","8081","10.0.0.2","46884","88","915641","38"
,"64.312163000","63.062143000","12176","52","10.0.0.2","46884","192.168.10.22","8081","0","38","910801"
,"64.312189000","63.062169000","12177","52","10.0.0.2","46884","192.168.10.22","8081","0","38","911241"
,"64.313075000","63.063055000","12178","140","192.168.10.22","8081","10.0.0.2","46884","88","915729","38"
,"64.313111000","63.063091000","12179","140","192.168.10.22","8081","10.0.0.2","46884","88","915817","38"
,"64.313163000","63.063143000","12180","140","192.168.10.22","8081","10.0.0.2","46884","88","915905","38"
,"64.313175000","63.063155000","12181","140","192.168.10.22","8081","10.0.0.2","46884","88","915993","38"
,"64.313221000","63.063201000","12182","140","192.168.10.22","8081","10.0.0.2","46884","88","916081","38"
,"64.313232000","63.063212000","12183","140","192.168.10.22","8081","10.0.0.2","46884","88","916169","38"
,"64.313276000","63.063256000","12184","140","192.168.10.22","8081","10.0.0.2","46884","88","916257","38"
,"64.313288000","63.063268000","12185","140","192.168.10.22","8081","10.0.0.2","46884","88","916345","38"
,"64.313332000","63.063312000","12186","140","192.168.10.22","8081","10.0.0.2","46884","88","916433","38"
,"64.313345000","63.063325000","12187","140","192.168.10.22","8081","10.0.0.2","46884","88","916521","38"
,"64.374537000","63.124517000","12188","52","10.0.0.2","46884","192.168.10.22","8081","0","38","912209"
,"64.375561000","63.125541000","12189","140","192.168.10.22","8081","10.0.0.2","46884","88","916609","38"
,"64.375604000","63.125584000","12190","140","192.168.10.22","8081","10.0.0.2","46884","88","916697","38"
,"64.375669000","63.125649000","12191","140","192.168.10.22","8081","10.0.0.2","46884","88","916785","38"
,"64.375684000","63.125664000","12192","140","192.168.10.22","8081","10.0.0.2","46884","88","916873","38"
,"64.375738000","63.125718000","12193","140","192.168.10.22","8081","10.0.0.2","46884","88","916961","38"
,"64.375752000","63.125732000","12194","140","192.168.10.22","8081","10.0.0.2","46884","88","917049","38"
,"64.375798000","63.125778000","12195","140","192.168.10.22","8081","10.0.0.2","46884","88","917137","38"
,"64.375810000","63.125790000","12196","140","192.168.10.22","8081","10.0.0.2","46884","88","917225","38"
,"64.375854000","63.125834000","12197","140","192.168.10.22","8081","10.0.0.2","46884","88","917313","38"
,"64.375868000","63.125848000","12198","140","192.168.10.22","8081","10.0.0.2","46884","88","917401","38"
,"64.375951000","63.125931000","12199","140","192.168.10.22","8081","10.0.0.2","46884","88","917489","38"
,"64.375967000","63.125947000","12200","140","192.168.10.22","8081","10.0.0.2","46884","88","917577","38"
,"64.437063000","63.187043000","12201","52","10.0.0.2","46884","192.168.10.22","8081","0","38","912473"
,"64.437090000","63.187070000","12202","52","10.0.0.2","46884","192.168.10.22","8081","0","38","913089"
,"64.438112000","63.188092000","12203","140","192.168.10.22","8081","10.0.0.2","46884","88","917665","38"
,"64.438152000","63.188132000","12204","140","192.168.10.22","8081","10.0.0.2","46884","88","917753","38"
,"64.438216000","63.188196000","12205","140","192.168.10.22","8081","10.0.0.2","46884","88","917841","38"
,"64.438233000","63.188213000","12206","140","192.168.10.22","8081","10.0.0.2","46884","88","917929","38"
,"64.438288000","63.188268000","12207","140","192.168.10.22","8081","10.0.0.2","46884","88","918017","38"
,"64.438301000","63.188281000","12208","140","192.168.10.22","8081","10.0.0.2","46884","88","918105","38"
,"64.438346000","63.188326000","12209","140","192.168.10.22","8081","10.0.0.2","46884","88","918193","38"
,"64.438358000","63.188338000","12210","140","192.168.10.22","8081","10.0.0.2","46884","88","918281","38"
,"64.438402000","63.188382000","12211","140","192.168.10.22","8081","10.0.0.2","46884","88","918369","38"
,"64.438416000","63.188396000","12212","140","192.168.10.22","8081","10.0.0.2","46884","88","918457","38"
,"64.499868000","63.249848000","12213","52","10.0.0.2","46884","192.168.10.22","8081","0","38","913881"
,"64.499931000","63.249911000","12214","52","10.0.0.2","46884","192.168.10.22","8081","0","38","914057"
,"64.500898000","63.250878000","12215","140","192.168.10.22","8081","10.0.0.2","46884","88","918545","38"
,"64.500965000","63.250945000","12216","140","192.168.10.22","8081","10.0.0.2","46884","88","918633","38"
,"64.501030000","63.251010000","12217","140","192.168.10.22","8081","10.0.0.2","46884","88","918721","38"
,"64.501044000","63.251024000","12218","140","192.168.10.22","8081","10.0.0.2","46884","88","918809","38"
,"64.501092000","63.251072000","12219","140","192.168.10.22","8081","10.0.0.2","46884","88","918897","38"
,"64.501107000","63.251087000","12220","140","192.168.10.22","8081","10.0.0.2","46884","88","918985","38"
,"64.501153000","63.251133000","12221","140","192.168.10.22","8081","10.0.0.2","46884","88","919073","38"
,"64.501165000","63.251145000","12222","140","192.168.10.22","8081","10.0.0.2","46884","88","919161","38"
,"64.501209000","63.251189000","12223","140","192.168.10.22","8081","10.0.0.2","46884","88","919249","38"
,"64.501222000","63.251202000","12224","140","192.168.10.22","8081","10.0.0.2","46884","88","919337","38"
,"64.562414000","63.312394000","12225","52","10.0.0.2","46884","192.168.10.22","8081","0","38","914937"
,"64.563430000","63.313410000","12226","140","192.168.10.22","8081","10.0.0.2","46884","88","919425","38"
,"64.563473000","63.313453000","12227","140","192.168.10.22","8081","10.0.0.2","46884","88","919513","38"
,"64.563537000","63.313517000","12228","140","192.168.10.22","8081","10.0.0.2","46884","88","919601","38"
,"64.563554000","63.313534000","12229","140","192.168.10.22","8081","10.0.0.2","46884","88","919689","38"
,"64.563609000","63.313589000","12230","140","192.168.10.22","8081","10.0.0.2","46884","88","919777","38"
,"64.563622000","63.313602000","12231","140","192.168.10.22","8081","10.0.0.2","46884","88","919865","38"
,"64.563670000","63.313650000","12232","140","192.168.10.22","8081","10.0.0.2","46884","88","919953","38"
,"64.563682000","63.313662000","12233","140","192.168.10.22","8081","10.0.0.2","46884","88","920041","38"
,"64.563727000","63.313707000","12234","140","192.168.10.22","8081","10.0.0.2","46884","88","920129","38"
,"64.563741000","63.313721000","12235","140","192.168.10.22","8081","10.0.0.2","46884","88","920217","38"
,"64.624352000","63.374332000","12236","52","10.0.0.2","46884","192.168.10.22","8081","0","38","915289"
,"64.624378000","63.374358000","12237","52","10.0.0.2","46884","192.168.10.22","8081","0","38","915905"
,"64.625299000","63.375279000","12238","140","192.168.10.22","8081","10.0.0.2","46884","88","920305","38"
,"64.625340000","63.375320000","12239","140","192.168.10.22","8081","10.0.0.2","46884","88","920393","38"
,"64.625394000","63.375374000","12240","140","192.168.10.22","8081","10.0.0.2","46884","88","920481","38"
,"64.625406000","63.375386000","12241","140","192.168.10.22","8081","10.0.0.2","46884","88","920569","38"
,"64.625452000","63.375432000","12242","140","192.168.10.22","8081","10.0.0.2","46884","88","920657","38"
,"64.625464000","63.375444000","12243","140","192.168.10.22","8081","10.0.0.2","46884","88","920745","38"
,"64.625509000","63.375489000","12244","140","192.168.10.22","8081","10.0.0.2","46884","88","920833","38"
,"64.625521000","63.375501000","12245","140","192.168.10.22","8081","10.0.0.2","46884","88","920921","38"
,"64.625566000","63.375546000","12246","140","192.168.10.22","8081","10.0.0.2","46884","88","921009","38"
,"64.625581000","63.375561000","12247","140","192.168.10.22","8081","10.0.0.2","46884","88","921097","38"
,"64.625626000","63.375606000","12248","140","192.168.10.22","8081","10.0.0.2","46884","88","921185","38"
,"64.625638000","63.375618000","12249","140","192.168.10.22","8081","10.0.0.2","46884","88","921273","38"
,"64.687850000","63.437830000","12250","52","10.0.0.2","46884","192.168.10.22","8081","0","38","916785"
,"64.688873000","63.438853000","12251","140","192.168.10.22","8081","10.0.0.2","46884","88","921361","38"
,"64.688966000","63.438946000","12252","140","192.168.10.22","8081","10.0.0.2","46884","88","921449","38"
,"64.689032000","63.439012000","12253","140","192.168.10.22","8081","10.0.0.2","46884","88","921537","38"
,"64.689047000","63.439027000","12254","140","192.168.10.22","8081","10.0.0.2","46884","88","921625","38"
,"64.689094000","63.439074000","12255","140","192.168.10.22","8081","10.0.0.2","46884","88","921713","38"
,"64.689108000","63.439088000","12256","140","192.168.10.22","8081","10.0.0.2","46884","88","921801","38"
,"64.689153000","63.439133000","12257","140","192.168.10.22","8081","10.0.0.2","46884","88","921889","38"
,"64.689167000","63.439147000","12258","140","192.168.10.22","8081","10.0.0.2","46884","88","921977","38"
,"64.689213000","63.439193000","12259","140","192.168.10.22","8081","10.0.0.2","46884","88","922065","38"
,"64.689227000","63.439207000","12260","140","192.168.10.22","8081","10.0.0.2","46884","88","922153","38"
,"64.749512000","63.499492000","12261","52","10.0.0.2","46884","192.168.10.22","8081","0","38","917577"
,"64.749541000","63.499521000","12262","52","10.0.0.2","46884","192.168.10.22","8081","0","38","917753"
,"64.750535000","63.500515000","12263","140","192.168.10.22","8081","10.0.0.2","46884","88","922241","38"
,"64.750578000","63.500558000","12264","140","192.168.10.22","8081","10.0.0.2","46884","88","922329","38"
,"64.750643000","63.500623000","12265","140","192.168.10.22","8081","10.0.0.2","46884","88","922417","38"
,"64.750660000","63.500640000","12266","140","192.168.10.22","8081","10.0.0.2","46884","88","922505","38"
,"64.750715000","63.500695000","12267","140","192.168.10.22","8081","10.0.0.2","46884","88","922593","38"
,"64.750728000","63.500708000","12268","140","192.168.10.22","8081","10.0.0.2","46884","88","922681","38"
,"64.750773000","63.500753000","12269","140","192.168.10.22","8081","10.0.0.2","46884","88","922769","38"
,"64.750785000","63.500765000","12270","140","192.168.10.22","8081","10.0.0.2","46884","88","922857","38"
,"64.750829000","63.500809000","12271","140","192.168.10.22","8081","10.0.0.2","46884","88","922945","38"
,"64.750843000","63.500823000","12272","140","192.168.10.22","8081","10.0.0.2","46884","88","923033","38"
,"64.813039000","63.563019000","12273","52","10.0.0.2","46884","192.168.10.22","8081","0","38","918633"
,"64.814024000","63.564004000","12274","140","192.168.10.22","8081","10.0.0.2","46884","88","923121","38"
,"64.814067000","63.564047000","12275","140","192.168.10.22","8081","10.0.0.2","46884","88","923209","38"
,"64.814128000","63.564108000","12276","140","192.168.10.22","8081","10.0.0.2","46884","88","923297","38"
,"64.814144000","63.564124000","12277","140","192.168.10.22","8081","10.0.0.2","46884","88","923385","38"
,"64.814199000","63.564179000","12278","140","192.168.10.22","8081","10.0.0.2","46884","88","923473","38"
,"64.814212000","63.564192000","12279","140","192.168.10.22","8081","10.0.0.2","46884","88","923561","38"
,"64.814257000","63.564237000","12280","140","192.168.10.22","8081","10.0.0.2","46884","88","923649","38"
,"64.814268000","63.564248000","12281","140","192.168.10.22","8081","10.0.0.2","46884","88","923737","38"
,"64.814313000","63.564293000","12282","140","192.168.10.22","8081","10.0.0.2","46884","88","923825","38"
,"64.814328000","63.564308000","12283","140","192.168.10.22","8081","10.0.0.2","46884","88","923913","38"
,"64.874719000","63.624699000","12284","52","10.0.0.2","46884","192.168.10.22","8081","0","38","919513"
,"64.875750000","63.625730000","12285","140","192.168.10.22","8081","10.0.0.2","46884","88","924001","38"
,"64.875791000","63.625771000","12286","140","192.168.10.22","8081","10.0.0.2","46884","88","924089","38"
,"64.875857000","63.625837000","12287","140","192.168.10.22","8081","10.0.0.2","46884","88","924177","38"
,"64.875873000","63.625853000","12288","140","192.168.10.22","8081","10.0.0.2","46884","88","924265","38"
,"64.875958000","63.625938000","12289","140","192.168.10.22","8081","10.0.0.2","46884","88","924353","38"
,"64.875974000","63.625954000","12290","140","192.168.10.22","8081","10.0.0.2","46884","88","924441","38"
,"64.876020000","63.626000000","12291","140","192.168.10.22","8081","10.0.0.2","46884","88","924529","38"
,"64.876032000","63.626012000","12292","140","192.168.10.22","8081","10.0.0.2","46884","88","924617","38"
,"64.876076000","63.626056000","12293","140","192.168.10.22","8081","10.0.0.2","46884","88","924705","38"
,"64.876090000","63.626070000","12294","140","192.168.10.22","8081","10.0.0.2","46884","88","924793","38"
,"64.937377000","63.687357000","12295","52","10.0.0.2","46884","192.168.10.22","8081","0","38","920217"
,"64.937404000","63.687384000","12296","52","10.0.0.2","46884","192.168.10.22","8081","0","38","920481"
,"64.938405000","63.688385000","12297","140","192.168.10.22","8081","10.0.0.2","46884","88","924881","38"
,"64.938448000","63.688428000","12298","140","192.168.10.22","8081","10.0.0.2","46884","88","924969","38"
,"64.938512000","63.688492000","12299","140","192.168.10.22","8081","10.0.0.2","46884","88","925057","38"
,"64.938528000","63.688508000","12300","140","192.168.10.22","8081","10.0.0.2","46884","88","925145","38"
,"64.938583000","63.688563000","12301","140","192.168.10.22","8081","10.0.0.2","46884","88","925233","38"
,"64.938596000","63.688576000","12302","140","192.168.10.22","8081","10.0.0.2","46884","88","925321","38"
,"64.938642000","63.688622000","12303","140","192.168.10.22","8081","10.0.0.2","46884","88","925409","38"
,"64.938653000","63.688633000","12304","140","192.168.10.22","8081","10.0.0.2","46884","88","925497","38"
,"64.938698000","63.688678000","12305","140","192.168.10.22","8081","10.0.0.2","46884","88","925585","38"
,"64.938712000","63.688692000","12306","140","192.168.10.22","8081","10.0.0.2","46884","88","925673","38"
,"64.938756000","63.688736000","12307","140","192.168.10.22","8081","10.0.0.2","46884","88","925761","38"
,"64.938769000","63.688749000","12308","140","192.168.10.22","8081","10.0.0.2","46884","88","925849","38"
,"64.999970000","63.749950000","12309","52","10.0.0.2","46884","192.168.10.22","8081","0","38","921273"
,"64.999996000","63.749976000","12310","52","10.0.0.2","46884","192.168.10.22","8081","0","38","921361"
,"65.001013000","63.750993000","12311","140","192.168.10.22","8081","10.0.0.2","46884","88","925937","38"
,"65.001054000","63.751034000","12312","140","192.168.10.22","8081","10.0.0.2","46884","88","926025","38"
,"65.001117000","63.751097000","12313","140","192.168.10.22","8081","10.0.0.2","46884","88","926113","38"
,"65.001132000","63.751112000","12314","140","192.168.10.22","8081","10.0.0.2","46884","88","926201","38"
,"65.001183000","63.751163000","12315","140","192.168.10.22","8081","10.0.0.2","46884","88","926289","38"
,"65.001196000","63.751176000","12316","140","192.168.10.22","8081","10.0.0.2","46884","88","926377","38"
,"65.001242000","63.751222000","12317","140","192.168.10.22","8081","10.0.0.2","46884","88","926465","38"
,"65.001253000","63.751233000","12318","140","192.168.10.22","8081","10.0.0.2","46884","88","926553","38"
,"65.001298000","63.751278000","12319","140","192.168.10.22","8081","10.0.0.2","46884","88","926641","38"
,"65.001312000","63.751292000","12320","140","192.168.10.22","8081","10.0.0.2","46884","88","926729","38"
,"65.062597000","63.812577000","12321","52","10.0.0.2","46884","192.168.10.22","8081","0","38","922329"
,"65.063591000","63.813571000","12322","140","192.168.10.22","8081","10.0.0.2","46884","88","926817","38"
,"65.063633000","63.813613000","12323","140","192.168.10.22","8081","10.0.0.2","46884","88","926905","38"
,"65.063699000","63.813679000","12324","140","192.168.10.22","8081","10.0.0.2","46884","88","926993","38"
,"65.063716000","63.813696000","12325","140","192.168.10.22","8081","10.0.0.2","46884","88","927081","38"
,"65.063771000","63.813751000","12326","140","192.168.10.22","8081","10.0.0.2","46884","88","927169","38"
,"65.063784000","63.813764000","12327","140","192.168.10.22","8081","10.0.0.2","46884","88","927257","38"
,"65.063831000","63.813811000","12328","140","192.168.10.22","8081","10.0.0.2","46884","88","927345","38"
,"65.063843000","63.813823000","12329","140","192.168.10.22","8081","10.0.0.2","46884","88","927433","38"
,"65.063916000","63.813896000","12330","140","192.168.10.22","8081","10.0.0.2","46884","88","927521","38"
,"65.063931000","63.813911000","12331","140","192.168.10.22","8081","10.0.0.2","46884","88","927609","38"
,"65.124873000","63.874853000","12332","52","10.0.0.2","46884","192.168.10.22","8081","0","38","923121"
,"65.124940000","63.874920000","12333","52","10.0.0.2","46884","192.168.10.22","8081","0","38","923209"
,"65.125900000","63.875880000","12334","140","192.168.10.22","8081","10.0.0.2","46884","88","927697","38"
,"65.125969000","63.875949000","12335","140","192.168.10.22","8081","10.0.0.2","46884","88","927785","38"
,"65.126038000","63.876018000","12336","140","192.168.10.22","8081","10.0.0.2","46884","88","927873","38"
,"65.126052000","63.876032000","12337","140","192.168.10.22","8081","10.0.0.2","46884","88","927961","38"
,"65.126099000","63.876079000","12338","140","192.168.10.22","8081","10.0.0.2","46884","88","928049","38"
,"65.126113000","63.876093000","12339","140","192.168.10.22","8081","10.0.0.2","46884","88","928137","38"
,"65.126159000","63.876139000","12340","140","192.168.10.22","8081","10.0.0.2","46884","88","928225","38"
,"65.126173000","63.876153000","12341","140","192.168.10.22","8081","10.0.0.2","46884","88","928313","38"
,"65.126218000","63.876198000","12342","140","192.168.10.22","8081","10.0.0.2","46884","88","928401","38"
,"65.126232000","63.876212000","12343","140","192.168.10.22","8081","10.0.0.2","46884","88","928489","38"
,"65.187184000","63.937164000","12344","52","10.0.0.2","46884","192.168.10.22","8081","0","38","924177"
,"65.188088000","63.938068000","12345","140","192.168.10.22","8081","10.0.0.2","46884","88","928577","38"
,"65.188124000","63.938104000","12346","140","192.168.10.22","8081","10.0.0.2","46884","88","928665","38"
,"65.188175000","63.938155000","12347","140","192.168.10.22","8081","10.0.0.2","46884","88","928753","38"
,"65.188187000","63.938167000","12348","140","192.168.10.22","8081","10.0.0.2","46884","88","928841","38"
,"65.188232000","63.938212000","12349","140","192.168.10.22","8081","10.0.0.2","46884","88","928929","38"
,"65.188243000","63.938223000","12350","140","192.168.10.22","8081","10.0.0.2","46884","88","929017","38"
,"65.188287000","63.938267000","12351","140","192.168.10.22","8081","10.0.0.2","46884","88","929105","38"
,"65.188299000","63.938279000","12352","140","192.168.10.22","8081","10.0.0.2","46884","88","929193","38"
,"65.188343000","63.938323000","12353","140","192.168.10.22","8081","10.0.0.2","46884","88","929281","38"
,"65.188356000","63.938336000","12354","140","192.168.10.22","8081","10.0.0.2","46884","88","929369","38"
,"65.188401000","63.938381000","12355","140","192.168.10.22","8081","10.0.0.2","46884","88","929457","38"
,"65.188414000","63.938394000","12356","140","192.168.10.22","8081","10.0.0.2","46884","88","929545","38"
,"65.249752000","63.999732000","12357","52","10.0.0.2","46884","192.168.10.22","8081","0","38","925057"
,"65.250745000","64.000725000","12358","140","192.168.10.22","8081","10.0.0.2","46884","88","929633","38"
,"65.250786000","64.000766000","12359","140","192.168.10.22","8081","10.0.0.2","46884","88","929721","38"
,"65.250849000","64.000829000","12360","140","192.168.10.22","8081","10.0.0.2","46884","88","929809","38"
,"65.250865000","64.000845000","12361","140","192.168.10.22","8081","10.0.0.2","46884","88","929897","38"
,"65.250955000","64.000935000","12362","140","192.168.10.22","8081","10.0.0.2","46884","88","929985","38"
,"65.250971000","64.000951000","12363","140","192.168.10.22","8081","10.0.0.2","46884","88","930073","38"
,"65.251016000","64.000996000","12364","140","192.168.10.22","8081","10.0.0.2","46884","88","930161","38"
,"65.251027000","64.001007000","12365","140","192.168.10.22","8081","10.0.0.2","46884","88","930249","38"
,"65.251072000","64.001052000","12366","140","192.168.10.22","8081","10.0.0.2","46884","88","930337","38"
,"65.251086000","64.001066000","12367","140","192.168.10.22","8081","10.0.0.2","46884","88","930425","38"
,"65.312787000","64.062767000","12368","52","10.0.0.2","46884","192.168.10.22","8081","0","38","925497"
,"65.312813000","64.062793000","12369","52","10.0.0.2","46884","192.168.10.22","8081","0","38","926025"
,"65.313803000","64.063783000","12370","140","192.168.10.22","8081","10.0.0.2","46884","88","930513","38"
,"65.313845000","64.063825000","12371","140","192.168.10.22","8081","10.0.0.2","46884","88","930601","38"
,"65.313945000","64.063925000","12372","140","192.168.10.22","8081","10.0.0.2","46884","88","930689","38"
,"65.313964000","64.063944000","12373","140","192.168.10.22","8081","10.0.0.2","46884","88","930777","38"
,"65.314012000","64.063992000","12374","140","192.168.10.22","8081","10.0.0.2","46884","88","930865","38"
,"65.314023000","64.064003000","12375","140","192.168.10.22","8081","10.0.0.2","46884","88","930953","38"
,"65.314068000","64.064048000","12376","140","192.168.10.22","8081","10.0.0.2","46884","88","931041","38"
,"65.314088000","64.064068000","12377","140","192.168.10.22","8081","10.0.0.2","46884","88","931129","38"
,"65.314133000","64.064113000","12378","140","192.168.10.22","8081","10.0.0.2","46884","88","931217","38"
,"65.314146000","64.064126000","12379","140","192.168.10.22","8081","10.0.0.2","46884","88","931305","38"
,"65.374904000","64.124884000","12380","52","10.0.0.2","46884","192.168.10.22","8081","0","38","926905"
,"65.375848000","64.125828000","12381","140","192.168.10.22","8081","10.0.0.2","46884","88","931393","38"
,"65.375930000","64.125910000","12382","140","192.168.10.22","8081","10.0.0.2","46884","88","931481","38"
,"65.375996000","64.125976000","12383","140","192.168.10.22","8081","10.0.0.2","46884","88","931569","38"
,"65.376012000","64.125992000","12384","140","192.168.10.22","8081","10.0.0.2","46884","88","931657","38"
,"65.376063000","64.126043000","12385","140","192.168.10.22","8081","10.0.0.2","46884","88","931745","38"
,"65.376076000","64.126056000","12386","140","192.168.10.22","8081","10.0.0.2","46884","88","931833","38"
,"65.376121000","64.126101000","12387","140","192.168.10.22","8081","10.0.0.2","46884","88","931921","38"
,"65.376135000","64.126115000","12388","140","192.168.10.22","8081","10.0.0.2","46884","88","932009","38"
,"65.376180000","64.126160000","12389","140","192.168.10.22","8081","10.0.0.2","46884","88","932097","38"
,"65.376192000","64.126172000","12390","140","192.168.10.22","8081","10.0.0.2","46884","88","932185","38"
,"65.437477000","64.187457000","12391","52","10.0.0.2","46884","192.168.10.22","8081","0","38","927697"
,"65.437502000","64.187482000","12392","52","10.0.0.2","46884","192.168.10.22","8081","0","38","927785"
,"65.438516000","64.188496000","12393","140","192.168.10.22","8081","10.0.0.2","46884","88","932273","38"
,"65.438562000","64.188542000","12394","140","192.168.10.22","8081","10.0.0.2","46884","88","932361","38"
,"65.438625000","64.188605000","12395","140","192.168.10.22","8081","10.0.0.2","46884","88","932449","38"
,"65.438640000","64.188620000","12396","140","192.168.10.22","8081","10.0.0.2","46884","88","932537","38"
,"65.438696000","64.188676000","12397","140","192.168.10.22","8081","10.0.0.2","46884","88","932625","38"
,"65.438709000","64.188689000","12398","140","192.168.10.22","8081","10.0.0.2","46884","88","932713","38"
,"65.438755000","64.188735000","12399","140","192.168.10.22","8081","10.0.0.2","46884","88","932801","38"
,"65.438767000","64.188747000","12400","140","192.168.10.22","8081","10.0.0.2","46884","88","932889","38"
,"65.438811000","64.188791000","12401","140","192.168.10.22","8081","10.0.0.2","46884","88","932977","38"
,"65.438824000","64.188804000","12402","140","192.168.10.22","8081","10.0.0.2","46884","88","933065","38"
,"65.499932000","64.249912000","12403","52","10.0.0.2","46884","192.168.10.22","8081","0","38","928313"
,"65.499977000","64.249957000","12404","52","10.0.0.2","46884","192.168.10.22","8081","0","38","928753"
,"65.500952000","64.250932000","12405","140","192.168.10.22","8081","10.0.0.2","46884","88","933153","38"
,"65.500995000","64.250975000","12406","140","192.168.10.22","8081","10.0.0.2","46884","88","933241","38"
,"65.501058000","64.251038000","12407","140","192.168.10.22","8081","10.0.0.2","46884","88","933329","38"
,"65.501074000","64.251054000","12408","140","192.168.10.22","8081","10.0.0.2","46884","88","933417","38"
,"65.501122000","64.251102000","12409","140","192.168.10.22","8081","10.0.0.2","46884","88","933505","38"
,"65.501133000","64.251113000","12410","140","192.168.10.22","8081","10.0.0.2","46884","88","933593","38"
,"65.501179000","64.251159000","12411","140","192.168.10.22","8081","10.0.0.2","46884","88","933681","38"
,"65.501191000","64.251171000","12412","140","192.168.10.22","8081","10.0.0.2","46884","88","933769","38"
,"65.501235000","64.251215000","12413","140","192.168.10.22","8081","10.0.0.2","46884","88","933857","38"
,"65.501249000","64.251229000","12414","140","192.168.10.22","8081","10.0.0.2","46884","88","933945","38"
,"65.501295000","64.251275000","12415","140","192.168.10.22","8081","10.0.0.2","46884","88","934033","38"
,"65.501308000","64.251288000","12416","140","192.168.10.22","8081","10.0.0.2","46884","88","934121","38"
,"65.562494000","64.312474000","12417","52","10.0.0.2","46884","192.168.10.22","8081","0","38","929633"
,"65.563514000","64.313494000","12418","140","192.168.10.22","8081","10.0.0.2","46884","88","934209","38"
,"65.563556000","64.313536000","12419","140","192.168.10.22","8081","10.0.0.2","46884","88","934297","38"
,"65.563617000","64.313597000","12420","140","192.168.10.22","8081","10.0.0.2","46884","88","934385","38"
,"65.563632000","64.313612000","12421","140","192.168.10.22","8081","10.0.0.2","46884","88","934473","38"
,"65.563688000","64.313668000","12422","140","192.168.10.22","8081","10.0.0.2","46884","88","934561","38"
,"65.563702000","64.313682000","12423","140","192.168.10.22","8081","10.0.0.2","46884","88","934649","38"
,"65.563749000","64.313729000","12424","140","192.168.10.22","8081","10.0.0.2","46884","88","934737","38"
,"65.563760000","64.313740000","12425","140","192.168.10.22","8081","10.0.0.2","46884","88","934825","38"
,"65.563806000","64.313786000","12426","140","192.168.10.22","8081","10.0.0.2","46884","88","934913","38"
,"65.563820000","64.313800000","12427","140","192.168.10.22","8081","10.0.0.2","46884","88","935001","38"
,"65.624501000","64.374481000","12428","52","10.0.0.2","46884","192.168.10.22","8081","0","38","930601"
,"65.625484000","64.375464000","12429","140","192.168.10.22","8081","10.0.0.2","46884","88","935089","38"
,"65.625528000","64.375508000","12430","140","192.168.10.22","8081","10.0.0.2","46884","88","935177","38"
,"65.625593000","64.375573000","12431","140","192.168.10.22","8081","10.0.0.2","46884","88","935265","38"
,"65.625609000","64.375589000","12432","140","192.168.10.22","8081","10.0.0.2","46884","88","935353","38"
,"65.625661000","64.375641000","12433","140","192.168.10.22","8081","10.0.0.2","46884","88","935441","38"
,"65.625674000","64.375654000","12434","140","192.168.10.22","8081","10.0.0.2","46884","88","935529","38"
,"65.625719000","64.375699000","12435","140","192.168.10.22","8081","10.0.0.2","46884","88","935617","38"
,"65.625730000","64.375710000","12436","140","192.168.10.22","8081","10.0.0.2","46884","88","935705","38"
,"65.625775000","64.375755000","12437","140","192.168.10.22","8081","10.0.0.2","46884","88","935793","38"
,"65.625789000","64.375769000","12438","140","192.168.10.22","8081","10.0.0.2","46884","88","935881","38"
,"65.687297000","64.437277000","12439","52","10.0.0.2","46884","192.168.10.22","8081","0","38","931393"
,"65.687327000","64.437307000","12440","52","10.0.0.2","46884","192.168.10.22","8081","0","38","931481"
,"65.688302000","64.438282000","12441","140","192.168.10.22","8081","10.0.0.2","46884","88","935969","38"
,"65.688344000","64.438324000","12442","140","192.168.10.22","8081","10.0.0.2","46884","88","936057","38"
,"65.688409000","64.438389000","12443","140","192.168.10.22","8081","10.0.0.2","46884","88","936145","38"
,"65.688426000","64.438406000","12444","140","192.168.10.22","8081","10.0.0.2","46884","88","936233","38"
,"65.688477000","64.438457000","12445","140","192.168.10.22","8081","10.0.0.2","46884","88","936321","38"
,"65.688489000","64.438469000","12446","140","192.168.10.22","8081","10.0.0.2","46884","88","936409","38"
,"65.688536000","64.438516000","12447","140","192.168.10.22","8081","10.0.0.2","46884","88","936497","38"
,"65.688547000","64.438527000","12448","140","192.168.10.22","8081","10.0.0.2","46884","88","936585","38"
,"65.688592000","64.438572000","12449","140","192.168.10.22","8081","10.0.0.2","46884","88","936673","38"
,"65.688605000","64.438585000","12450","140","192.168.10.22","8081","10.0.0.2","46884","88","936761","38"
,"65.749606000","64.499586000","12451","52","10.0.0.2","46884","192.168.10.22","8081","0","38","932273"
,"65.749633000","64.499613000","12452","52","10.0.0.2","46884","192.168.10.22","8081","0","38","932449"
,"65.750625000","64.500605000","12453","140","192.168.10.22","8081","10.0.0.2","46884","88","936849","38"
,"65.750670000","64.500650000","12454","140","192.168.10.22","8081","10.0.0.2","46884","88","936937","38"
,"65.750732000","64.500712000","12455","140","192.168.10.22","8081","10.0.0.2","46884","88","937025","38"
,"65.750748000","64.500728000","12456","140","192.168.10.22","8081","10.0.0.2","46884","88","937113","38"
,"65.750801000","64.500781000","12457","140","192.168.10.22","8081","10.0.0.2","46884","88","937201","38"
,"65.750814000","64.500794000","12458","140","192.168.10.22","8081","10.0.0.2","46884","88","937289","38"
,"65.750859000","64.500839000","12459","140","192.168.10.22","8081","10.0.0.2","46884","88","937377","38"
,"65.750871000","64.500851000","12460","140","192.168.10.22","8081","10.0.0.2","46884","88","937465","38"
,"65.750944000","64.500924000","12461","140","192.168.10.22","8081","10.0.0.2","46884","88","937553","38"
,"65.750959000","64.500939000","12462","140","192.168.10.22","8081","10.0.0.2","46884","88","937641","38"
,"65.751003000","64.500983000","12463","140","192.168.10.22","8081","10.0.0.2","46884","88","937729","38"
,"65.751016000","64.500996000","12464","140","192.168.10.22","8081","10.0.0.2","46884","88","937817","38"
,"65.812293000","64.562273000","12465","52","10.0.0.2","46884","192.168.10.22","8081","0","38","932977"
,"65.812318000","64.562298000","12466","52","10.0.0.2","46884","192.168.10.22","8081","0","38","933329"
,"65.813184000","64.563164000","12467","140","192.168.10.22","8081","10.0.0.2","46884","88","937905","38"
,"65.813220000","64.563200000","12468","140","192.168.10.22","8081","10.0.0.2","46884","88","937993","38"
,"65.813270000","64.563250000","12469","140","192.168.10.22","8081","10.0.0.2","46884","88","938081","38"
,"65.813282000","64.563262000","12470","140","192.168.10.22","8081","10.0.0.2","46884","88","938169","38"
,"65.813328000","64.563308000","12471","140","192.168.10.22","8081","10.0.0.2","46884","88","938257","38"
,"65.813339000","64.563319000","12472","140","192.168.10.22","8081","10.0.0.2","46884","88","938345","38"
,"65.813383000","64.563363000","12473","140","192.168.10.22","8081","10.0.0.2","46884","88","938433","38"
,"65.813395000","64.563375000","12474","140","192.168.10.22","8081","10.0.0.2","46884","88","938521","38"
,"65.813438000","64.563418000","12475","140","192.168.10.22","8081","10.0.0.2","46884","88","938609","38"
,"65.813451000","64.563431000","12476","140","192.168.10.22","8081","10.0.0.2","46884","88","938697","38"
,"65.875008000","64.624988000","12477","52","10.0.0.2","46884","192.168.10.22","8081","0","38","934297"
,"65.876016000","64.625996000","12478","140","192.168.10.22","8081","10.0.0.2","46884","88","938785","38"
,"65.876059000","64.626039000","12479","140","192.168.10.22","8081","10.0.0.2","46884","88","938873","38"
,"65.876125000","64.626105000","12480","140","192.168.10.22","8081","10.0.0.2","46884","88","938961","38"
,"65.876142000","64.626122000","12481","140","192.168.10.22","8081","10.0.0.2","46884","88","939049","38"
,"65.876191000","64.626171000","12482","140","192.168.10.22","8081","10.0.0.2","46884","88","939137","38"
,"65.876203000","64.626183000","12483","140","192.168.10.22","8081","10.0.0.2","46884","88","939225","38"
,"65.876250000","64.626230000","12484","140","192.168.10.22","8081","10.0.0.2","46884","88","939313","38"
,"65.876261000","64.626241000","12485","140","192.168.10.22","8081","10.0.0.2","46884","88","939401","38"
,"65.876305000","64.626285000","12486","140","192.168.10.22","8081","10.0.0.2","46884","88","939489","38"
,"65.876319000","64.626299000","12487","140","192.168.10.22","8081","10.0.0.2","46884","88","939577","38"
,"65.937601000","64.687581000","12488","52","10.0.0.2","46884","192.168.10.22","8081","0","38","935177"
,"65.938606000","64.688586000","12489","140","192.168.10.22","8081","10.0.0.2","46884","88","939665","38"
,"65.938648000","64.688628000","12490","140","192.168.10.22","8081","10.0.0.2","46884","88","939753","38"
,"65.938712000","64.688692000","12491","140","192.168.10.22","8081","10.0.0.2","46884","88","939841","38"
,"65.938728000","64.688708000","12492","140","192.168.10.22","8081","10.0.0.2","46884","88","939929","38"
,"65.938783000","64.688763000","12493","140","192.168.10.22","8081","10.0.0.2","46884","88","940017","38"
,"65.938796000","64.688776000","12494","140","192.168.10.22","8081","10.0.0.2","46884","88","940105","38"
,"65.938843000","64.688823000","12495","140","192.168.10.22","8081","10.0.0.2","46884","88","940193","38"
,"65.938854000","64.688834000","12496","140","192.168.10.22","8081","10.0.0.2","46884","88","940281","38"
,"65.938929000","64.688909000","12497","140","192.168.10.22","8081","10.0.0.2","46884","88","940369","38"
,"65.938945000","64.688925000","12498","140","192.168.10.22","8081","10.0.0.2","46884","88","940457","38"
,"65.999967000","64.749947000","12499","52","10.0.0.2","46884","192.168.10.22","8081","0","38","935881"
,"65.999993000","64.749973000","12500","52","10.0.0.2","46884","192.168.10.22","8081","0","38","936057"
,"66.001024000","64.751004000","12501","140","192.168.10.22","8081","10.0.0.2","46884","88","940545","38"
,"66.001066000","64.751046000","12502","140","192.168.10.22","8081","10.0.0.2","46884","88","940633","38"
,"66.001129000","64.751109000","12503","140","192.168.10.22","8081","10.0.0.2","46884","88","940721","38"
,"66.001144000","64.751124000","12504","140","192.168.10.22","8081","10.0.0.2","46884","88","940809","38"
,"66.001191000","64.751171000","12505","140","192.168.10.22","8081","10.0.0.2","46884","88","940897","38"
,"66.001203000","64.751183000","12506","140","192.168.10.22","8081","10.0.0.2","46884","88","940985","38"
,"66.001250000","64.751230000","12507","140","192.168.10.22","8081","10.0.0.2","46884","88","941073","38"
,"66.001262000","64.751242000","12508","140","192.168.10.22","8081","10.0.0.2","46884","88","941161","38"
,"66.001307000","64.751287000","12509","140","192.168.10.22","8081","10.0.0.2","46884","88","941249","38"
,"66.001321000","64.751301000","12510","140","192.168.10.22","8081","10.0.0.2","46884","88","941337","38"
,"66.063005000","64.812985000","12511","52","10.0.0.2","46884","192.168.10.22","8081","0","38","937025"
,"66.064026000","64.814006000","12512","140","192.168.10.22","8081","10.0.0.2","46884","88","941425","38"
,"66.064068000","64.814048000","12513","140","192.168.10.22","8081","10.0.0.2","46884","88","941513","38"
,"66.064131000","64.814111000","12514","140","192.168.10.22","8081","10.0.0.2","46884","88","941601","38"
,"66.064146000","64.814126000","12515","140","192.168.10.22","8081","10.0.0.2","46884","88","941689","38"
,"66.064196000","64.814176000","12516","140","192.168.10.22","8081","10.0.0.2","46884","88","941777","38"
,"66.064209000","64.814189000","12517","140","192.168.10.22","8081","10.0.0.2","46884","88","941865","38"
,"66.064253000","64.814233000","12518","140","192.168.10.22","8081","10.0.0.2","46884","88","941953","38"
,"66.064265000","64.814245000","12519","140","192.168.10.22","8081","10.0.0.2","46884","88","942041","38"
,"66.064311000","64.814291000","12520","140","192.168.10.22","8081","10.0.0.2","46884","88","942129","38"
,"66.064326000","64.814306000","12521","140","192.168.10.22","8081","10.0.0.2","46884","88","942217","38"
,"66.064372000","64.814352000","12522","140","192.168.10.22","8081","10.0.0.2","46884","88","942305","38"
,"66.064385000","64.814365000","12523","140","192.168.10.22","8081","10.0.0.2","46884","88","942393","38"
,"66.124556000","64.874536000","12524","52","10.0.0.2","46884","192.168.10.22","8081","0","38","937817"
,"66.124585000","64.874565000","12525","52","10.0.0.2","46884","192.168.10.22","8081","0","38","937905"
,"66.125597000","64.875577000","12526","140","192.168.10.22","8081","10.0.0.2","46884","88","942481","38"
,"66.125639000","64.875619000","12527","140","192.168.10.22","8081","10.0.0.2","46884","88","942569","38"
,"66.125703000","64.875683000","12528","140","192.168.10.22","8081","10.0.0.2","46884","88","942657","38"
,"66.125718000","64.875698000","12529","140","192.168.10.22","8081","10.0.0.2","46884","88","942745","38"
,"66.125774000","64.875754000","12530","140","192.168.10.22","8081","10.0.0.2","46884","88","942833","38"
,"66.125787000","64.875767000","12531","140","192.168.10.22","8081","10.0.0.2","46884","88","942921","38"
,"66.125833000","64.875813000","12532","140","192.168.10.22","8081","10.0.0.2","46884","88","943009","38"
,"66.125844000","64.875824000","12533","140","192.168.10.22","8081","10.0.0.2","46884","88","943097","38"
,"66.125927000","64.875907000","12534","140","192.168.10.22","8081","10.0.0.2","46884","88","943185","38"
,"66.125943000","64.875923000","12535","140","192.168.10.22","8081","10.0.0.2","46884","88","943273","38"
,"66.187955000","64.937935000","12536","52","10.0.0.2","46884","192.168.10.22","8081","0","38","938433"
,"66.187988000","64.937968000","12537","52","10.0.0.2","46884","192.168.10.22","8081","0","38","938873"
,"66.188979000","64.938959000","12538","140","192.168.10.22","8081","10.0.0.2","46884","88","943361","38"
,"66.189022000","64.939002000","12539","140","192.168.10.22","8081","10.0.0.2","46884","88","943449","38"
,"66.189084000","64.939064000","12540","140","192.168.10.22","8081","10.0.0.2","46884","88","943537","38"
,"66.189099000","64.939079000","12541","140","192.168.10.22","8081","10.0.0.2","46884","88","943625","38"
,"66.189149000","64.939129000","12542","140","192.168.10.22","8081","10.0.0.2","46884","88","943713","38"
,"66.189162000","64.939142000","12543","140","192.168.10.22","8081","10.0.0.2","46884","88","943801","38"
,"66.189207000","64.939187000","12544","140","192.168.10.22","8081","10.0.0.2","46884","88","943889","38"
,"66.189218000","64.939198000","12545","140","192.168.10.22","8081","10.0.0.2","46884","88","943977","38"
,"66.189262000","64.939242000","12546","140","192.168.10.22","8081","10.0.0.2","46884","88","944065","38"
,"66.189276000","64.939256000","12547","140","192.168.10.22","8081","10.0.0.2","46884","88","944153","38"
,"66.249043000","64.999023000","12548","52","10.0.0.2","46884","192.168.10.22","8081","0","38","939225"
,"66.249068000","64.999048000","12549","52","10.0.0.2","46884","192.168.10.22","8081","0","38","939753"
,"66.249994000","64.999974000","12550","140","192.168.10.22","8081","10.0.0.2","46884","88","944241","38"
,"66.250031000","65.000011000","12551","140","192.168.10.22","8081","10.0.0.2","46884","88","944329","38"
,"66.250085000","65.000065000","12552","140","192.168.10.22","8081","10.0.0.2","46884","88","944417","38"
,"66.250097000","65.000077000","12553","140","192.168.10.22","8081","10.0.0.2","46884","88","944505","38"
,"66.250142000","65.000122000","12554","140","192.168.10.22","8081","10.0.0.2","46884","88","944593","38"
,"66.250153000","65.000133000","12555","140","192.168.10.22","8081","10.0.0.2","46884","88","944681","38"
,"66.250199000","65.000179000","12556","140","192.168.10.22","8081","10.0.0.2","46884","88","944769","38"
,"66.250210000","65.000190000","12557","140","192.168.10.22","8081","10.0.0.2","46884","88","944857","38"
,"66.250255000","65.000235000","12558","140","192.168.10.22","8081","10.0.0.2","46884","88","944945","38"
,"66.250268000","65.000248000","12559","140","192.168.10.22","8081","10.0.0.2","46884","88","945033","38"
,"66.312559000","65.062539000","12560","52","10.0.0.2","46884","192.168.10.22","8081","0","38","940545"
,"66.312585000","65.062565000","12561","52","10.0.0.2","46884","192.168.10.22","8081","0","38","940721"
,"66.313595000","65.063575000","12562","140","192.168.10.22","8081","10.0.0.2","46884","88","945121","38"
,"66.313639000","65.063619000","12563","140","192.168.10.22","8081","10.0.0.2","46884","88","945209","38"
,"66.313705000","65.063685000","12564","140","192.168.10.22","8081","10.0.0.2","46884","88","945297","38"
,"66.313721000","65.063701000","12565","140","192.168.10.22","8081","10.0.0.2","46884","88","945385","38"
,"66.313772000","65.063752000","12566","140","192.168.10.22","8081","10.0.0.2","46884","88","945473","38"
,"66.313785000","65.063765000","12567","140","192.168.10.22","8081","10.0.0.2","46884","88","945561","38"
,"66.313829000","65.063809000","12568","140","192.168.10.22","8081","10.0.0.2","46884","88","945649","38"
,"66.313840000","65.063820000","12569","140","192.168.10.22","8081","10.0.0.2","46884","88","945737","38"
,"66.313915000","65.063895000","12570","140","192.168.10.22","8081","10.0.0.2","46884","88","945825","38"
,"66.313930000","65.063910000","12571","140","192.168.10.22","8081","10.0.0.2","46884","88","945913","38"
,"66.313976000","65.063956000","12572","140","192.168.10.22","8081","10.0.0.2","46884","88","946001","38"
,"66.313990000","65.063970000","12573","140","192.168.10.22","8081","10.0.0.2","46884","88","946089","38"
,"66.374339000","65.124319000","12574","52","10.0.0.2","46884","192.168.10.22","8081","0","38","940897"
,"66.374367000","65.124347000","12575","52","10.0.0.2","46884","192.168.10.22","8081","0","38","941601"
,"66.375375000","65.125355000","12576","140","192.168.10.22","8081","10.0.0.2","46884","88","946177","38"
,"66.375422000","65.125402000","12577","140","192.168.10.22","8081","10.0.0.2","46884","88","946265","38"
,"66.375486000","65.125466000","12578","140","192.168.10.22","8081","10.0.0.2","46884","88","946353","38"
,"66.375502000","65.125482000","12579","140","192.168.10.22","8081","10.0.0.2","46884","88","946441","38"
,"66.375554000","65.125534000","12580","140","192.168.10.22","8081","10.0.0.2","46884","88","946529","38"
,"66.375567000","65.125547000","12581","140","192.168.10.22","8081","10.0.0.2","46884","88","946617","38"
,"66.375611000","65.125591000","12582","140","192.168.10.22","8081","10.0.0.2","46884","88","946705","38"
,"66.375623000","65.125603000","12583","140","192.168.10.22","8081","10.0.0.2","46884","88","946793","38"
,"66.375667000","65.125647000","12584","140","192.168.10.22","8081","10.0.0.2","46884","88","946881","38"
,"66.375681000","65.125661000","12585","140","192.168.10.22","8081","10.0.0.2","46884","88","946969","38"
,"66.437107000","65.187087000","12586","52","10.0.0.2","46884","192.168.10.22","8081","0","38","942393"
,"66.437134000","65.187114000","12587","52","10.0.0.2","46884","192.168.10.22","8081","0","38","942569"
,"66.438096000","65.188076000","12588","140","192.168.10.22","8081","10.0.0.2","46884","88","947057","38"
,"66.438133000","65.188113000","12589","140","192.168.10.22","8081","10.0.0.2","46884","88","947145","38"
,"66.438188000","65.188168000","12590","140","192.168.10.22","8081","10.0.0.2","46884","88","947233","38"
,"66.438203000","65.188183000","12591","140","192.168.10.22","8081","10.0.0.2","46884","88","947321","38"
,"66.438250000","65.188230000","12592","140","192.168.10.22","8081","10.0.0.2","46884","88","947409","38"
,"66.438265000","65.188245000","12593","140","192.168.10.22","8081","10.0.0.2","46884","88","947497","38"
,"66.438311000","65.188291000","12594","140","192.168.10.22","8081","10.0.0.2","46884","88","947585","38"
,"66.438325000","65.188305000","12595","140","192.168.10.22","8081","10.0.0.2","46884","88","947673","38"
,"66.438370000","65.188350000","12596","140","192.168.10.22","8081","10.0.0.2","46884","88","947761","38"
,"66.438382000","65.188362000","12597","140","192.168.10.22","8081","10.0.0.2","46884","88","947849","38"
,"66.499677000","65.249657000","12598","52","10.0.0.2","46884","192.168.10.22","8081","0","38","942921"
,"66.499702000","65.249682000","12599","52","10.0.0.2","46884","192.168.10.22","8081","0","38","943449"
,"66.500703000","65.250683000","12600","140","192.168.10.22","8081","10.0.0.2","46884","88","947937","38"
,"66.500745000","65.250725000","12601","140","192.168.10.22","8081","10.0.0.2","46884","88","948025","38"
,"66.500809000","65.250789000","12602","140","192.168.10.22","8081","10.0.0.2","46884","88","948113","38"
,"66.500825000","65.250805000","12603","140","192.168.10.22","8081","10.0.0.2","46884","88","948201","38"
,"66.500928000","65.250908000","12604","140","192.168.10.22","8081","10.0.0.2","46884","88","948289","38"
,"66.500944000","65.250924000","12605","140","192.168.10.22","8081","10.0.0.2","46884","88","948377","38"
,"66.500992000","65.250972000","12606","140","192.168.10.22","8081","10.0.0.2","46884","88","948465","38"
,"66.501006000","65.250986000","12607","140","192.168.10.22","8081","10.0.0.2","46884","88","948553","38"
,"66.501053000","65.251033000","12608","140","192.168.10.22","8081","10.0.0.2","46884","88","948641","38"
,"66.501066000","65.251046000","12609","140","192.168.10.22","8081","10.0.0.2","46884","88","948729","38"
,"66.562301000","65.312281000","12610","52","10.0.0.2","46884","192.168.10.22","8081","0","38","944329"
,"66.563320000","65.313300000","12611","140","192.168.10.22","8081","10.0.0.2","46884","88","948817","38"
,"66.563361000","65.313341000","12612","140","192.168.10.22","8081","10.0.0.2","46884","88","948905","38"
,"66.563426000","65.313406000","12613","140","192.168.10.22","8081","10.0.0.2","46884","88","948993","38"
,"66.563442000","65.313422000","12614","140","192.168.10.22","8081","10.0.0.2","46884","88","949081","38"
,"66.563496000","65.313476000","12615","140","192.168.10.22","8081","10.0.0.2","46884","88","949169","38"
,"66.563509000","65.313489000","12616","140","192.168.10.22","8081","10.0.0.2","46884","88","949257","38"
,"66.563554000","65.313534000","12617","140","192.168.10.22","8081","10.0.0.2","46884","88","949345","38"
,"66.563565000","65.313545000","12618","140","192.168.10.22","8081","10.0.0.2","46884","88","949433","38"
,"66.563610000","65.313590000","12619","140","192.168.10.22","8081","10.0.0.2","46884","88","949521","38"
,"66.563624000","65.313604000","12620","140","192.168.10.22","8081","10.0.0.2","46884","88","949609","38"
,"66.624157000","65.374137000","12621","52","10.0.0.2","46884","192.168.10.22","8081","0","38","945209"
,"66.624184000","65.374164000","12622","52","10.0.0.2","46884","192.168.10.22","8081","0","38","945297"
,"66.625143000","65.375123000","12623","140","192.168.10.22","8081","10.0.0.2","46884","88","949697","38"
,"66.625185000","65.375165000","12624","140","192.168.10.22","8081","10.0.0.2","46884","88","949785","38"
,"66.625236000","65.375216000","12625","140","192.168.10.22","8081","10.0.0.2","46884","88","949873","38"
,"66.625248000","65.375228000","12626","140","192.168.10.22","8081","10.0.0.2","46884","88","949961","38"
,"66.625294000","65.375274000","12627","140","192.168.10.22","8081","10.0.0.2","46884","88","950049","38"
,"66.625306000","65.375286000","12628","140","192.168.10.22","8081","10.0.0.2","46884","88","950137","38"
,"66.625351000","65.375331000","12629","140","192.168.10.22","8081","10.0.0.2","46884","88","950225","38"
,"66.625364000","65.375344000","12630","140","192.168.10.22","8081","10.0.0.2","46884","88","950313","38"
,"66.625410000","65.375390000","12631","140","192.168.10.22","8081","10.0.0.2","46884","88","950401","38"
,"66.625422000","65.375402000","12632","140","192.168.10.22","8081","10.0.0.2","46884","88","950489","38"
,"66.625467000","65.375447000","12633","140","192.168.10.22","8081","10.0.0.2","46884","88","950577","38"
,"66.625480000","65.375460000","12634","140","192.168.10.22","8081","10.0.0.2","46884","88","950665","38"
,"66.687725000","65.437705000","12635","52","10.0.0.2","46884","192.168.10.22","8081","0","38","946089"
,"66.687753000","65.437733000","12636","52","10.0.0.2","46884","192.168.10.22","8081","0","38","946177"
,"66.688783000","65.438763000","12637","140","192.168.10.22","8081","10.0.0.2","46884","88","950753","38"
,"66.688824000","65.438804000","12638","140","192.168.10.22","8081","10.0.0.2","46884","88","950841","38"
,"66.688917000","65.438897000","12639","140","192.168.10.22","8081","10.0.0.2","46884","88","950929","38"
,"66.688937000","65.438917000","12640","140","192.168.10.22","8081","10.0.0.2","46884","88","951017","38"
,"66.688988000","65.438968000","12641","140","192.168.10.22","8081","10.0.0.2","46884","88","951105","38"
,"66.689000000","65.438980000","12642","140","192.168.10.22","8081","10.0.0.2","46884","88","951193","38"
,"66.689044000","65.439024000","12643","140","192.168.10.22","8081","10.0.0.2","46884","88","951281","38"
,"66.689055000","65.439035000","12644","140","192.168.10.22","8081","10.0.0.2","46884","88","951369","38"
,"66.689099000","65.439079000","12645","140","192.168.10.22","8081","10.0.0.2","46884","88","951457","38"
,"66.689113000","65.439093000","12646","140","192.168.10.22","8081","10.0.0.2","46884","88","951545","38"
,"66.749390000","65.499370000","12647","52","10.0.0.2","46884","192.168.10.22","8081","0","38","946881"
,"66.749417000","65.499397000","12648","52","10.0.0.2","46884","192.168.10.22","8081","0","38","947145"
,"66.750400000","65.500380000","12649","140","192.168.10.22","8081","10.0.0.2","46884","88","951633","38"
,"66.750442000","65.500422000","12650","140","192.168.10.22","8081","10.0.0.2","46884","88","951721","38"
,"66.750507000","65.500487000","12651","140","192.168.10.22","8081","10.0.0.2","46884","88","951809","38"
,"66.750522000","65.500502000","12652","140","192.168.10.22","8081","10.0.0.2","46884","88","951897","38"
,"66.750577000","65.500557000","12653","140","192.168.10.22","8081","10.0.0.2","46884","88","951985","38"
,"66.750590000","65.500570000","12654","140","192.168.10.22","8081","10.0.0.2","46884","88","952073","38"
,"66.750636000","65.500616000","12655","140","192.168.10.22","8081","10.0.0.2","46884","88","952161","38"
,"66.750648000","65.500628000","12656","140","192.168.10.22","8081","10.0.0.2","46884","88","952249","38"
,"66.750692000","65.500672000","12657","140","192.168.10.22","8081","10.0.0.2","46884","88","952337","38"
,"66.750705000","65.500685000","12658","140","192.168.10.22","8081","10.0.0.2","46884","88","952425","38"
,"66.812527000","65.562507000","12659","52","10.0.0.2","46884","192.168.10.22","8081","0","38","947937"
,"66.812537000","65.562517000","12660","52","10.0.0.2","46884","192.168.10.22","8081","0","38","948025"
,"66.813272000","65.563252000","12661","140","192.168.10.22","8081","10.0.0.2","46884","88","952513","38"
,"66.813285000","65.563265000","12662","140","192.168.10.22","8081","10.0.0.2","46884","88","952601","38"
,"66.813298000","65.563278000","12663","140","192.168.10.22","8081","10.0.0.2","46884","88","952689","38"
,"66.813301000","65.563281000","12664","140","192.168.10.22","8081","10.0.0.2","46884","88","952777","38"
,"66.813312000","65.563292000","12665","140","192.168.10.22","8081","10.0.0.2","46884","88","952865","38"
,"66.813315000","65.563295000","12666","140","192.168.10.22","8081","10.0.0.2","46884","88","952953","38"
,"66.813326000","65.563306000","12667","140","192.168.10.22","8081","10.0.0.2","46884","88","953041","38"
,"66.813329000","65.563309000","12668","140","192.168.10.22","8081","10.0.0.2","46884","88","953129","38"
,"66.813340000","65.563320000","12669","140","192.168.10.22","8081","10.0.0.2","46884","88","953217","38"
,"66.813342000","65.563322000","12670","140","192.168.10.22","8081","10.0.0.2","46884","88","953305","38"
,"66.874733000","65.624713000","12671","52","10.0.0.2","46884","192.168.10.22","8081","0","38","948993"
,"66.875779000","65.625759000","12672","140","192.168.10.22","8081","10.0.0.2","46884","88","953393","38"
,"66.875821000","65.625801000","12673","140","192.168.10.22","8081","10.0.0.2","46884","88","953481","38"
,"66.875917000","65.625897000","12674","140","192.168.10.22","8081","10.0.0.2","46884","88","953569","38"
,"66.875939000","65.625919000","12675","140","192.168.10.22","8081","10.0.0.2","46884","88","953657","38"
,"66.875992000","65.625972000","12676","140","192.168.10.22","8081","10.0.0.2","46884","88","953745","38"
,"66.876004000","65.625984000","12677","140","192.168.10.22","8081","10.0.0.2","46884","88","953833","38"
,"66.876050000","65.626030000","12678","140","192.168.10.22","8081","10.0.0.2","46884","88","953921","38"
,"66.876064000","65.626044000","12679","140","192.168.10.22","8081","10.0.0.2","46884","88","954009","38"
,"66.876109000","65.626089000","12680","140","192.168.10.22","8081","10.0.0.2","46884","88","954097","38"
,"66.876122000","65.626102000","12681","140","192.168.10.22","8081","10.0.0.2","46884","88","954185","38"
,"66.876166000","65.626146000","12682","140","192.168.10.22","8081","10.0.0.2","46884","88","954273","38"
,"66.876180000","65.626160000","12683","140","192.168.10.22","8081","10.0.0.2","46884","88","954361","38"
,"66.937867000","65.687847000","12684","52","10.0.0.2","46884","192.168.10.22","8081","0","38","949785"
,"66.937916000","65.687896000","12685","52","10.0.0.2","46884","192.168.10.22","8081","0","38","949873"
,"66.938898000","65.688878000","12686","140","192.168.10.22","8081","10.0.0.2","46884","88","954449","38"
,"66.938968000","65.688948000","12687","140","192.168.10.22","8081","10.0.0.2","46884","88","954537","38"
,"66.939038000","65.689018000","12688","140","192.168.10.22","8081","10.0.0.2","46884","88","954625","38"
,"66.939052000","65.689032000","12689","140","192.168.10.22","8081","10.0.0.2","46884","88","954713","38"
,"66.939099000","65.689079000","12690","140","192.168.10.22","8081","10.0.0.2","46884","88","954801","38"
,"66.939112000","65.689092000","12691","140","192.168.10.22","8081","10.0.0.2","46884","88","954889","38"
,"66.939158000","65.689138000","12692","140","192.168.10.22","8081","10.0.0.2","46884","88","954977","38"
,"66.939172000","65.689152000","12693","140","192.168.10.22","8081","10.0.0.2","46884","88","955065","38"
,"66.939217000","65.689197000","12694","140","192.168.10.22","8081","10.0.0.2","46884","88","955153","38"
,"66.939231000","65.689211000","12695","140","192.168.10.22","8081","10.0.0.2","46884","88","955241","38"
,"66.999829000","65.749809000","12696","52","10.0.0.2","46884","192.168.10.22","8081","0","38","950841"
,"67.000827000","65.750807000","12697","140","192.168.10.22","8081","10.0.0.2","46884","88","955329","38"
,"67.000868000","65.750848000","12698","140","192.168.10.22","8081","10.0.0.2","46884","88","955417","38"
,"67.000971000","65.750951000","12699","140","192.168.10.22","8081","10.0.0.2","46884","88","955505","38"
,"67.000992000","65.750972000","12700","140","192.168.10.22","8081","10.0.0.2","46884","88","955593","38"
,"67.001040000","65.751020000","12701","140","192.168.10.22","8081","10.0.0.2","46884","88","955681","38"
,"67.001054000","65.751034000","12702","140","192.168.10.22","8081","10.0.0.2","46884","88","955769","38"
,"67.001100000","65.751080000","12703","140","192.168.10.22","8081","10.0.0.2","46884","88","955857","38"
,"67.001114000","65.751094000","12704","140","192.168.10.22","8081","10.0.0.2","46884","88","955945","38"
,"67.001159000","65.751139000","12705","140","192.168.10.22","8081","10.0.0.2","46884","88","956033","38"
,"67.001172000","65.751152000","12706","140","192.168.10.22","8081","10.0.0.2","46884","88","956121","38"
,"67.062717000","65.812697000","12707","52","10.0.0.2","46884","192.168.10.22","8081","0","38","951721"
,"67.063708000","65.813688000","12708","140","192.168.10.22","8081","10.0.0.2","46884","88","956209","38"
,"67.063750000","65.813730000","12709","140","192.168.10.22","8081","10.0.0.2","46884","88","956297","38"
,"67.063814000","65.813794000","12710","140","192.168.10.22","8081","10.0.0.2","46884","88","956385","38"
,"67.063830000","65.813810000","12711","140","192.168.10.22","8081","10.0.0.2","46884","88","956473","38"
,"67.063911000","65.813891000","12712","140","192.168.10.22","8081","10.0.0.2","46884","88","956561","38"
,"67.063926000","65.813906000","12713","140","192.168.10.22","8081","10.0.0.2","46884","88","956649","38"
,"67.063972000","65.813952000","12714","140","192.168.10.22","8081","10.0.0.2","46884","88","956737","38"
,"67.063984000","65.813964000","12715","140","192.168.10.22","8081","10.0.0.2","46884","88","956825","38"
,"67.064030000","65.814010000","12716","140","192.168.10.22","8081","10.0.0.2","46884","88","956913","38"
,"67.064044000","65.814024000","12717","140","192.168.10.22","8081","10.0.0.2","46884","88","957001","38"
,"67.124786000","65.874766000","12718","52","10.0.0.2","46884","192.168.10.22","8081","0","38","952425"
,"67.124811000","65.874791000","12719","52","10.0.0.2","46884","192.168.10.22","8081","0","38","952601"
,"67.125826000","65.875806000","12720","140","192.168.10.22","8081","10.0.0.2","46884","88","957089","38"
,"67.125868000","65.875848000","12721","140","192.168.10.22","8081","10.0.0.2","46884","88","957177","38"
,"67.125966000","65.875946000","12722","140","192.168.10.22","8081","10.0.0.2","46884","88","957265","38"
,"67.125985000","65.875965000","12723","140","192.168.10.22","8081","10.0.0.2","46884","88","957353","38"
,"67.126032000","65.876012000","12724","140","192.168.10.22","8081","10.0.0.2","46884","88","957441","38"
,"67.126045000","65.876025000","12725","140","192.168.10.22","8081","10.0.0.2","46884","88","957529","38"
,"67.126090000","65.876070000","12726","140","192.168.10.22","8081","10.0.0.2","46884","88","957617","38"
,"67.126104000","65.876084000","12727","140","192.168.10.22","8081","10.0.0.2","46884","88","957705","38"
,"67.126149000","65.876129000","12728","140","192.168.10.22","8081","10.0.0.2","46884","88","957793","38"
,"67.126162000","65.876142000","12729","140","192.168.10.22","8081","10.0.0.2","46884","88","957881","38"
,"67.187801000","65.937781000","12730","52","10.0.0.2","46884","192.168.10.22","8081","0","38","953569"
,"67.188799000","65.938779000","12731","140","192.168.10.22","8081","10.0.0.2","46884","88","957969","38"
,"67.188843000","65.938823000","12732","140","192.168.10.22","8081","10.0.0.2","46884","88","958057","38"
,"67.188939000","65.938919000","12733","140","192.168.10.22","8081","10.0.0.2","46884","88","958145","38"
,"67.188959000","65.938939000","12734","140","192.168.10.22","8081","10.0.0.2","46884","88","958233","38"
,"67.189009000","65.938989000","12735","140","192.168.10.22","8081","10.0.0.2","46884","88","958321","38"
,"67.189020000","65.939000000","12736","140","192.168.10.22","8081","10.0.0.2","46884","88","958409","38"
,"67.189065000","65.939045000","12737","140","192.168.10.22","8081","10.0.0.2","46884","88","958497","38"
,"67.189085000","65.939065000","12738","140","192.168.10.22","8081","10.0.0.2","46884","88","958585","38"
,"67.189130000","65.939110000","12739","140","192.168.10.22","8081","10.0.0.2","46884","88","958673","38"
,"67.189144000","65.939124000","12740","140","192.168.10.22","8081","10.0.0.2","46884","88","958761","38"
,"67.189188000","65.939168000","12741","140","192.168.10.22","8081","10.0.0.2","46884","88","958849","38"
,"67.189201000","65.939181000","12742","140","192.168.10.22","8081","10.0.0.2","46884","88","958937","38"
,"67.249416000","65.999396000","12743","52","10.0.0.2","46884","192.168.10.22","8081","0","38","954449"
,"67.250404000","66.000384000","12744","140","192.168.10.22","8081","10.0.0.2","46884","88","959025","38"
,"67.250447000","66.000427000","12745","140","192.168.10.22","8081","10.0.0.2","46884","88","959113","38"
,"67.250510000","66.000490000","12746","140","192.168.10.22","8081","10.0.0.2","46884","88","959201","38"
,"67.250526000","66.000506000","12747","140","192.168.10.22","8081","10.0.0.2","46884","88","959289","38"
,"67.250583000","66.000563000","12748","140","192.168.10.22","8081","10.0.0.2","46884","88","959377","38"
,"67.250599000","66.000579000","12749","140","192.168.10.22","8081","10.0.0.2","46884","88","959465","38"
,"67.250645000","66.000625000","12750","140","192.168.10.22","8081","10.0.0.2","46884","88","959553","38"
,"67.250656000","66.000636000","12751","140","192.168.10.22","8081","10.0.0.2","46884","88","959641","38"
,"67.250701000","66.000681000","12752","140","192.168.10.22","8081","10.0.0.2","46884","88","959729","38"
,"67.250714000","66.000694000","12753","140","192.168.10.22","8081","10.0.0.2","46884","88","959817","38"
,"67.284974000",,"12754","48",,,,,,,
,"67.285122000",,"12755","48",,,,,,,
,"67.312862000","66.062842000","12756","52","10.0.0.2","46884","192.168.10.22","8081","0","38","955241"
,"67.312940000","66.062920000","12757","52","10.0.0.2","46884","192.168.10.22","8081","0","38","955417"
,"67.313990000","66.063970000","12758","140","192.168.10.22","8081","10.0.0.2","46884","88","959905","38"
,"67.314024000","66.064004000","12759","140","192.168.10.22","8081","10.0.0.2","46884","88","959993","38"
,"67.314086000","66.064066000","12760","140","192.168.10.22","8081","10.0.0.2","46884","88","960081","38"
,"67.314102000","66.064082000","12761","140","192.168.10.22","8081","10.0.0.2","46884","88","960169","38"
,"67.314157000","66.064137000","12762","140","192.168.10.22","8081","10.0.0.2","46884","88","960257","38"
,"67.314169000","66.064149000","12763","140","192.168.10.22","8081","10.0.0.2","46884","88","960345","38"
,"67.314213000","66.064193000","12764","140","192.168.10.22","8081","10.0.0.2","46884","88","960433","38"
,"67.314224000","66.064204000","12765","140","192.168.10.22","8081","10.0.0.2","46884","88","960521","38"
,"67.314269000","66.064249000","12766","140","192.168.10.22","8081","10.0.0.2","46884","88","960609","38"
,"67.314281000","66.064261000","12767","140","192.168.10.22","8081","10.0.0.2","46884","88","960697","38"
,"67.374773000","66.124753000","12768","52","10.0.0.2","46884","192.168.10.22","8081","0","38","956297"
,"67.375837000","66.125817000","12769","140","192.168.10.22","8081","10.0.0.2","46884","88","960785","38"
,"67.375866000","66.125846000","12770","140","192.168.10.22","8081","10.0.0.2","46884","88","960873","38"
,"67.375965000","66.125945000","12771","140","192.168.10.22","8081","10.0.0.2","46884","88","960961","38"
,"67.375985000","66.125965000","12772","140","192.168.10.22","8081","10.0.0.2","46884","88","961049","38"
,"67.376038000","66.126018000","12773","140","192.168.10.22","8081","10.0.0.2","46884","88","961137","38"
,"67.376061000","66.126041000","12774","140","192.168.10.22","8081","10.0.0.2","46884","88","961225","38"
,"67.376106000","66.126086000","12775","140","192.168.10.22","8081","10.0.0.2","46884","88","961313","38"
,"67.376119000","66.126099000","12776","140","192.168.10.22","8081","10.0.0.2","46884","88","961401","38"
,"67.376162000","66.126142000","12777","140","192.168.10.22","8081","10.0.0.2","46884","88","961489","38"
,"67.376177000","66.126157000","12778","140","192.168.10.22","8081","10.0.0.2","46884","88","961577","38"
,"67.437331000","66.187311000","12779","52","10.0.0.2","46884","192.168.10.22","8081","0","38","957089"
,"67.437362000","66.187342000","12780","52","10.0.0.2","46884","192.168.10.22","8081","0","38","957265"
,"67.438428000","66.188408000","12781","140","192.168.10.22","8081","10.0.0.2","46884","88","961665","38"
,"67.438459000","66.188439000","12782","140","192.168.10.22","8081","10.0.0.2","46884","88","961753","38"
,"67.438520000","66.188500000","12783","140","192.168.10.22","8081","10.0.0.2","46884","88","961841","38"
,"67.438536000","66.188516000","12784","140","192.168.10.22","8081","10.0.0.2","46884","88","961929","38"
,"67.438591000","66.188571000","12785","140","192.168.10.22","8081","10.0.0.2","46884","88","962017","38"
,"67.438606000","66.188586000","12786","140","192.168.10.22","8081","10.0.0.2","46884","88","962105","38"
,"67.438656000","66.188636000","12787","140","192.168.10.22","8081","10.0.0.2","46884","88","962193","38"
,"67.438669000","66.188649000","12788","140","192.168.10.22","8081","10.0.0.2","46884","88","962281","38"
,"67.438713000","66.188693000","12789","140","192.168.10.22","8081","10.0.0.2","46884","88","962369","38"
,"67.438727000","66.188707000","12790","140","192.168.10.22","8081","10.0.0.2","46884","88","962457","38"
,"67.438771000","66.188751000","12791","140","192.168.10.22","8081","10.0.0.2","46884","88","962545","38"
,"67.438784000","66.188764000","12792","140","192.168.10.22","8081","10.0.0.2","46884","88","962633","38"
,"67.499825000","66.249805000","12793","52","10.0.0.2","46884","192.168.10.22","8081","0","38","957969"
,"67.499855000","66.249835000","12794","52","10.0.0.2","46884","192.168.10.22","8081","0","38","958145"
,"67.500990000","66.250970000","12795","140","192.168.10.22","8081","10.0.0.2","46884","88","962721","38"
,"67.501025000","66.251005000","12796","140","192.168.10.22","8081","10.0.0.2","46884","88","962809","38"
,"67.501083000","66.251063000","12797","140","192.168.10.22","8081","10.0.0.2","46884","88","962897","38"
,"67.501096000","66.251076000","12798","140","192.168.10.22","8081","10.0.0.2","46884","88","962985","38"
,"67.501141000","66.251121000","12799","140","192.168.10.22","8081","10.0.0.2","46884","88","963073","38"
,"67.501152000","66.251132000","12800","140","192.168.10.22","8081","10.0.0.2","46884","88","963161","38"
,"67.501197000","66.251177000","12801","140","192.168.10.22","8081","10.0.0.2","46884","88","963249","38"
,"67.501209000","66.251189000","12802","140","192.168.10.22","8081","10.0.0.2","46884","88","963337","38"
,"67.501252000","66.251232000","12803","140","192.168.10.22","8081","10.0.0.2","46884","88","963425","38"
,"67.501265000","66.251245000","12804","140","192.168.10.22","8081","10.0.0.2","46884","88","963513","38"
,"67.562480000","66.312460000","12805","52","10.0.0.2","46884","192.168.10.22","8081","0","38","959113"
,"67.563560000","66.313540000","12806","140","192.168.10.22","8081","10.0.0.2","46884","88","963601","38"
,"67.563590000","66.313570000","12807","140","192.168.10.22","8081","10.0.0.2","46884","88","963689","38"
,"67.563648000","66.313628000","12808","140","192.168.10.22","8081","10.0.0.2","46884","88","963777","38"
,"67.563663000","66.313643000","12809","140","192.168.10.22","8081","10.0.0.2","46884","88","963865","38"
,"67.563718000","66.313698000","12810","140","192.168.10.22","8081","10.0.0.2","46884","88","963953","38"
,"67.563732000","66.313712000","12811","140","192.168.10.22","8081","10.0.0.2","46884","88","964041","38"
,"67.563784000","66.313764000","12812","140","192.168.10.22","8081","10.0.0.2","46884","88","964129","38"
,"67.563796000","66.313776000","12813","140","192.168.10.22","8081","10.0.0.2","46884","88","964217","38"
,"67.563841000","66.313821000","12814","140","192.168.10.22","8081","10.0.0.2","46884","88","964305","38"
,"67.563855000","66.313835000","12815","140","192.168.10.22","8081","10.0.0.2","46884","88","964393","38"
,"67.624183000","66.374163000","12816","52","10.0.0.2","46884","192.168.10.22","8081","0","38","959553"
,"67.624208000","66.374188000","12817","52","10.0.0.2","46884","192.168.10.22","8081","0","38","959993"
,"67.625266000","66.375246000","12818","140","192.168.10.22","8081","10.0.0.2","46884","88","964481","38"
,"67.625295000","66.375275000","12819","140","192.168.10.22","8081","10.0.0.2","46884","88","964569","38"
,"67.625356000","66.375336000","12820","140","192.168.10.22","8081","10.0.0.2","46884","88","964657","38"
,"67.625373000","66.375353000","12821","140","192.168.10.22","8081","10.0.0.2","46884","88","964745","38"
,"67.625429000","66.375409000","12822","140","192.168.10.22","8081","10.0.0.2","46884","88","964833","38"
,"67.625444000","66.375424000","12823","140","192.168.10.22","8081","10.0.0.2","46884","88","964921","38"
,"67.625494000","66.375474000","12824","140","192.168.10.22","8081","10.0.0.2","46884","88","965009","38"
,"67.625507000","66.375487000","12825","140","192.168.10.22","8081","10.0.0.2","46884","88","965097","38"
,"67.625550000","66.375530000","12826","140","192.168.10.22","8081","10.0.0.2","46884","88","965185","38"
,"67.625564000","66.375544000","12827","140","192.168.10.22","8081","10.0.0.2","46884","88","965273","38"
,"67.687596000","66.437576000","12828","52","10.0.0.2","46884","192.168.10.22","8081","0","38","960785"
,"67.687623000","66.437603000","12829","52","10.0.0.2","46884","192.168.10.22","8081","0","38","960873"
,"67.688679000","66.438659000","12830","140","192.168.10.22","8081","10.0.0.2","46884","88","965361","38"
,"67.688705000","66.438685000","12831","140","192.168.10.22","8081","10.0.0.2","46884","88","965449","38"
,"67.688765000","66.438745000","12832","140","192.168.10.22","8081","10.0.0.2","46884","88","965537","38"
,"67.688781000","66.438761000","12833","140","192.168.10.22","8081","10.0.0.2","46884","88","965625","38"
,"67.688837000","66.438817000","12834","140","192.168.10.22","8081","10.0.0.2","46884","88","965713","38"
,"67.688854000","66.438834000","12835","140","192.168.10.22","8081","10.0.0.2","46884","88","965801","38"
,"67.688942000","66.438922000","12836","140","192.168.10.22","8081","10.0.0.2","46884","88","965889","38"
,"67.688957000","66.438937000","12837","140","192.168.10.22","8081","10.0.0.2","46884","88","965977","38"
,"67.689001000","66.438981000","12838","140","192.168.10.22","8081","10.0.0.2","46884","88","966065","38"
,"67.689015000","66.438995000","12839","140","192.168.10.22","8081","10.0.0.2","46884","88","966153","38"
,"67.749858000","66.499838000","12840","52","10.0.0.2","46884","192.168.10.22","8081","0","38","961665"
,"67.749934000","66.499914000","12841","52","10.0.0.2","46884","192.168.10.22","8081","0","38","961841"
,"67.750976000","66.500956000","12842","140","192.168.10.22","8081","10.0.0.2","46884","88","966241","38"
,"67.751008000","66.500988000","12843","140","192.168.10.22","8081","10.0.0.2","46884","88","966329","38"
,"67.751070000","66.501050000","12844","140","192.168.10.22","8081","10.0.0.2","46884","88","966417","38"
,"67.751087000","66.501067000","12845","140","192.168.10.22","8081","10.0.0.2","46884","88","966505","38"
,"67.751139000","66.501119000","12846","140","192.168.10.22","8081","10.0.0.2","46884","88","966593","38"
,"67.751152000","66.501132000","12847","140","192.168.10.22","8081","10.0.0.2","46884","88","966681","38"
,"67.751197000","66.501177000","12848","140","192.168.10.22","8081","10.0.0.2","46884","88","966769","38"
,"67.751208000","66.501188000","12849","140","192.168.10.22","8081","10.0.0.2","46884","88","966857","38"
,"67.751253000","66.501233000","12850","140","192.168.10.22","8081","10.0.0.2","46884","88","966945","38"
,"67.751267000","66.501247000","12851","140","192.168.10.22","8081","10.0.0.2","46884","88","967033","38"
,"67.751311000","66.501291000","12852","140","192.168.10.22","8081","10.0.0.2","46884","88","967121","38"
,"67.751324000","66.501304000","12853","140","192.168.10.22","8081","10.0.0.2","46884","88","967209","38"
,"67.812996000","66.562976000","12854","52","10.0.0.2","46884","192.168.10.22","8081","0","38","962633"
,"67.813023000","66.563003000","12855","52","10.0.0.2","46884","192.168.10.22","8081","0","38","962721"
,"67.814075000","66.564055000","12856","140","192.168.10.22","8081","10.0.0.2","46884","88","967297","38"
,"67.814117000","66.564097000","12857","140","192.168.10.22","8081","10.0.0.2","46884","88","967385","38"
,"67.814181000","66.564161000","12858","140","192.168.10.22","8081","10.0.0.2","46884","88","967473","38"
,"67.814199000","66.564179000","12859","140","192.168.10.22","8081","10.0.0.2","46884","88","967561","38"
,"67.814248000","66.564228000","12860","140","192.168.10.22","8081","10.0.0.2","46884","88","967649","38"
,"67.814259000","66.564239000","12861","140","192.168.10.22","8081","10.0.0.2","46884","88","967737","38"
,"67.814303000","66.564283000","12862","140","192.168.10.22","8081","10.0.0.2","46884","88","967825","38"
,"67.814315000","66.564295000","12863","140","192.168.10.22","8081","10.0.0.2","46884","88","967913","38"
,"67.814359000","66.564339000","12864","140","192.168.10.22","8081","10.0.0.2","46884","88","968001","38"
,"67.814374000","66.564354000","12865","140","192.168.10.22","8081","10.0.0.2","46884","88","968089","38"
,"67.874273000","66.624253000","12866","52","10.0.0.2","46884","192.168.10.22","8081","0","38","963689"
,"67.875128000","66.625108000","12867","140","192.168.10.22","8081","10.0.0.2","46884","88","968177","38"
,"67.875164000","66.625144000","12868","140","192.168.10.22","8081","10.0.0.2","46884","88","968265","38"
,"67.875215000","66.625195000","12869","140","192.168.10.22","8081","10.0.0.2","46884","88","968353","38"
,"67.875227000","66.625207000","12870","140","192.168.10.22","8081","10.0.0.2","46884","88","968441","38"
,"67.875274000","66.625254000","12871","140","192.168.10.22","8081","10.0.0.2","46884","88","968529","38"
,"67.875286000","66.625266000","12872","140","192.168.10.22","8081","10.0.0.2","46884","88","968617","38"
,"67.875331000","66.625311000","12873","140","192.168.10.22","8081","10.0.0.2","46884","88","968705","38"
,"67.875343000","66.625323000","12874","140","192.168.10.22","8081","10.0.0.2","46884","88","968793","38"
,"67.875387000","66.625367000","12875","140","192.168.10.22","8081","10.0.0.2","46884","88","968881","38"
,"67.875400000","66.625380000","12876","140","192.168.10.22","8081","10.0.0.2","46884","88","968969","38"
,"67.937670000","66.687650000","12877","52","10.0.0.2","46884","192.168.10.22","8081","0","38","964569"
,"67.938667000","66.688647000","12878","140","192.168.10.22","8081","10.0.0.2","46884","88","969057","38"
,"67.938709000","66.688689000","12879","140","192.168.10.22","8081","10.0.0.2","46884","88","969145","38"
,"67.938774000","66.688754000","12880","140","192.168.10.22","8081","10.0.0.2","46884","88","969233","38"
,"67.938790000","66.688770000","12881","140","192.168.10.22","8081","10.0.0.2","46884","88","969321","38"
,"67.938844000","66.688824000","12882","140","192.168.10.22","8081","10.0.0.2","46884","88","969409","38"
,"67.938857000","66.688837000","12883","140","192.168.10.22","8081","10.0.0.2","46884","88","969497","38"
,"67.938950000","66.688930000","12884","140","192.168.10.22","8081","10.0.0.2","46884","88","969585","38"
,"67.938968000","66.688948000","12885","140","192.168.10.22","8081","10.0.0.2","46884","88","969673","38"
,"67.939013000","66.688993000","12886","140","192.168.10.22","8081","10.0.0.2","46884","88","969761","38"
,"67.939025000","66.689005000","12887","140","192.168.10.22","8081","10.0.0.2","46884","88","969849","38"
,"67.999917000","66.749897000","12888","52","10.0.0.2","46884","192.168.10.22","8081","0","38","965009"
,"67.999958000","66.749938000","12889","52","10.0.0.2","46884","192.168.10.22","8081","0","38","965449"
,"67.999974000","66.749954000","12890","52","10.0.0.2","46884","192.168.10.22","8081","0","38","965537"
,"68.000932000","66.750912000","12891","140","192.168.10.22","8081","10.0.0.2","46884","88","969937","38"
,"68.000977000","66.750957000","12892","140","192.168.10.22","8081","10.0.0.2","46884","88","970025","38"
,"68.001041000","66.751021000","12893","140","192.168.10.22","8081","10.0.0.2","46884","88","970113","38"
,"68.001058000","66.751038000","12894","140","192.168.10.22","8081","10.0.0.2","46884","88","970201","38"
,"68.001106000","66.751086000","12895","140","192.168.10.22","8081","10.0.0.2","46884","88","970289","38"
,"68.001119000","66.751099000","12896","140","192.168.10.22","8081","10.0.0.2","46884","88","970377","38"
,"68.001164000","66.751144000","12897","140","192.168.10.22","8081","10.0.0.2","46884","88","970465","38"
,"68.001178000","66.751158000","12898","140","192.168.10.22","8081","10.0.0.2","46884","88","970553","38"
,"68.001224000","66.751204000","12899","140","192.168.10.22","8081","10.0.0.2","46884","88","970641","38"
,"68.001239000","66.751219000","12900","140","192.168.10.22","8081","10.0.0.2","46884","88","970729","38"
,"68.001283000","66.751263000","12901","140","192.168.10.22","8081","10.0.0.2","46884","88","970817","38"
,"68.001296000","66.751276000","12902","140","192.168.10.22","8081","10.0.0.2","46884","88","970905","38"
,"68.062269000","66.812249000","12903","52","10.0.0.2","46884","192.168.10.22","8081","0","38","966417"
,"68.063182000","66.813162000","12904","140","192.168.10.22","8081","10.0.0.2","46884","88","970993","38"
,"68.063220000","66.813200000","12905","140","192.168.10.22","8081","10.0.0.2","46884","88","971081","38"
,"68.063273000","66.813253000","12906","140","192.168.10.22","8081","10.0.0.2","46884","88","971169","38"
,"68.063285000","66.813265000","12907","140","192.168.10.22","8081","10.0.0.2","46884","88","971257","38"
,"68.063332000","66.813312000","12908","140","192.168.10.22","8081","10.0.0.2","46884","88","971345","38"
,"68.063345000","66.813325000","12909","140","192.168.10.22","8081","10.0.0.2","46884","88","971433","38"
,"68.063391000","66.813371000","12910","140","192.168.10.22","8081","10.0.0.2","46884","88","971521","38"
,"68.063403000","66.813383000","12911","140","192.168.10.22","8081","10.0.0.2","46884","88","971609","38"
,"68.063448000","66.813428000","12912","140","192.168.10.22","8081","10.0.0.2","46884","88","971697","38"
,"68.063462000","66.813442000","12913","140","192.168.10.22","8081","10.0.0.2","46884","88","971785","38"
,"68.124785000","66.874765000","12914","52","10.0.0.2","46884","192.168.10.22","8081","0","38","966857"
,"68.124809000","66.874789000","12915","52","10.0.0.2","46884","192.168.10.22","8081","0","38","967385"
,"68.125807000","66.875787000","12916","140","192.168.10.22","8081","10.0.0.2","46884","88","971873","38"
,"68.125850000","66.875830000","12917","140","192.168.10.22","8081","10.0.0.2","46884","88","971961","38"
,"68.125959000","66.875939000","12918","140","192.168.10.22","8081","10.0.0.2","46884","88","972049","38"
,"68.125976000","66.875956000","12919","140","192.168.10.22","8081","10.0.0.2","46884","88","972137","38"
,"68.126022000","66.876002000","12920","140","192.168.10.22","8081","10.0.0.2","46884","88","972225","38"
,"68.126034000","66.876014000","12921","140","192.168.10.22","8081","10.0.0.2","46884","88","972313","38"
,"68.126079000","66.876059000","12922","140","192.168.10.22","8081","10.0.0.2","46884","88","972401","38"
,"68.126093000","66.876073000","12923","140","192.168.10.22","8081","10.0.0.2","46884","88","972489","38"
,"68.126138000","66.876118000","12924","140","192.168.10.22","8081","10.0.0.2","46884","88","972577","38"
,"68.126150000","66.876130000","12925","140","192.168.10.22","8081","10.0.0.2","46884","88","972665","38"
,"68.187809000","66.937789000","12926","52","10.0.0.2","46884","192.168.10.22","8081","0","38","968265"
,"68.188810000","66.938790000","12927","140","192.168.10.22","8081","10.0.0.2","46884","88","972753","38"
,"68.188852000","66.938832000","12928","140","192.168.10.22","8081","10.0.0.2","46884","88","972841","38"
,"68.188955000","66.938935000","12929","140","192.168.10.22","8081","10.0.0.2","46884","88","972929","38"
,"68.188975000","66.938955000","12930","140","192.168.10.22","8081","10.0.0.2","46884","88","973017","38"
,"68.189022000","66.939002000","12931","140","192.168.10.22","8081","10.0.0.2","46884","88","973105","38"
,"68.189034000","66.939014000","12932","140","192.168.10.22","8081","10.0.0.2","46884","88","973193","38"
,"68.189079000","66.939059000","12933","140","192.168.10.22","8081","10.0.0.2","46884","88","973281","38"
,"68.189094000","66.939074000","12934","140","192.168.10.22","8081","10.0.0.2","46884","88","973369","38"
,"68.189139000","66.939119000","12935","140","192.168.10.22","8081","10.0.0.2","46884","88","973457","38"
,"68.189152000","66.939132000","12936","140","192.168.10.22","8081","10.0.0.2","46884","88","973545","38"
,"68.249240000","66.999220000","12937","52","10.0.0.2","46884","192.168.10.22","8081","0","38","969145"
,"68.250242000","67.000222000","12938","140","192.168.10.22","8081","10.0.0.2","46884","88","973633","38"
,"68.250284000","67.000264000","12939","140","192.168.10.22","8081","10.0.0.2","46884","88","973721","38"
,"68.250349000","67.000329000","12940","140","192.168.10.22","8081","10.0.0.2","46884","88","973809","38"
,"68.250367000","67.000347000","12941","140","192.168.10.22","8081","10.0.0.2","46884","88","973897","38"
,"68.250422000","67.000402000","12942","140","192.168.10.22","8081","10.0.0.2","46884","88","973985","38"
,"68.250435000","67.000415000","12943","140","192.168.10.22","8081","10.0.0.2","46884","88","974073","38"
,"68.250480000","67.000460000","12944","140","192.168.10.22","8081","10.0.0.2","46884","88","974161","38"
,"68.250491000","67.000471000","12945","140","192.168.10.22","8081","10.0.0.2","46884","88","974249","38"
,"68.250535000","67.000515000","12946","140","192.168.10.22","8081","10.0.0.2","46884","88","974337","38"
,"68.250549000","67.000529000","12947","140","192.168.10.22","8081","10.0.0.2","46884","88","974425","38"
,"68.312801000","67.062781000","12948","52","10.0.0.2","46884","192.168.10.22","8081","0","38","970025"
,"68.312829000","67.062809000","12949","52","10.0.0.2","46884","192.168.10.22","8081","0","38","970113"
,"68.313861000","67.063841000","12950","140","192.168.10.22","8081","10.0.0.2","46884","88","974513","38"
,"68.313940000","67.063920000","12951","140","192.168.10.22","8081","10.0.0.2","46884","88","974601","38"
,"68.314008000","67.063988000","12952","140","192.168.10.22","8081","10.0.0.2","46884","88","974689","38"
,"68.314025000","67.064005000","12953","140","192.168.10.22","8081","10.0.0.2","46884","88","974777","38"
,"68.314075000","67.064055000","12954","140","192.168.10.22","8081","10.0.0.2","46884","88","974865","38"
,"68.314099000","67.064079000","12955","140","192.168.10.22","8081","10.0.0.2","46884","88","974953","38"
,"68.314144000","67.064124000","12956","140","192.168.10.22","8081","10.0.0.2","46884","88","975041","38"
,"68.314158000","67.064138000","12957","140","192.168.10.22","8081","10.0.0.2","46884","88","975129","38"
,"68.314203000","67.064183000","12958","140","192.168.10.22","8081","10.0.0.2","46884","88","975217","38"
,"68.314217000","67.064197000","12959","140","192.168.10.22","8081","10.0.0.2","46884","88","975305","38"
,"68.314262000","67.064242000","12960","140","192.168.10.22","8081","10.0.0.2","46884","88","975393","38"
,"68.314274000","67.064254000","12961","140","192.168.10.22","8081","10.0.0.2","46884","88","975481","38"
,"68.374802000","67.124782000","12962","52","10.0.0.2","46884","192.168.10.22","8081","0","38","970993"
,"68.375803000","67.125783000","12963","140","192.168.10.22","8081","10.0.0.2","46884","88","975569","38"
,"68.375845000","67.125825000","12964","140","192.168.10.22","8081","10.0.0.2","46884","88","975657","38"
,"68.375943000","67.125923000","12965","140","192.168.10.22","8081","10.0.0.2","46884","88","975745","38"
,"68.375963000","67.125943000","12966","140","192.168.10.22","8081","10.0.0.2","46884","88","975833","38"
,"68.376013000","67.125993000","12967","140","192.168.10.22","8081","10.0.0.2","46884","88","975921","38"
,"68.376026000","67.126006000","12968","140","192.168.10.22","8081","10.0.0.2","46884","88","976009","38"
,"68.376072000","67.126052000","12969","140","192.168.10.22","8081","10.0.0.2","46884","88","976097","38"
,"68.376093000","67.126073000","12970","140","192.168.10.22","8081","10.0.0.2","46884","88","976185","38"
,"68.376138000","67.126118000","12971","140","192.168.10.22","8081","10.0.0.2","46884","88","976273","38"
,"68.376151000","67.126131000","12972","140","192.168.10.22","8081","10.0.0.2","46884","88","976361","38"
,"68.437558000","67.187538000","12973","52","10.0.0.2","46884","192.168.10.22","8081","0","38","971873"
,"68.437585000","67.187565000","12974","52","10.0.0.2","46884","192.168.10.22","8081","0","38","971961"
,"68.438600000","67.188580000","12975","140","192.168.10.22","8081","10.0.0.2","46884","88","976449","38"
,"68.438645000","67.188625000","12976","140","192.168.10.22","8081","10.0.0.2","46884","88","976537","38"
,"68.438712000","67.188692000","12977","140","192.168.10.22","8081","10.0.0.2","46884","88","976625","38"
,"68.438729000","67.188709000","12978","140","192.168.10.22","8081","10.0.0.2","46884","88","976713","38"
,"68.438780000","67.188760000","12979","140","192.168.10.22","8081","10.0.0.2","46884","88","976801","38"
,"68.438793000","67.188773000","12980","140","192.168.10.22","8081","10.0.0.2","46884","88","976889","38"
,"68.438839000","67.188819000","12981","140","192.168.10.22","8081","10.0.0.2","46884","88","976977","38"
,"68.438852000","67.188832000","12982","140","192.168.10.22","8081","10.0.0.2","46884","88","977065","38"
,"68.438939000","67.188919000","12983","140","192.168.10.22","8081","10.0.0.2","46884","88","977153","38"
,"68.438957000","67.188937000","12984","140","192.168.10.22","8081","10.0.0.2","46884","88","977241","38"
,"68.499490000","67.249470000","12985","52","10.0.0.2","46884","192.168.10.22","8081","0","38","972753"
,"68.499520000","67.249500000","12986","52","10.0.0.2","46884","192.168.10.22","8081","0","38","972841"
,"68.500530000","67.250510000","12987","140","192.168.10.22","8081","10.0.0.2","46884","88","977329","38"
,"68.500573000","67.250553000","12988","140","192.168.10.22","8081","10.0.0.2","46884","88","977417","38"
,"68.500635000","67.250615000","12989","140","192.168.10.22","8081","10.0.0.2","46884","88","977505","38"
,"68.500651000","67.250631000","12990","140","192.168.10.22","8081","10.0.0.2","46884","88","977593","38"
,"68.500708000","67.250688000","12991","140","192.168.10.22","8081","10.0.0.2","46884","88","977681","38"
,"68.500721000","67.250701000","12992","140","192.168.10.22","8081","10.0.0.2","46884","88","977769","38"
,"68.500766000","67.250746000","12993","140","192.168.10.22","8081","10.0.0.2","46884","88","977857","38"
,"68.500778000","67.250758000","12994","140","192.168.10.22","8081","10.0.0.2","46884","88","977945","38"
,"68.500823000","67.250803000","12995","140","192.168.10.22","8081","10.0.0.2","46884","88","978033","38"
,"68.500837000","67.250817000","12996","140","192.168.10.22","8081","10.0.0.2","46884","88","978121","38"
,"68.562807000","67.312787000","12997","52","10.0.0.2","46884","192.168.10.22","8081","0","38","973809"
,"68.563816000","67.313796000","12998","140","192.168.10.22","8081","10.0.0.2","46884","88","978209","38"
,"68.563862000","67.313842000","12999","140","192.168.10.22","8081","10.0.0.2","46884","88","978297","38"
,"68.563966000","67.313946000","13000","140","192.168.10.22","8081","10.0.0.2","46884","88","978385","38"
,"68.563984000","67.313964000","13001","140","192.168.10.22","8081","10.0.0.2","46884","88","978473","38"
,"68.564030000","67.314010000","13002","140","192.168.10.22","8081","10.0.0.2","46884","88","978561","38"
,"68.564054000","67.314034000","13003","140","192.168.10.22","8081","10.0.0.2","46884","88","978649","38"
,"68.564099000","67.314079000","13004","140","192.168.10.22","8081","10.0.0.2","46884","88","978737","38"
,"68.564113000","67.314093000","13005","140","192.168.10.22","8081","10.0.0.2","46884","88","978825","38"
,"68.564159000","67.314139000","13006","140","192.168.10.22","8081","10.0.0.2","46884","88","978913","38"
,"68.564170000","67.314150000","13007","140","192.168.10.22","8081","10.0.0.2","46884","88","979001","38"
,"68.564216000","67.314196000","13008","140","192.168.10.22","8081","10.0.0.2","46884","88","979089","38"
,"68.564230000","67.314210000","13009","140","192.168.10.22","8081","10.0.0.2","46884","88","979177","38"
,"68.624605000","67.374585000","13010","52","10.0.0.2","46884","192.168.10.22","8081","0","38","974689"
,"68.625602000","67.375582000","13011","140","192.168.10.22","8081","10.0.0.2","46884","88","979265","38"
,"68.625645000","67.375625000","13012","140","192.168.10.22","8081","10.0.0.2","46884","88","979353","38"
,"68.625707000","67.375687000","13013","140","192.168.10.22","8081","10.0.0.2","46884","88","979441","38"
,"68.625724000","67.375704000","13014","140","192.168.10.22","8081","10.0.0.2","46884","88","979529","38"
,"68.625778000","67.375758000","13015","140","192.168.10.22","8081","10.0.0.2","46884","88","979617","38"
,"68.625792000","67.375772000","13016","140","192.168.10.22","8081","10.0.0.2","46884","88","979705","38"
,"68.625838000","67.375818000","13017","140","192.168.10.22","8081","10.0.0.2","46884","88","979793","38"
,"68.625849000","67.375829000","13018","140","192.168.10.22","8081","10.0.0.2","46884","88","979881","38"
,"68.625925000","67.375905000","13019","140","192.168.10.22","8081","10.0.0.2","46884","88","979969","38"
,"68.625941000","67.375921000","13020","140","192.168.10.22","8081","10.0.0.2","46884","88","980057","38"
,"68.687523000","67.437503000","13021","52","10.0.0.2","46884","192.168.10.22","8081","0","38","975481"
,"68.687550000","67.437530000","13022","52","10.0.0.2","46884","192.168.10.22","8081","0","38","975657"
,"68.688522000","67.438502000","13023","140","192.168.10.22","8081","10.0.0.2","46884","88","980145","38"
,"68.688565000","67.438545000","13024","140","192.168.10.22","8081","10.0.0.2","46884","88","980233","38"
,"68.688630000","67.438610000","13025","140","192.168.10.22","8081","10.0.0.2","46884","88","980321","38"
,"68.688647000","67.438627000","13026","140","192.168.10.22","8081","10.0.0.2","46884","88","980409","38"
,"68.688699000","67.438679000","13027","140","192.168.10.22","8081","10.0.0.2","46884","88","980497","38"
,"68.688713000","67.438693000","13028","140","192.168.10.22","8081","10.0.0.2","46884","88","980585","38"
,"68.688758000","67.438738000","13029","140","192.168.10.22","8081","10.0.0.2","46884","88","980673","38"
,"68.688770000","67.438750000","13030","140","192.168.10.22","8081","10.0.0.2","46884","88","980761","38"
,"68.688814000","67.438794000","13031","140","192.168.10.22","8081","10.0.0.2","46884","88","980849","38"
,"68.688828000","67.438808000","13032","140","192.168.10.22","8081","10.0.0.2","46884","88","980937","38"
,"68.749785000","67.499765000","13033","52","10.0.0.2","46884","192.168.10.22","8081","0","38","976537"
,"68.750812000","67.500792000","13034","140","192.168.10.22","8081","10.0.0.2","46884","88","981025","38"
,"68.750854000","67.500834000","13035","140","192.168.10.22","8081","10.0.0.2","46884","88","981113","38"
,"68.750956000","67.500936000","13036","140","192.168.10.22","8081","10.0.0.2","46884","88","981201","38"
,"68.750976000","67.500956000","13037","140","192.168.10.22","8081","10.0.0.2","46884","88","981289","38"
,"68.751025000","67.501005000","13038","140","192.168.10.22","8081","10.0.0.2","46884","88","981377","38"
,"68.751037000","67.501017000","13039","140","192.168.10.22","8081","10.0.0.2","46884","88","981465","38"
,"68.751081000","67.501061000","13040","140","192.168.10.22","8081","10.0.0.2","46884","88","981553","38"
,"68.751103000","67.501083000","13041","140","192.168.10.22","8081","10.0.0.2","46884","88","981641","38"
,"68.751147000","67.501127000","13042","140","192.168.10.22","8081","10.0.0.2","46884","88","981729","38"
,"68.751161000","67.501141000","13043","140","192.168.10.22","8081","10.0.0.2","46884","88","981817","38"
,"68.812400000","67.562380000","13044","52","10.0.0.2","46884","192.168.10.22","8081","0","38","977417"
,"68.813405000","67.563385000","13045","140","192.168.10.22","8081","10.0.0.2","46884","88","981905","38"
,"68.813447000","67.563427000","13046","140","192.168.10.22","8081","10.0.0.2","46884","88","981993","38"
,"68.813512000","67.563492000","13047","140","192.168.10.22","8081","10.0.0.2","46884","88","982081","38"
,"68.813528000","67.563508000","13048","140","192.168.10.22","8081","10.0.0.2","46884","88","982169","38"
,"68.813583000","67.563563000","13049","140","192.168.10.22","8081","10.0.0.2","46884","88","982257","38"
,"68.813597000","67.563577000","13050","140","192.168.10.22","8081","10.0.0.2","46884","88","982345","38"
,"68.813643000","67.563623000","13051","140","192.168.10.22","8081","10.0.0.2","46884","88","982433","38"
,"68.813654000","67.563634000","13052","140","192.168.10.22","8081","10.0.0.2","46884","88","982521","38"
,"68.813699000","67.563679000","13053","140","192.168.10.22","8081","10.0.0.2","46884","88","982609","38"
,"68.813713000","67.563693000","13054","140","192.168.10.22","8081","10.0.0.2","46884","88","982697","38"
,"68.874053000","67.624033000","13055","52","10.0.0.2","46884","192.168.10.22","8081","0","38","978385"
,"68.875031000","67.625011000","13056","140","192.168.10.22","8081","10.0.0.2","46884","88","982785","38"
,"68.875071000","67.625051000","13057","140","192.168.10.22","8081","10.0.0.2","46884","88","982873","38"
,"68.875125000","67.625105000","13058","140","192.168.10.22","8081","10.0.0.2","46884","88","982961","38"
,"68.875137000","67.625117000","13059","140","192.168.10.22","8081","10.0.0.2","46884","88","983049","38"
,"68.875183000","67.625163000","13060","140","192.168.10.22","8081","10.0.0.2","46884","88","983137","38"
,"68.875194000","67.625174000","13061","140","192.168.10.22","8081","10.0.0.2","46884","88","983225","38"
,"68.875240000","67.625220000","13062","140","192.168.10.22","8081","10.0.0.2","46884","88","983313","38"
,"68.875255000","67.625235000","13063","140","192.168.10.22","8081","10.0.0.2","46884","88","983401","38"
,"68.875302000","67.625282000","13064","140","192.168.10.22","8081","10.0.0.2","46884","88","983489","38"
,"68.875317000","67.625297000","13065","140","192.168.10.22","8081","10.0.0.2","46884","88","983577","38"
,"68.875361000","67.625341000","13066","140","192.168.10.22","8081","10.0.0.2","46884","88","983665","38"
,"68.875375000","67.625355000","13067","140","192.168.10.22","8081","10.0.0.2","46884","88","983753","38"
,"68.937662000","67.687642000","13068","52","10.0.0.2","46884","192.168.10.22","8081","0","38","979177"
,"68.937689000","67.687669000","13069","52","10.0.0.2","46884","192.168.10.22","8081","0","38","979265"
,"68.938693000","67.688673000","13070","140","192.168.10.22","8081","10.0.0.2","46884","88","983841","38"
,"68.938735000","67.688715000","13071","140","192.168.10.22","8081","10.0.0.2","46884","88","983929","38"
,"68.938800000","67.688780000","13072","140","192.168.10.22","8081","10.0.0.2","46884","88","984017","38"
,"68.938815000","67.688795000","13073","140","192.168.10.22","8081","10.0.0.2","46884","88","984105","38"
,"68.938873000","67.688853000","13074","140","192.168.10.22","8081","10.0.0.2","46884","88","984193","38"
,"68.938914000","67.688894000","13075","140","192.168.10.22","8081","10.0.0.2","46884","88","984281","38"
,"68.938962000","67.688942000","13076","140","192.168.10.22","8081","10.0.0.2","46884","88","984369","38"
,"68.938975000","67.688955000","13077","140","192.168.10.22","8081","10.0.0.2","46884","88","984457","38"
,"68.939019000","67.688999000","13078","140","192.168.10.22","8081","10.0.0.2","46884","88","984545","38"
,"68.939033000","67.689013000","13079","140","192.168.10.22","8081","10.0.0.2","46884","88","984633","38"
,"68.999114000","67.749094000","13080","52","10.0.0.2","46884","192.168.10.22","8081","0","38","980233"
,"69.000136000","67.750116000","13081","140","192.168.10.22","8081","10.0.0.2","46884","88","984721","38"
,"69.000178000","67.750158000","13082","140","192.168.10.22","8081","10.0.0.2","46884","88","984809","38"
,"69.000243000","67.750223000","13083","140","192.168.10.22","8081","10.0.0.2","46884","88","984897","38"
,"69.000259000","67.750239000","13084","140","192.168.10.22","8081","10.0.0.2","46884","88","984985","38"
,"69.000316000","67.750296000","13085","140","192.168.10.22","8081","10.0.0.2","46884","88","985073","38"
,"69.000330000","67.750310000","13086","140","192.168.10.22","8081","10.0.0.2","46884","88","985161","38"
,"69.000375000","67.750355000","13087","140","192.168.10.22","8081","10.0.0.2","46884","88","985249","38"
,"69.000386000","67.750366000","13088","140","192.168.10.22","8081","10.0.0.2","46884","88","985337","38"
,"69.000431000","67.750411000","13089","140","192.168.10.22","8081","10.0.0.2","46884","88","985425","38"
,"69.000445000","67.750425000","13090","140","192.168.10.22","8081","10.0.0.2","46884","88","985513","38"
,"69.062899000","67.812879000","13091","52","10.0.0.2","46884","192.168.10.22","8081","0","38","981113"
,"69.063850000","67.813830000","13092","140","192.168.10.22","8081","10.0.0.2","46884","88","985601","38"
,"69.063944000","67.813924000","13093","140","192.168.10.22","8081","10.0.0.2","46884","88","985689","38"
,"69.064012000","67.813992000","13094","140","192.168.10.22","8081","10.0.0.2","46884","88","985777","38"
,"69.064027000","67.814007000","13095","140","192.168.10.22","8081","10.0.0.2","46884","88","985865","38"
,"69.064075000","67.814055000","13096","140","192.168.10.22","8081","10.0.0.2","46884","88","985953","38"
,"69.064112000","67.814092000","13097","140","192.168.10.22","8081","10.0.0.2","46884","88","986041","38"
,"69.064157000","67.814137000","13098","140","192.168.10.22","8081","10.0.0.2","46884","88","986129","38"
,"69.064170000","67.814150000","13099","140","192.168.10.22","8081","10.0.0.2","46884","88","986217","38"
,"69.064216000","67.814196000","13100","140","192.168.10.22","8081","10.0.0.2","46884","88","986305","38"
,"69.064230000","67.814210000","13101","140","192.168.10.22","8081","10.0.0.2","46884","88","986393","38"
,"69.124512000","67.874492000","13102","52","10.0.0.2","46884","192.168.10.22","8081","0","38","981993"
,"69.124538000","67.874518000","13103","52","10.0.0.2","46884","192.168.10.22","8081","0","38","982081"
,"69.125543000","67.875523000","13104","140","192.168.10.22","8081","10.0.0.2","46884","88","986481","38"
,"69.125585000","67.875565000","13105","140","192.168.10.22","8081","10.0.0.2","46884","88","986569","38"
,"69.125646000","67.875626000","13106","140","192.168.10.22","8081","10.0.0.2","46884","88","986657","38"
,"69.125662000","67.875642000","13107","140","192.168.10.22","8081","10.0.0.2","46884","88","986745","38"
,"69.125717000","67.875697000","13108","140","192.168.10.22","8081","10.0.0.2","46884","88","986833","38"
,"69.125730000","67.875710000","13109","140","192.168.10.22","8081","10.0.0.2","46884","88","986921","38"
,"69.125775000","67.875755000","13110","140","192.168.10.22","8081","10.0.0.2","46884","88","987009","38"
,"69.125786000","67.875766000","13111","140","192.168.10.22","8081","10.0.0.2","46884","88","987097","38"
,"69.125831000","67.875811000","13112","140","192.168.10.22","8081","10.0.0.2","46884","88","987185","38"
,"69.125845000","67.875825000","13113","140","192.168.10.22","8081","10.0.0.2","46884","88","987273","38"
,"69.125924000","67.875904000","13114","140","192.168.10.22","8081","10.0.0.2","46884","88","987361","38"
,"69.125941000","67.875921000","13115","140","192.168.10.22","8081","10.0.0.2","46884","88","987449","38"
,"69.187081000","67.937061000","13116","52","10.0.0.2","46884","192.168.10.22","8081","0","38","982257"
,"69.187112000","67.937092000","13117","52","10.0.0.2","46884","192.168.10.22","8081","0","38","982697"
,"69.187129000","67.937109000","13118","52","10.0.0.2","46884","192.168.10.22","8081","0","38","982961"
,"69.188126000","67.938106000","13119","140","192.168.10.22","8081","10.0.0.2","46884","88","987537","38"
,"69.188168000","67.938148000","13120","140","192.168.10.22","8081","10.0.0.2","46884","88","987625","38"
,"69.188230000","67.938210000","13121","140","192.168.10.22","8081","10.0.0.2","46884","88","987713","38"
,"69.188245000","67.938225000","13122","140","192.168.10.22","8081","10.0.0.2","46884","88","987801","38"
,"69.188299000","67.938279000","13123","140","192.168.10.22","8081","10.0.0.2","46884","88","987889","38"
,"69.188312000","67.938292000","13124","140","192.168.10.22","8081","10.0.0.2","46884","88","987977","38"
,"69.188358000","67.938338000","13125","140","192.168.10.22","8081","10.0.0.2","46884","88","988065","38"
,"69.188369000","67.938349000","13126","140","192.168.10.22","8081","10.0.0.2","46884","88","988153","38"
,"69.188414000","67.938394000","13127","140","192.168.10.22","8081","10.0.0.2","46884","88","988241","38"
,"69.188428000","67.938408000","13128","140","192.168.10.22","8081","10.0.0.2","46884","88","988329","38"
,"69.249213000","67.999193000","13129","52","10.0.0.2","46884","192.168.10.22","8081","0","38","983841"
,"69.249239000","67.999219000","13130","52","10.0.0.2","46884","192.168.10.22","8081","0","38","983929"
,"69.250106000","68.000086000","13131","140","192.168.10.22","8081","10.0.0.2","46884","88","988417","38"
,"69.250143000","68.000123000","13132","140","192.168.10.22","8081","10.0.0.2","46884","88","988505","38"
,"69.250196000","68.000176000","13133","140","192.168.10.22","8081","10.0.0.2","46884","88","988593","38"
,"69.250209000","68.000189000","13134","140","192.168.10.22","8081","10.0.0.2","46884","88","988681","38"
,"69.250254000","68.000234000","13135","140","192.168.10.22","8081","10.0.0.2","46884","88","988769","38"
,"69.250266000","68.000246000","13136","140","192.168.10.22","8081","10.0.0.2","46884","88","988857","38"
,"69.250311000","68.000291000","13137","140","192.168.10.22","8081","10.0.0.2","46884","88","988945","38"
,"69.250323000","68.000303000","13138","140","192.168.10.22","8081","10.0.0.2","46884","88","989033","38"
,"69.250366000","68.000346000","13139","140","192.168.10.22","8081","10.0.0.2","46884","88","989121","38"
,"69.250380000","68.000360000","13140","140","192.168.10.22","8081","10.0.0.2","46884","88","989209","38"
,"69.313004000","68.062984000","13141","52","10.0.0.2","46884","192.168.10.22","8081","0","38","984721"
,"69.313028000","68.063008000","13142","52","10.0.0.2","46884","192.168.10.22","8081","0","38","984809"
,"69.314022000","68.064002000","13143","140","192.168.10.22","8081","10.0.0.2","46884","88","989297","38"
,"69.314063000","68.064043000","13144","140","192.168.10.22","8081","10.0.0.2","46884","88","989385","38"
,"69.314128000","68.064108000","13145","140","192.168.10.22","8081","10.0.0.2","46884","88","989473","38"
,"69.314145000","68.064125000","13146","140","192.168.10.22","8081","10.0.0.2","46884","88","989561","38"
,"69.314195000","68.064175000","13147","140","192.168.10.22","8081","10.0.0.2","46884","88","989649","38"
,"69.314208000","68.064188000","13148","140","192.168.10.22","8081","10.0.0.2","46884","88","989737","38"
,"69.314254000","68.064234000","13149","140","192.168.10.22","8081","10.0.0.2","46884","88","989825","38"
,"69.314266000","68.064246000","13150","140","192.168.10.22","8081","10.0.0.2","46884","88","989913","38"
,"69.314309000","68.064289000","13151","140","192.168.10.22","8081","10.0.0.2","46884","88","990001","38"
,"69.314324000","68.064304000","13152","140","192.168.10.22","8081","10.0.0.2","46884","88","990089","38"
,"69.374291000","68.124271000","13153","52","10.0.0.2","46884","192.168.10.22","8081","0","38","985601"
,"69.374319000","68.124299000","13154","52","10.0.0.2","46884","192.168.10.22","8081","0","38","985689"
,"69.375253000","68.125233000","13155","140","192.168.10.22","8081","10.0.0.2","46884","88","990177","38"
,"69.375295000","68.125275000","13156","140","192.168.10.22","8081","10.0.0.2","46884","88","990265","38"
,"69.375363000","68.125343000","13157","140","192.168.10.22","8081","10.0.0.2","46884","88","990353","38"
,"69.375381000","68.125361000","13158","140","192.168.10.22","8081","10.0.0.2","46884","88","990441","38"
,"69.375435000","68.125415000","13159","140","192.168.10.22","8081","10.0.0.2","46884","88","990529","38"
,"69.375449000","68.125429000","13160","140","192.168.10.22","8081","10.0.0.2","46884","88","990617","38"
,"69.375494000","68.125474000","13161","140","192.168.10.22","8081","10.0.0.2","46884","88","990705","38"
,"69.375516000","68.125496000","13162","140","192.168.10.22","8081","10.0.0.2","46884","88","990793","38"
,"69.375561000","68.125541000","13163","140","192.168.10.22","8081","10.0.0.2","46884","88","990881","38"
,"69.375574000","68.125554000","13164","140","192.168.10.22","8081","10.0.0.2","46884","88","990969","38"
,"69.437571000","68.187551000","13165","52","10.0.0.2","46884","192.168.10.22","8081","0","38","986481"
,"69.437598000","68.187578000","13166","52","10.0.0.2","46884","192.168.10.22","8081","0","38","986657"
,"69.438483000","68.188463000","13167","140","192.168.10.22","8081","10.0.0.2","46884","88","991057","38"
,"69.438520000","68.188500000","13168","140","192.168.10.22","8081","10.0.0.2","46884","88","991145","38"
,"69.438574000","68.188554000","13169","140","192.168.10.22","8081","10.0.0.2","46884","88","991233","38"
,"69.438587000","68.188567000","13170","140","192.168.10.22","8081","10.0.0.2","46884","88","991321","38"
,"69.438634000","68.188614000","13171","140","192.168.10.22","8081","10.0.0.2","46884","88","991409","38"
,"69.438646000","68.188626000","13172","140","192.168.10.22","8081","10.0.0.2","46884","88","991497","38"
,"69.438693000","68.188673000","13173","140","192.168.10.22","8081","10.0.0.2","46884","88","991585","38"
,"69.438705000","68.188685000","13174","140","192.168.10.22","8081","10.0.0.2","46884","88","991673","38"
,"69.438751000","68.188731000","13175","140","192.168.10.22","8081","10.0.0.2","46884","88","991761","38"
,"69.438766000","68.188746000","13176","140","192.168.10.22","8081","10.0.0.2","46884","88","991849","38"
,"69.438811000","68.188791000","13177","140","192.168.10.22","8081","10.0.0.2","46884","88","991937","38"
,"69.438823000","68.188803000","13178","140","192.168.10.22","8081","10.0.0.2","46884","88","992025","38"
,"69.499936000","68.249916000","13179","52","10.0.0.2","46884","192.168.10.22","8081","0","38","986833"
,"69.499978000","68.249958000","13180","52","10.0.0.2","46884","192.168.10.22","8081","0","38","987537"
,"69.500952000","68.250932000","13181","140","192.168.10.22","8081","10.0.0.2","46884","88","992113","38"
,"69.500995000","68.250975000","13182","140","192.168.10.22","8081","10.0.0.2","46884","88","992201","38"
,"69.501061000","68.251041000","13183","140","192.168.10.22","8081","10.0.0.2","46884","88","992289","38"
,"69.501078000","68.251058000","13184","140","192.168.10.22","8081","10.0.0.2","46884","88","992377","38"
,"69.501125000","68.251105000","13185","140","192.168.10.22","8081","10.0.0.2","46884","88","992465","38"
,"69.501137000","68.251117000","13186","140","192.168.10.22","8081","10.0.0.2","46884","88","992553","38"
,"69.501182000","68.251162000","13187","140","192.168.10.22","8081","10.0.0.2","46884","88","992641","38"
,"69.501194000","68.251174000","13188","140","192.168.10.22","8081","10.0.0.2","46884","88","992729","38"
,"69.501239000","68.251219000","13189","140","192.168.10.22","8081","10.0.0.2","46884","88","992817","38"
,"69.501253000","68.251233000","13190","140","192.168.10.22","8081","10.0.0.2","46884","88","992905","38"
,"69.562073000","68.312053000","13191","52","10.0.0.2","46884","192.168.10.22","8081","0","38","988505"
,"69.562968000","68.312948000","13192","140","192.168.10.22","8081","10.0.0.2","46884","88","992993","38"
,"69.563004000","68.312984000","13193","140","192.168.10.22","8081","10.0.0.2","46884","88","993081","38"
,"69.563055000","68.313035000","13194","140","192.168.10.22","8081","10.0.0.2","46884","88","993169","38"
,"69.563067000","68.313047000","13195","140","192.168.10.22","8081","10.0.0.2","46884","88","993257","38"
,"69.563112000","68.313092000","13196","140","192.168.10.22","8081","10.0.0.2","46884","88","993345","38"
,"69.563124000","68.313104000","13197","140","192.168.10.22","8081","10.0.0.2","46884","88","993433","38"
,"69.563168000","68.313148000","13198","140","192.168.10.22","8081","10.0.0.2","46884","88","993521","38"
,"69.563180000","68.313160000","13199","140","192.168.10.22","8081","10.0.0.2","46884","88","993609","38"
,"69.563223000","68.313203000","13200","140","192.168.10.22","8081","10.0.0.2","46884","88","993697","38"
,"69.563237000","68.313217000","13201","140","192.168.10.22","8081","10.0.0.2","46884","88","993785","38"
,"69.624979000","68.374959000","13202","52","10.0.0.2","46884","192.168.10.22","8081","0","38","989297"
,"69.625005000","68.374985000","13203","52","10.0.0.2","46884","192.168.10.22","8081","0","38","989385"
,"69.626016000","68.375996000","13204","140","192.168.10.22","8081","10.0.0.2","46884","88","993873","38"
,"69.626060000","68.376040000","13205","140","192.168.10.22","8081","10.0.0.2","46884","88","993961","38"
,"69.626125000","68.376105000","13206","140","192.168.10.22","8081","10.0.0.2","46884","88","994049","38"
,"69.626143000","68.376123000","13207","140","192.168.10.22","8081","10.0.0.2","46884","88","994137","38"
,"69.626190000","68.376170000","13208","140","192.168.10.22","8081","10.0.0.2","46884","88","994225","38"
,"69.626201000","68.376181000","13209","140","192.168.10.22","8081","10.0.0.2","46884","88","994313","38"
,"69.626247000","68.376227000","13210","140","192.168.10.22","8081","10.0.0.2","46884","88","994401","38"
,"69.626259000","68.376239000","13211","140","192.168.10.22","8081","10.0.0.2","46884","88","994489","38"
,"69.626303000","68.376283000","13212","140","192.168.10.22","8081","10.0.0.2","46884","88","994577","38"
,"69.626316000","68.376296000","13213","140","192.168.10.22","8081","10.0.0.2","46884","88","994665","38"
,"69.687217000","68.437197000","13214","52","10.0.0.2","46884","192.168.10.22","8081","0","38","990177"
,"69.687244000","68.437224000","13215","52","10.0.0.2","46884","192.168.10.22","8081","0","38","990353"
,"69.688137000","68.438117000","13216","140","192.168.10.22","8081","10.0.0.2","46884","88","994753","38"
,"69.688174000","68.438154000","13217","140","192.168.10.22","8081","10.0.0.2","46884","88","994841","38"
,"69.688227000","68.438207000","13218","140","192.168.10.22","8081","10.0.0.2","46884","88","994929","38"
,"69.688240000","68.438220000","13219","140","192.168.10.22","8081","10.0.0.2","46884","88","995017","38"
,"69.688285000","68.438265000","13220","140","192.168.10.22","8081","10.0.0.2","46884","88","995105","38"
,"69.688297000","68.438277000","13221","140","192.168.10.22","8081","10.0.0.2","46884","88","995193","38"
,"69.688341000","68.438321000","13222","140","192.168.10.22","8081","10.0.0.2","46884","88","995281","38"
,"69.688353000","68.438333000","13223","140","192.168.10.22","8081","10.0.0.2","46884","88","995369","38"
,"69.688398000","68.438378000","13224","140","192.168.10.22","8081","10.0.0.2","46884","88","995457","38"
,"69.688411000","68.438391000","13225","140","192.168.10.22","8081","10.0.0.2","46884","88","995545","38"
,"69.688456000","68.438436000","13226","140","192.168.10.22","8081","10.0.0.2","46884","88","995633","38"
,"69.688469000","68.438449000","13227","140","192.168.10.22","8081","10.0.0.2","46884","88","995721","38"
,"69.749602000","68.499582000","13228","52","10.0.0.2","46884","192.168.10.22","8081","0","38","991145"
,"69.749632000","68.499612000","13229","52","10.0.0.2","46884","192.168.10.22","8081","0","38","991233"
,"69.750643000","68.500623000","13230","140","192.168.10.22","8081","10.0.0.2","46884","88","995809","38"
,"69.750686000","68.500666000","13231","140","192.168.10.22","8081","10.0.0.2","46884","88","995897","38"
,"69.750749000","68.500729000","13232","140","192.168.10.22","8081","10.0.0.2","46884","88","995985","38"
,"69.750767000","68.500747000","13233","140","192.168.10.22","8081","10.0.0.2","46884","88","996073","38"
,"69.750821000","68.500801000","13234","140","192.168.10.22","8081","10.0.0.2","46884","88","996161","38"
,"69.750834000","68.500814000","13235","140","192.168.10.22","8081","10.0.0.2","46884","88","996249","38"
,"69.750918000","68.500898000","13236","140","192.168.10.22","8081","10.0.0.2","46884","88","996337","38"
,"69.750944000","68.500924000","13237","140","192.168.10.22","8081","10.0.0.2","46884","88","996425","38"
,"69.750990000","68.500970000","13238","140","192.168.10.22","8081","10.0.0.2","46884","88","996513","38"
,"69.751004000","68.500984000","13239","140","192.168.10.22","8081","10.0.0.2","46884","88","996601","38"
,"69.813002000","68.562982000","13240","52","10.0.0.2","46884","192.168.10.22","8081","0","38","992113"
,"69.813028000","68.563008000","13241","52","10.0.0.2","46884","192.168.10.22","8081","0","38","992201"
,"69.814015000","68.563995000","13242","140","192.168.10.22","8081","10.0.0.2","46884","88","996689","38"
,"69.814057000","68.564037000","13243","140","192.168.10.22","8081","10.0.0.2","46884","88","996777","38"
,"69.814124000","68.564104000","13244","140","192.168.10.22","8081","10.0.0.2","46884","88","996865","38"
,"69.814140000","68.564120000","13245","140","192.168.10.22","8081","10.0.0.2","46884","88","996953","38"
,"69.814193000","68.564173000","13246","140","192.168.10.22","8081","10.0.0.2","46884","88","997041","38"
,"69.814206000","68.564186000","13247","140","192.168.10.22","8081","10.0.0.2","46884","88","997129","38"
,"69.814252000","68.564232000","13248","140","192.168.10.22","8081","10.0.0.2","46884","88","997217","38"
,"69.814264000","68.564244000","13249","140","192.168.10.22","8081","10.0.0.2","46884","88","997305","38"
,"69.814308000","68.564288000","13250","140","192.168.10.22","8081","10.0.0.2","46884","88","997393","38"
,"69.814322000","68.564302000","13251","140","192.168.10.22","8081","10.0.0.2","46884","88","997481","38"
,"69.874212000","68.624192000","13252","52","10.0.0.2","46884","192.168.10.22","8081","0","38","993081"
,"69.875072000","68.625052000","13253","140","192.168.10.22","8081","10.0.0.2","46884","88","997569","38"
,"69.875110000","68.625090000","13254","140","192.168.10.22","8081","10.0.0.2","46884","88","997657","38"
,"69.875160000","68.625140000","13255","140","192.168.10.22","8081","10.0.0.2","46884","88","997745","38"
,"69.875172000","68.625152000","13256","140","192.168.10.22","8081","10.0.0.2","46884","88","997833","38"
,"69.875217000","68.625197000","13257","140","192.168.10.22","8081","10.0.0.2","46884","88","997921","38"
,"69.875229000","68.625209000","13258","140","192.168.10.22","8081","10.0.0.2","46884","88","998009","38"
,"69.875273000","68.625253000","13259","140","192.168.10.22","8081","10.0.0.2","46884","88","998097","38"
,"69.875285000","68.625265000","13260","140","192.168.10.22","8081","10.0.0.2","46884","88","998185","38"
,"69.875331000","68.625311000","13261","140","192.168.10.22","8081","10.0.0.2","46884","88","998273","38"
,"69.875344000","68.625324000","13262","140","192.168.10.22","8081","10.0.0.2","46884","88","998361","38"
,"69.937857000","68.687837000","13263","52","10.0.0.2","46884","192.168.10.22","8081","0","38","993873"
,"69.937910000","68.687890000","13264","52","10.0.0.2","46884","192.168.10.22","8081","0","38","993961"
,"69.938844000","68.688824000","13265","140","192.168.10.22","8081","10.0.0.2","46884","88","998449","38"
,"69.938921000","68.688901000","13266","140","192.168.10.22","8081","10.0.0.2","46884","88","998537","38"
,"69.938992000","68.688972000","13267","140","192.168.10.22","8081","10.0.0.2","46884","88","998625","38"
,"69.939007000","68.688987000","13268","140","192.168.10.22","8081","10.0.0.2","46884","88","998713","38"
,"69.939054000","68.689034000","13269","140","192.168.10.22","8081","10.0.0.2","46884","88","998801","38"
,"69.939076000","68.689056000","13270","140","192.168.10.22","8081","10.0.0.2","46884","88","998889","38"
,"69.939123000","68.689103000","13271","140","192.168.10.22","8081","10.0.0.2","46884","88","998977","38"
,"69.939136000","68.689116000","13272","140","192.168.10.22","8081","10.0.0.2","46884","88","999065","38"
,"69.939181000","68.689161000","13273","140","192.168.10.22","8081","10.0.0.2","46884","88","999153","38"
,"69.939196000","68.689176000","13274","140","192.168.10.22","8081","10.0.0.2","46884","88","999241","38"
,"69.999206000","68.749186000","13275","52","10.0.0.2","46884","192.168.10.22","8081","0","38","994753"
,"69.999235000","68.749215000","13276","52","10.0.0.2","46884","192.168.10.22","8081","0","38","994929"
,"70.000152000","68.750132000","13277","140","192.168.10.22","8081","10.0.0.2","46884","88","999329","38"
,"70.000194000","68.750174000","13278","140","192.168.10.22","8081","10.0.0.2","46884","88","999417","38"
,"70.000262000","68.750242000","13279","140","192.168.10.22","8081","10.0.0.2","46884","88","999505","38"
,"70.000280000","68.750260000","13280","140","192.168.10.22","8081","10.0.0.2","46884","88","999593","38"
,"70.000337000","68.750317000","13281","140","192.168.10.22","8081","10.0.0.2","46884","88","999681","38"
,"70.000350000","68.750330000","13282","140","192.168.10.22","8081","10.0.0.2","46884","88","999769","38"
,"70.000396000","68.750376000","13283","140","192.168.10.22","8081","10.0.0.2","46884","88","999857","38"
,"70.000418000","68.750398000","13284","140","192.168.10.22","8081","10.0.0.2","46884","88","999945","38"
,"70.000463000","68.750443000","13285","140","192.168.10.22","8081","10.0.0.2","46884","88","1000033","38"
,"70.000476000","68.750456000","13286","140","192.168.10.22","8081","10.0.0.2","46884","88","1000121","38"
,"70.000522000","68.750502000","13287","140","192.168.10.22","8081","10.0.0.2","46884","88","1000209","38"
,"70.000536000","68.750516000","13288","140","192.168.10.22","8081","10.0.0.2","46884","88","1000297","38"
,"70.062165000","68.812145000","13289","52","10.0.0.2","46884","192.168.10.22","8081","0","38","995809"
,"70.063113000","68.813093000","13290","140","192.168.10.22","8081","10.0.0.2","46884","88","1000385","38"
,"70.063154000","68.813134000","13291","140","192.168.10.22","8081","10.0.0.2","46884","88","1000473","38"
,"70.063205000","68.813185000","13292","140","192.168.10.22","8081","10.0.0.2","46884","88","1000561","38"
,"70.063217000","68.813197000","13293","140","192.168.10.22","8081","10.0.0.2","46884","88","1000649","38"
,"70.063263000","68.813243000","13294","140","192.168.10.22","8081","10.0.0.2","46884","88","1000737","38"
,"70.063275000","68.813255000","13295","140","192.168.10.22","8081","10.0.0.2","46884","88","1000825","38"
,"70.063319000","68.813299000","13296","140","192.168.10.22","8081","10.0.0.2","46884","88","1000913","38"
,"70.063331000","68.813311000","13297","140","192.168.10.22","8081","10.0.0.2","46884","88","1001001","38"
,"70.063376000","68.813356000","13298","140","192.168.10.22","8081","10.0.0.2","46884","88","1001089","38"
,"70.063389000","68.813369000","13299","140","192.168.10.22","8081","10.0.0.2","46884","88","1001177","38"
,"70.124921000","68.874901000","13300","52","10.0.0.2","46884","192.168.10.22","8081","0","38","996513"
,"70.124954000","68.874934000","13301","52","10.0.0.2","46884","192.168.10.22","8081","0","38","996777"
,"70.125901000","68.875881000","13302","140","192.168.10.22","8081","10.0.0.2","46884","88","1001265","38"
,"70.125955000","68.875935000","13303","140","192.168.10.22","8081","10.0.0.2","46884","88","1001353","38"
,"70.126024000","68.876004000","13304","140","192.168.10.22","8081","10.0.0.2","46884","88","1001441","38"
,"70.126039000","68.876019000","13305","140","192.168.10.22","8081","10.0.0.2","46884","88","1001529","38"
,"70.126084000","68.876064000","13306","140","192.168.10.22","8081","10.0.0.2","46884","88","1001617","38"
,"70.126098000","68.876078000","13307","140","192.168.10.22","8081","10.0.0.2","46884","88","1001705","38"
,"70.126143000","68.876123000","13308","140","192.168.10.22","8081","10.0.0.2","46884","88","1001793","38"
,"70.126157000","68.876137000","13309","140","192.168.10.22","8081","10.0.0.2","46884","88","1001881","38"
,"70.126202000","68.876182000","13310","140","192.168.10.22","8081","10.0.0.2","46884","88","1001969","38"
,"70.126215000","68.876195000","13311","140","192.168.10.22","8081","10.0.0.2","46884","88","1002057","38"
,"70.187747000","68.937727000","13312","52","10.0.0.2","46884","192.168.10.22","8081","0","38","997569"
,"70.187775000","68.937755000","13313","52","10.0.0.2","46884","192.168.10.22","8081","0","38","997657"
,"70.188778000","68.938758000","13314","140","192.168.10.22","8081","10.0.0.2","46884","88","1002145","38"
,"70.188818000","68.938798000","13315","140","192.168.10.22","8081","10.0.0.2","46884","88","1002233","38"
,"70.188917000","68.938897000","13316","140","192.168.10.22","8081","10.0.0.2","46884","88","1002321","38"
,"70.188937000","68.938917000","13317","140","192.168.10.22","8081","10.0.0.2","46884","88","1002409","38"
,"70.188988000","68.938968000","13318","140","192.168.10.22","8081","10.0.0.2","46884","88","1002497","38"
,"70.189000000","68.938980000","13319","140","192.168.10.22","8081","10.0.0.2","46884","88","1002585","38"
,"70.189045000","68.939025000","13320","140","192.168.10.22","8081","10.0.0.2","46884","88","1002673","38"
,"70.189057000","68.939037000","13321","140","192.168.10.22","8081","10.0.0.2","46884","88","1002761","38"
,"70.189101000","68.939081000","13322","140","192.168.10.22","8081","10.0.0.2","46884","88","1002849","38"
,"70.189115000","68.939095000","13323","140","192.168.10.22","8081","10.0.0.2","46884","88","1002937","38"
,"70.249074000","68.999054000","13324","52","10.0.0.2","46884","192.168.10.22","8081","0","38","998449"
,"70.249102000","68.999082000","13325","52","10.0.0.2","46884","192.168.10.22","8081","0","38","998625"
,"70.250034000","69.000014000","13326","140","192.168.10.22","8081","10.0.0.2","46884","88","1003025","38"
,"70.250076000","69.000056000","13327","140","192.168.10.22","8081","10.0.0.2","46884","88","1003113","38"
,"70.250140000","69.000120000","13328","140","192.168.10.22","8081","10.0.0.2","46884","88","1003201","38"
,"70.250157000","69.000137000","13329","140","192.168.10.22","8081","10.0.0.2","46884","88","1003289","38"
,"70.250213000","69.000193000","13330","140","192.168.10.22","8081","10.0.0.2","46884","88","1003377","38"
,"70.250227000","69.000207000","13331","140","192.168.10.22","8081","10.0.0.2","46884","88","1003465","38"
,"70.250272000","69.000252000","13332","140","192.168.10.22","8081","10.0.0.2","46884","88","1003553","38"
,"70.250283000","69.000263000","13333","140","192.168.10.22","8081","10.0.0.2","46884","88","1003641","38"
,"70.250328000","69.000308000","13334","140","192.168.10.22","8081","10.0.0.2","46884","88","1003729","38"
,"70.250341000","69.000321000","13335","140","192.168.10.22","8081","10.0.0.2","46884","88","1003817","38"
,"70.250386000","69.000366000","13336","140","192.168.10.22","8081","10.0.0.2","46884","88","1003905","38"
,"70.250398000","69.000378000","13337","140","192.168.10.22","8081","10.0.0.2","46884","88","1003993","38"
,"70.312670000","69.062650000","13338","52","10.0.0.2","46884","192.168.10.22","8081","0","38","999417"
,"70.312695000","69.062675000","13339","52","10.0.0.2","46884","192.168.10.22","8081","0","38","999505"
,"70.313686000","69.063666000","13340","140","192.168.10.22","8081","10.0.0.2","46884","88","1004081","38"
,"70.313727000","69.063707000","13341","140","192.168.10.22","8081","10.0.0.2","46884","88","1004169","38"
,"70.313788000","69.063768000","13342","140","192.168.10.22","8081","10.0.0.2","46884","88","1004257","38"
,"70.313804000","69.063784000","13343","140","192.168.10.22","8081","10.0.0.2","46884","88","1004345","38"
,"70.313860000","69.063840000","13344","140","192.168.10.22","8081","10.0.0.2","46884","88","1004433","38"
,"70.313896000","69.063876000","13345","140","192.168.10.22","8081","10.0.0.2","46884","88","1004521","38"
,"70.313949000","69.063929000","13346","140","192.168.10.22","8081","10.0.0.2","46884","88","1004609","38"
,"70.313961000","69.063941000","13347","140","192.168.10.22","8081","10.0.0.2","46884","88","1004697","38"
,"70.314005000","69.063985000","13348","140","192.168.10.22","8081","10.0.0.2","46884","88","1004785","38"
,"70.314020000","69.064000000","13349","140","192.168.10.22","8081","10.0.0.2","46884","88","1004873","38"
,"70.374634000","69.124614000","13350","52","10.0.0.2","46884","192.168.10.22","8081","0","38","1000473"
,"70.375611000","69.125591000","13351","140","192.168.10.22","8081","10.0.0.2","46884","88","1004961","38"
,"70.375653000","69.125633000","13352","140","192.168.10.22","8081","10.0.0.2","46884","88","1005049","38"
,"70.375719000","69.125699000","13353","140","192.168.10.22","8081","10.0.0.2","46884","88","1005137","38"
,"70.375736000","69.125716000","13354","140","192.168.10.22","8081","10.0.0.2","46884","88","1005225","38"
,"70.375791000","69.125771000","13355","140","192.168.10.22","8081","10.0.0.2","46884","88","1005313","38"
,"70.375804000","69.125784000","13356","140","192.168.10.22","8081","10.0.0.2","46884","88","1005401","38"
,"70.375851000","69.125831000","13357","140","192.168.10.22","8081","10.0.0.2","46884","88","1005489","38"
,"70.375863000","69.125843000","13358","140","192.168.10.22","8081","10.0.0.2","46884","88","1005577","38"
,"70.375938000","69.125918000","13359","140","192.168.10.22","8081","10.0.0.2","46884","88","1005665","38"
,"70.375955000","69.125935000","13360","140","192.168.10.22","8081","10.0.0.2","46884","88","1005753","38"
,"70.437070000","69.187050000","13361","52","10.0.0.2","46884","192.168.10.22","8081","0","38","1001177"
,"70.437098000","69.187078000","13362","52","10.0.0.2","46884","192.168.10.22","8081","0","38","1001353"
,"70.438111000","69.188091000","13363","140","192.168.10.22","8081","10.0.0.2","46884","88","1005841","38"
,"70.438155000","69.188135000","13364","140","192.168.10.22","8081","10.0.0.2","46884","88","1005929","38"
,"70.438218000","69.188198000","13365","140","192.168.10.22","8081","10.0.0.2","46884","88","1006017","38"
,"70.438235000","69.188215000","13366","140","192.168.10.22","8081","10.0.0.2","46884","88","1006105","38"
,"70.438290000","69.188270000","13367","140","192.168.10.22","8081","10.0.0.2","46884","88","1006193","38"
,"70.438303000","69.188283000","13368","140","192.168.10.22","8081","10.0.0.2","46884","88","1006281","38"
,"70.438348000","69.188328000","13369","140","192.168.10.22","8081","10.0.0.2","46884","88","1006369","38"
,"70.438360000","69.188340000","13370","140","192.168.10.22","8081","10.0.0.2","46884","88","1006457","38"
,"70.438405000","69.188385000","13371","140","192.168.10.22","8081","10.0.0.2","46884","88","1006545","38"
,"70.438420000","69.188400000","13372","140","192.168.10.22","8081","10.0.0.2","46884","88","1006633","38"
,"70.499481000","69.249461000","13373","52","10.0.0.2","46884","192.168.10.22","8081","0","38","1002145"
,"70.499507000","69.249487000","13374","52","10.0.0.2","46884","192.168.10.22","8081","0","38","1002233"
,"70.500443000","69.250423000","13375","140","192.168.10.22","8081","10.0.0.2","46884","88","1006721","38"
,"70.500486000","69.250466000","13376","140","192.168.10.22","8081","10.0.0.2","46884","88","1006809","38"
,"70.500559000","69.250539000","13377","140","192.168.10.22","8081","10.0.0.2","46884","88","1006897","38"
,"70.500577000","69.250557000","13378","140","192.168.10.22","8081","10.0.0.2","46884","88","1006985","38"
,"70.500634000","69.250614000","13379","140","192.168.10.22","8081","10.0.0.2","46884","88","1007073","38"
,"70.500646000","69.250626000","13380","140","192.168.10.22","8081","10.0.0.2","46884","88","1007161","38"
,"70.500692000","69.250672000","13381","140","192.168.10.22","8081","10.0.0.2","46884","88","1007249","38"
,"70.500706000","69.250686000","13382","140","192.168.10.22","8081","10.0.0.2","46884","88","1007337","38"
,"70.500752000","69.250732000","13383","140","192.168.10.22","8081","10.0.0.2","46884","88","1007425","38"
,"70.500765000","69.250745000","13384","140","192.168.10.22","8081","10.0.0.2","46884","88","1007513","38"
,"70.562858000","69.312838000","13385","52","10.0.0.2","46884","192.168.10.22","8081","0","38","1002409"
,"70.562925000","69.312905000","13386","52","10.0.0.2","46884","192.168.10.22","8081","0","38","1003201"
,"70.563855000","69.313835000","13387","140","192.168.10.22","8081","10.0.0.2","46884","88","1007601","38"
,"70.563936000","69.313916000","13388","140","192.168.10.22","8081","10.0.0.2","46884","88","1007689","38"
,"70.564004000","69.313984000","13389","140","192.168.10.22","8081","10.0.0.2","46884","88","1007777","38"
,"70.564019000","69.313999000","13390","140","192.168.10.22","8081","10.0.0.2","46884","88","1007865","38"
,"70.564067000","69.314047000","13391","140","192.168.10.22","8081","10.0.0.2","46884","88","1007953","38"
,"70.564079000","69.314059000","13392","140","192.168.10.22","8081","10.0.0.2","46884","88","1008041","38"
,"70.564123000","69.314103000","13393","140","192.168.10.22","8081","10.0.0.2","46884","88","1008129","38"
,"70.564137000","69.314117000","13394","140","192.168.10.22","8081","10.0.0.2","46884","88","1008217","38"
,"70.564182000","69.314162000","13395","140","192.168.10.22","8081","10.0.0.2","46884","88","1008305","38"
,"70.564196000","69.314176000","13396","140","192.168.10.22","8081","10.0.0.2","46884","88","1008393","38"
,"70.564242000","69.314222000","13397","140","192.168.10.22","8081","10.0.0.2","46884","88","1008481","38"
,"70.564256000","69.314236000","13398","140","192.168.10.22","8081","10.0.0.2","46884","88","1008569","38"
,"70.623957000","69.373937000","13399","52","10.0.0.2","46884","192.168.10.22","8081","0","38","1004081"
,"70.624585000","69.374565000","13400","140","192.168.10.22","8081","10.0.0.2","46884","88","1008657","38"
,"70.624597000","69.374577000","13401","140","192.168.10.22","8081","10.0.0.2","46884","88","1008745","38"
,"70.624609000","69.374589000","13402","140","192.168.10.22","8081","10.0.0.2","46884","88","1008833","38"
,"70.624612000","69.374592000","13403","140","192.168.10.22","8081","10.0.0.2","46884","88","1008921","38"
,"70.624683000","69.374663000","13404","140","192.168.10.22","8081","10.0.0.2","46884","88","1009009","38"
,"70.624692000","69.374672000","13405","140","192.168.10.22","8081","10.0.0.2","46884","88","1009097","38"
,"70.624704000","69.374684000","13406","140","192.168.10.22","8081","10.0.0.2","46884","88","1009185","38"
,"70.624707000","69.374687000","13407","140","192.168.10.22","8081","10.0.0.2","46884","88","1009273","38"
,"70.624732000","69.374712000","13408","140","192.168.10.22","8081","10.0.0.2","46884","88","1009361","38"
,"70.624739000","69.374719000","13409","140","192.168.10.22","8081","10.0.0.2","46884","88","1009449","38"
,"70.687342000","69.437322000","13410","52","10.0.0.2","46884","192.168.10.22","8081","0","38","1004873"
,"70.687369000","69.437349000","13411","52","10.0.0.2","46884","192.168.10.22","8081","0","38","1005049"
,"70.688293000","69.438273000","13412","140","192.168.10.22","8081","10.0.0.2","46884","88","1009537","38"
,"70.688334000","69.438314000","13413","140","192.168.10.22","8081","10.0.0.2","46884","88","1009625","38"
,"70.688388000","69.438368000","13414","140","192.168.10.22","8081","10.0.0.2","46884","88","1009713","38"
,"70.688401000","69.438381000","13415","140","192.168.10.22","8081","10.0.0.2","46884","88","1009801","38"
,"70.688448000","69.438428000","13416","140","192.168.10.22","8081","10.0.0.2","46884","88","1009889","38"
,"70.688460000","69.438440000","13417","140","192.168.10.22","8081","10.0.0.2","46884","88","1009977","38"
,"70.688505000","69.438485000","13418","140","192.168.10.22","8081","10.0.0.2","46884","88","1010065","38"
,"70.688517000","69.438497000","13419","140","192.168.10.22","8081","10.0.0.2","46884","88","1010153","38"
,"70.688561000","69.438541000","13420","140","192.168.10.22","8081","10.0.0.2","46884","88","1010241","38"
,"70.688574000","69.438554000","13421","140","192.168.10.22","8081","10.0.0.2","46884","88","1010329","38"
,"70.749854000","69.499834000","13422","52","10.0.0.2","46884","192.168.10.22","8081","0","38","1005929"
,"70.750852000","69.500832000","13423","140","192.168.10.22","8081","10.0.0.2","46884","88","1010417","38"
,"70.750946000","69.500926000","13424","140","192.168.10.22","8081","10.0.0.2","46884","88","1010505","38"
,"70.751016000","69.500996000","13425","140","192.168.10.22","8081","10.0.0.2","46884","88","1010593","38"
,"70.751030000","69.501010000","13426","140","192.168.10.22","8081","10.0.0.2","46884","88","1010681","38"
,"70.751077000","69.501057000","13427","140","192.168.10.22","8081","10.0.0.2","46884","88","1010769","38"
,"70.751092000","69.501072000","13428","140","192.168.10.22","8081","10.0.0.2","46884","88","1010857","38"
,"70.751139000","69.501119000","13429","140","192.168.10.22","8081","10.0.0.2","46884","88","1010945","38"
,"70.751154000","69.501134000","13430","140","192.168.10.22","8081","10.0.0.2","46884","88","1011033","38"
,"70.751199000","69.501179000","13431","140","192.168.10.22","8081","10.0.0.2","46884","88","1011121","38"
,"70.751212000","69.501192000","13432","140","192.168.10.22","8081","10.0.0.2","46884","88","1011209","38"
,"70.812515000","69.562495000","13433","52","10.0.0.2","46884","192.168.10.22","8081","0","38","1006721"
,"70.812540000","70.812540000","13434","56","10.0.0.2","58408","192.168.10.22","8081","4","189","6"
,"70.812556000","70.812556000","13435","100","10.0.0.2","58408","192.168.10.22","8081","48","193","6"
,"70.812571000","70.812571000","13436","100","10.0.0.2","58408","192.168.10.22","8081","48","241","6"
,"70.812585000","70.812585000","13437","100","10.0.0.2","58408","192.168.10.22","8081","48","289","6"
,"70.812599000","70.812599000","13438","100","10.0.0.2","58408","192.168.10.22","8081","48","337","6"
,"70.812615000","70.812615000","13439","100","10.0.0.2","58408","192.168.10.22","8081","48","385","6"
,"70.812630000","70.812630000","13440","100","10.0.0.2","58408","192.168.10.22","8081","48","433","6"
,"70.812645000","69.562625000","13441","52","10.0.0.2","46884","192.168.10.22","8081","0","38","1006897"
,"70.813616000","69.563596000","13442","140","192.168.10.22","8081","10.0.0.2","46884","88","1011297","38"
,"70.813659000","69.563639000","13443","140","192.168.10.22","8081","10.0.0.2","46884","88","1011385","38"
,"70.813725000","69.563705000","13444","140","192.168.10.22","8081","10.0.0.2","46884","88","1011473","38"
,"70.813742000","69.563722000","13445","140","192.168.10.22","8081","10.0.0.2","46884","88","1011561","38"
,"70.813791000","69.563771000","13446","140","192.168.10.22","8081","10.0.0.2","46884","88","1011649","38"
,"70.813803000","69.563783000","13447","140","192.168.10.22","8081","10.0.0.2","46884","88","1011737","38"
,"70.813849000","70.813849000","13448","52","192.168.10.22","8081","10.0.0.2","58408","0","6","481"
,"70.813861000","69.563841000","13449","140","192.168.10.22","8081","10.0.0.2","46884","88","1011825","38"
,"70.813938000","69.563918000","13450","140","192.168.10.22","8081","10.0.0.2","46884","88","1011913","38"
,"70.813954000","69.563934000","13451","140","192.168.10.22","8081","10.0.0.2","46884","88","1012001","38"
,"70.814000000","69.563980000","13452","140","192.168.10.22","8081","10.0.0.2","46884","88","1012089","38"
,"70.814013000","69.563993000","13453","140","192.168.10.22","8081","10.0.0.2","46884","88","1012177","38"
,"70.814046000","69.564026000","13454","140","192.168.10.22","8081","10.0.0.2","46884","88","1012265","38"
,"70.874473000","69.624453000","13455","52","10.0.0.2","46884","192.168.10.22","8081","0","38","1007777"
,"70.875445000","69.625425000","13456","140","192.168.10.22","8081","10.0.0.2","46884","88","1012353","38"
,"70.875486000","69.625466000","13457","140","192.168.10.22","8081","10.0.0.2","46884","88","1012441","38"
,"70.875546000","69.625526000","13458","140","192.168.10.22","8081","10.0.0.2","46884","88","1012529","38"
,"70.875560000","69.625540000","13459","140","192.168.10.22","8081","10.0.0.2","46884","88","1012617","38"
,"70.875616000","69.625596000","13460","140","192.168.10.22","8081","10.0.0.2","46884","88","1012705","38"
,"70.875629000","69.625609000","13461","140","192.168.10.22","8081","10.0.0.2","46884","88","1012793","38"
,"70.875675000","69.625655000","13462","140","192.168.10.22","8081","10.0.0.2","46884","88","1012881","38"
,"70.875686000","69.625666000","13463","140","192.168.10.22","8081","10.0.0.2","46884","88","1012969","38"
,"70.875730000","69.625710000","13464","140","192.168.10.22","8081","10.0.0.2","46884","88","1013057","38"
,"70.875752000","69.625732000","13465","140","192.168.10.22","8081","10.0.0.2","46884","88","1013145","38"
,"70.937601000","69.687581000","13466","52","10.0.0.2","46884","192.168.10.22","8081","0","38","1008745"
,"70.938473000","69.688453000","13467","140","192.168.10.22","8081","10.0.0.2","46884","88","1013233","38"
,"70.938510000","69.688490000","13468","140","192.168.10.22","8081","10.0.0.2","46884","88","1013321","38"
,"70.938562000","69.688542000","13469","140","192.168.10.22","8081","10.0.0.2","46884","88","1013409","38"
,"70.938574000","69.688554000","13470","140","192.168.10.22","8081","10.0.0.2","46884","88","1013497","38"
,"70.938619000","69.688599000","13471","140","192.168.10.22","8081","10.0.0.2","46884","88","1013585","38"
,"70.938630000","69.688610000","13472","140","192.168.10.22","8081","10.0.0.2","46884","88","1013673","38"
,"70.938676000","69.688656000","13473","140","192.168.10.22","8081","10.0.0.2","46884","88","1013761","38"
,"70.938688000","69.688668000","13474","140","192.168.10.22","8081","10.0.0.2","46884","88","1013849","38"
,"70.938733000","69.688713000","13475","140","192.168.10.22","8081","10.0.0.2","46884","88","1013937","38"
,"70.938746000","69.688726000","13476","140","192.168.10.22","8081","10.0.0.2","46884","88","1014025","38"
,"70.999702000","69.749682000","13477","52","10.0.0.2","46884","192.168.10.22","8081","0","38","1009625"
,"71.000646000","69.750626000","13478","140","192.168.10.22","8081","10.0.0.2","46884","88","1014113","38"
,"71.000684000","69.750664000","13479","140","192.168.10.22","8081","10.0.0.2","46884","88","1014201","38"
,"71.000742000","69.750722000","13480","140","192.168.10.22","8081","10.0.0.2","46884","88","1014289","38"
,"71.000756000","69.750736000","13481","140","192.168.10.22","8081","10.0.0.2","46884","88","1014377","38"
,"71.000806000","69.750786000","13482","140","192.168.10.22","8081","10.0.0.2","46884","88","1014465","38"
,"71.000818000","69.750798000","13483","140","192.168.10.22","8081","10.0.0.2","46884","88","1014553","38"
,"71.000866000","69.750846000","13484","140","192.168.10.22","8081","10.0.0.2","46884","88","1014641","38"
,"71.000914000","69.750894000","13485","140","192.168.10.22","8081","10.0.0.2","46884","88","1014729","38"
,"71.000963000","69.750943000","13486","140","192.168.10.22","8081","10.0.0.2","46884","88","1014817","38"
,"71.000977000","69.750957000","13487","140","192.168.10.22","8081","10.0.0.2","46884","88","1014905","38"
,"71.062279000","69.812259000","13488","52","10.0.0.2","46884","192.168.10.22","8081","0","38","1010505"
,"71.063289000","69.813269000","13489","140","192.168.10.22","8081","10.0.0.2","46884","88","1014993","38"
,"71.063331000","69.813311000","13490","140","192.168.10.22","8081","10.0.0.2","46884","88","1015081","38"
,"71.063396000","69.813376000","13491","140","192.168.10.22","8081","10.0.0.2","46884","88","1015169","38"
,"71.063413000","69.813393000","13492","140","192.168.10.22","8081","10.0.0.2","46884","88","1015257","38"
,"71.063466000","69.813446000","13493","140","192.168.10.22","8081","10.0.0.2","46884","88","1015345","38"
,"71.063478000","69.813458000","13494","140","192.168.10.22","8081","10.0.0.2","46884","88","1015433","38"
,"71.063524000","69.813504000","13495","140","192.168.10.22","8081","10.0.0.2","46884","88","1015521","38"
,"71.063536000","69.813516000","13496","140","192.168.10.22","8081","10.0.0.2","46884","88","1015609","38"
,"71.063580000","69.813560000","13497","140","192.168.10.22","8081","10.0.0.2","46884","88","1015697","38"
,"71.063594000","69.813574000","13498","140","192.168.10.22","8081","10.0.0.2","46884","88","1015785","38"
,"71.124599000","69.874579000","13499","52","10.0.0.2","46884","192.168.10.22","8081","0","38","1011473"
,"71.125509000","69.875489000","13500","140","192.168.10.22","8081","10.0.0.2","46884","88","1015873","38"
,"71.125546000","69.875526000","13501","140","192.168.10.22","8081","10.0.0.2","46884","88","1015961","38"
,"71.125601000","69.875581000","13502","140","192.168.10.22","8081","10.0.0.2","46884","88","1016049","38"
,"71.125613000","69.875593000","13503","140","192.168.10.22","8081","10.0.0.2","46884","88","1016137","38"
,"71.125658000","69.875638000","13504","140","192.168.10.22","8081","10.0.0.2","46884","88","1016225","38"
,"71.125670000","69.875650000","13505","140","192.168.10.22","8081","10.0.0.2","46884","88","1016313","38"
,"71.125715000","69.875695000","13506","140","192.168.10.22","8081","10.0.0.2","46884","88","1016401","38"
,"71.125726000","69.875706000","13507","140","192.168.10.22","8081","10.0.0.2","46884","88","1016489","38"
,"71.125770000","69.875750000","13508","140","192.168.10.22","8081","10.0.0.2","46884","88","1016577","38"
,"71.125784000","69.875764000","13509","140","192.168.10.22","8081","10.0.0.2","46884","88","1016665","38"
,"71.125830000","69.875810000","13510","140","192.168.10.22","8081","10.0.0.2","46884","88","1016753","38"
,"71.125843000","69.875823000","13511","140","192.168.10.22","8081","10.0.0.2","46884","88","1016841","38"
,"71.187643000","71.187643000","13512","54","10.0.0.2","58408","192.168.10.22","8081","2","481","6"
,"71.187667000","69.937647000","13513","52","10.0.0.2","46884","192.168.10.22","8081","0","38","1012353"
,"71.188670000","69.938650000","13514","140","192.168.10.22","8081","10.0.0.2","46884","88","1016929","38"
,"71.188712000","69.938692000","13515","140","192.168.10.22","8081","10.0.0.2","46884","88","1017017","38"
,"71.188783000","69.938763000","13516","140","192.168.10.22","8081","10.0.0.2","46884","88","1017105","38"
,"71.188797000","69.938777000","13517","140","192.168.10.22","8081","10.0.0.2","46884","88","1017193","38"
,"71.188846000","69.938826000","13518","140","192.168.10.22","8081","10.0.0.2","46884","88","1017281","38"
,"71.188858000","69.938838000","13519","140","192.168.10.22","8081","10.0.0.2","46884","88","1017369","38"
,"71.188950000","69.938930000","13520","140","192.168.10.22","8081","10.0.0.2","46884","88","1017457","38"
,"71.188968000","69.938948000","13521","140","192.168.10.22","8081","10.0.0.2","46884","88","1017545","38"
,"71.189013000","69.938993000","13522","140","192.168.10.22","8081","10.0.0.2","46884","88","1017633","38"
,"71.189027000","69.939007000","13523","140","192.168.10.22","8081","10.0.0.2","46884","88","1017721","38"
,"71.189074000","71.189074000","13524","56","192.168.10.22","8081","10.0.0.2","58408","4","6","483"
,"71.189090000","71.189090000","13525","296","192.168.10.22","8081","10.0.0.2","58408","244","10","483"
,"71.189137000","71.189137000","13526","138","192.168.10.22","8081","10.0.0.2","58408","86","254","483"
,"71.189149000","71.189149000","13527","53","192.168.10.22","8081","10.0.0.2","58408","1","340","483"
,"71.249462000","69.999442000","13528","52","10.0.0.2","46884","192.168.10.22","8081","0","38","1013233"
,"71.250481000","70.000461000","13529","140","192.168.10.22","8081","10.0.0.2","46884","88","1017809","38"
,"71.250522000","70.000502000","13530","140","192.168.10.22","8081","10.0.0.2","46884","88","1017897","38"
,"71.250584000","70.000564000","13531","140","192.168.10.22","8081","10.0.0.2","46884","88","1017985","38"
,"71.250600000","70.000580000","13532","140","192.168.10.22","8081","10.0.0.2","46884","88","1018073","38"
,"71.250655000","70.000635000","13533","140","192.168.10.22","8081","10.0.0.2","46884","88","1018161","38"
,"71.250668000","70.000648000","13534","140","192.168.10.22","8081","10.0.0.2","46884","88","1018249","38"
,"71.250713000","70.000693000","13535","140","192.168.10.22","8081","10.0.0.2","46884","88","1018337","38"
,"71.250725000","70.000705000","13536","140","192.168.10.22","8081","10.0.0.2","46884","88","1018425","38"
,"71.250769000","70.000749000","13537","140","192.168.10.22","8081","10.0.0.2","46884","88","1018513","38"
,"71.250783000","70.000763000","13538","140","192.168.10.22","8081","10.0.0.2","46884","88","1018601","38"
,"71.312503000","70.062483000","13539","52","10.0.0.2","46884","192.168.10.22","8081","0","38","1014201"
,"71.313499000","70.063479000","13540","140","192.168.10.22","8081","10.0.0.2","46884","88","1018689","38"
,"71.313544000","70.063524000","13541","140","192.168.10.22","8081","10.0.0.2","46884","88","1018777","38"
,"71.313610000","70.063590000","13542","140","192.168.10.22","8081","10.0.0.2","46884","88","1018865","38"
,"71.313625000","70.063605000","13543","140","192.168.10.22","8081","10.0.0.2","46884","88","1018953","38"
,"71.313675000","70.063655000","13544","140","192.168.10.22","8081","10.0.0.2","46884","88","1019041","38"
,"71.313688000","70.063668000","13545","140","192.168.10.22","8081","10.0.0.2","46884","88","1019129","38"
,"71.313732000","70.063712000","13546","140","192.168.10.22","8081","10.0.0.2","46884","88","1019217","38"
,"71.313744000","70.063724000","13547","140","192.168.10.22","8081","10.0.0.2","46884","88","1019305","38"
,"71.313789000","70.063769000","13548","140","192.168.10.22","8081","10.0.0.2","46884","88","1019393","38"
,"71.313802000","70.063782000","13549","140","192.168.10.22","8081","10.0.0.2","46884","88","1019481","38"
,"71.374684000","70.124664000","13550","52","10.0.0.2","46884","192.168.10.22","8081","0","38","1015081"
,"71.375665000","70.125645000","13551","140","192.168.10.22","8081","10.0.0.2","46884","88","1019569","38"
,"71.375707000","70.125687000","13552","140","192.168.10.22","8081","10.0.0.2","46884","88","1019657","38"
,"71.375770000","70.125750000","13553","140","192.168.10.22","8081","10.0.0.2","46884","88","1019745","38"
,"71.375787000","70.125767000","13554","140","192.168.10.22","8081","10.0.0.2","46884","88","1019833","38"
,"71.375842000","70.125822000","13555","140","192.168.10.22","8081","10.0.0.2","46884","88","1019921","38"
,"71.375854000","70.125834000","13556","140","192.168.10.22","8081","10.0.0.2","46884","88","1020009","38"
,"71.375930000","70.125910000","13557","140","192.168.10.22","8081","10.0.0.2","46884","88","1020097","38"
,"71.375944000","70.125924000","13558","140","192.168.10.22","8081","10.0.0.2","46884","88","1020185","38"
,"71.375988000","70.125968000","13559","140","192.168.10.22","8081","10.0.0.2","46884","88","1020273","38"
,"71.376009000","70.125989000","13560","140","192.168.10.22","8081","10.0.0.2","46884","88","1020361","38"
,"71.437127000","70.187107000","13561","52","10.0.0.2","46884","192.168.10.22","8081","0","38","1016049"
,"71.437750000","70.187730000","13562","140","192.168.10.22","8081","10.0.0.2","46884","88","1020449","38"
,"71.437788000","70.187768000","13563","140","192.168.10.22","8081","10.0.0.2","46884","88","1020537","38"
,"71.437840000","70.187820000","13564","140","192.168.10.22","8081","10.0.0.2","46884","88","1020625","38"
,"71.437852000","70.187832000","13565","140","192.168.10.22","8081","10.0.0.2","46884","88","1020713","38"
,"71.437925000","70.187905000","13566","140","192.168.10.22","8081","10.0.0.2","46884","88","1020801","38"
,"71.437939000","70.187919000","13567","140","192.168.10.22","8081","10.0.0.2","46884","88","1020889","38"
,"71.437984000","70.187964000","13568","140","192.168.10.22","8081","10.0.0.2","46884","88","1020977","38"
,"71.437997000","70.187977000","13569","140","192.168.10.22","8081","10.0.0.2","46884","88","1021065","38"
,"71.438042000","70.188022000","13570","140","192.168.10.22","8081","10.0.0.2","46884","88","1021153","38"
,"71.438055000","70.188035000","13571","140","192.168.10.22","8081","10.0.0.2","46884","88","1021241","38"
,"71.438100000","70.188080000","13572","140","192.168.10.22","8081","10.0.0.2","46884","88","1021329","38"
,"71.438113000","70.188093000","13573","140","192.168.10.22","8081","10.0.0.2","46884","88","1021417","38"
,"71.499622000","70.249602000","13574","52","10.0.0.2","46884","192.168.10.22","8081","0","38","1016929"
,"71.500482000","70.250462000","13575","140","192.168.10.22","8081","10.0.0.2","46884","88","1021505","38"
,"71.500507000","70.250487000","13576","140","192.168.10.22","8081","10.0.0.2","46884","88","1021593","38"
,"71.500542000","70.250522000","13577","140","192.168.10.22","8081","10.0.0.2","46884","88","1021681","38"
,"71.500550000","70.250530000","13578","140","192.168.10.22","8081","10.0.0.2","46884","88","1021769","38"
,"71.500576000","70.250556000","13579","140","192.168.10.22","8081","10.0.0.2","46884","88","1021857","38"
,"71.500582000","70.250562000","13580","140","192.168.10.22","8081","10.0.0.2","46884","88","1021945","38"
,"71.500606000","70.250586000","13581","140","192.168.10.22","8081","10.0.0.2","46884","88","1022033","38"
,"71.500612000","70.250592000","13582","140","192.168.10.22","8081","10.0.0.2","46884","88","1022121","38"
,"71.500636000","70.250616000","13583","140","192.168.10.22","8081","10.0.0.2","46884","88","1022209","38"
,"71.500642000","70.250622000","13584","140","192.168.10.22","8081","10.0.0.2","46884","88","1022297","38"
,"71.562392000","71.562392000","13585","52","10.0.0.2","58408","192.168.10.22","8081","0","483","10"
,"71.562409000","70.312389000","13586","52","10.0.0.2","46884","192.168.10.22","8081","0","38","1017809"
,"71.563260000","70.313240000","13587","140","192.168.10.22","8081","10.0.0.2","46884","88","1022385","38"
,"71.563301000","70.313281000","13588","140","192.168.10.22","8081","10.0.0.2","46884","88","1022473","38"
,"71.563353000","70.313333000","13589","140","192.168.10.22","8081","10.0.0.2","46884","88","1022561","38"
,"71.563365000","70.313345000","13590","140","192.168.10.22","8081","10.0.0.2","46884","88","1022649","38"
,"71.563410000","70.313390000","13591","140","192.168.10.22","8081","10.0.0.2","46884","88","1022737","38"
,"71.563421000","70.313401000","13592","140","192.168.10.22","8081","10.0.0.2","46884","88","1022825","38"
,"71.563467000","70.313447000","13593","140","192.168.10.22","8081","10.0.0.2","46884","88","1022913","38"
,"71.563479000","70.313459000","13594","140","192.168.10.22","8081","10.0.0.2","46884","88","1023001","38"
,"71.563523000","70.313503000","13595","140","192.168.10.22","8081","10.0.0.2","46884","88","1023089","38"
,"71.563536000","70.313516000","13596","140","192.168.10.22","8081","10.0.0.2","46884","88","1023177","38"
,"71.624727000","71.624727000","13597","52","10.0.0.2","58408","192.168.10.22","8081","0","483","254"
,"71.624735000","71.624735000","13598","52","10.0.0.2","58408","192.168.10.22","8081","0","483","340"
,"71.624738000","71.624738000","13599","52","10.0.0.2","58408","192.168.10.22","8081","0","483","341"
,"71.624741000","70.374721000","13600","52","10.0.0.2","46884","192.168.10.22","8081","0","38","1018425"
,"71.624744000","71.624744000","13601","53","10.0.0.2","58408","192.168.10.22","8081","1","483","341"
,"71.624747000","71.624747000","13602","52","10.0.0.2","58408","192.168.10.22","8081","0","484","341"
,"71.625771000","71.625771000","13603","52","192.168.10.22","8081","10.0.0.2","58408","0","341","485"
,"71.687851000","70.437831000","13604","40","10.0.0.2","46884","192.168.10.22","8081","0","38","0"
,"71.687897000","70.437877000","13605","40","10.0.0.2","46884","192.168.10.22","8081","0","38","0"
,"71.687952000","70.437932000","13606","40","10.0.0.2","46884","192.168.10.22","8081","0","38","0"
,"71.687971000","70.437951000","13607","40","10.0.0.2","46884","192.168.10.22","8081","0","38","0"
,"71.687988000","70.437968000","13608","40","10.0.0.2","46884","192.168.10.22","8081","0","38","0"
,"71.688004000","70.437984000","13609","40","10.0.0.2","46884","192.168.10.22","8081","0","38","0"
,"71.688019000","70.437999000","13610","40","10.0.0.2","46884","192.168.10.22","8081","0","38","0"
,"71.688034000","70.438014000","13611","40","10.0.0.2","46884","192.168.10.22","8081","0","38","0"
,"71.688048000","70.438028000","13612","40","10.0.0.2","46884","192.168.10.22","8081","0","38","0"
,"71.688062000","70.438042000","13613","40","10.0.0.2","46884","192.168.10.22","8081","0","38","0"
,"71.688075000","70.438055000","13614","40","10.0.0.2","46884","192.168.10.22","8081","0","38","0"
,"71.749362000","70.499342000","13615","40","10.0.0.2","46884","192.168.10.22","8081","0","38","0"
,"71.749388000","70.499368000","13616","40","10.0.0.2","46884","192.168.10.22","8081","0","38","0"
,"71.749403000","70.499383000","13617","40","10.0.0.2","46884","192.168.10.22","8081","0","38","0"
,"71.749419000","70.499399000","13618","40","10.0.0.2","46884","192.168.10.22","8081","0","38","0"
,"71.749433000","70.499413000","13619","40","10.0.0.2","46884","192.168.10.22","8081","0","38","0"
,"71.749449000","70.499429000","13620","40","10.0.0.2","46884","192.168.10.22","8081","0","38","0"
,"71.749463000","70.499443000","13621","40","10.0.0.2","46884","192.168.10.22","8081","0","38","0"
,"71.749478000","70.499458000","13622","40","10.0.0.2","46884","192.168.10.22","8081","0","38","0"
,"71.749496000","70.499476000","13623","40","10.0.0.2","46884","192.168.10.22","8081","0","38","0"
,"71.749512000","70.499492000","13624","40","10.0.0.2","46884","192.168.10.22","8081","0","38","0"
,"71.812556000","70.562536000","13625","40","10.0.0.2","46884","192.168.10.22","8081","0","38","0"
,"71.812584000","70.562564000","13626","40","10.0.0.2","46884","192.168.10.22","8081","0","38","0"
,"71.812600000","70.562580000","13627","40","10.0.0.2","46884","192.168.10.22","8081","0","38","0"
,"71.812616000","70.562596000","13628","40","10.0.0.2","46884","192.168.10.22","8081","0","38","0"
,"71.812632000","70.562612000","13629","40","10.0.0.2","46884","192.168.10.22","8081","0","38","0"
,"71.812649000","70.562629000","13630","40","10.0.0.2","46884","192.168.10.22","8081","0","38","0"
,"71.812663000","70.562643000","13631","40","10.0.0.2","46884","192.168.10.22","8081","0","38","0"
,"71.812677000","70.562657000","13632","40","10.0.0.2","46884","192.168.10.22","8081","0","38","0"
,"71.812691000","70.562671000","13633","40","10.0.0.2","46884","192.168.10.22","8081","0","38","0"
,"71.812704000","70.562684000","13634","40","10.0.0.2","46884","192.168.10.22","8081","0","38","0"
,"71.812717000","70.562697000","13635","40","10.0.0.2","46884","192.168.10.22","8081","0","38","0"
,"71.874634000","70.624614000","13636","40","10.0.0.2","46884","192.168.10.22","8081","0","38","0"
,"71.874643000","70.624623000","13637","40","10.0.0.2","46884","192.168.10.22","8081","0","38","0"
,"71.874646000","70.624626000","13638","40","10.0.0.2","46884","192.168.10.22","8081","0","38","0"
,"71.874650000","70.624630000","13639","40","10.0.0.2","46884","192.168.10.22","8081","0","38","0"
,"71.874654000","70.624634000","13640","40","10.0.0.2","46884","192.168.10.22","8081","0","38","0"
,"71.874658000","70.624638000","13641","40","10.0.0.2","46884","192.168.10.22","8081","0","38","0"
,"71.874661000","70.624641000","13642","40","10.0.0.2","46884","192.168.10.22","8081","0","38","0"
,"71.874665000","70.624645000","13643","40","10.0.0.2","46884","192.168.10.22","8081","0","38","0"
,"71.874669000","70.624649000","13644","40","10.0.0.2","46884","192.168.10.22","8081","0","38","0"
,"71.874673000","70.624653000","13645","40","10.0.0.2","46884","192.168.10.22","8081","0","38","0"
,"71.937641000","70.687621000","13646","40","10.0.0.2","46884","192.168.10.22","8081","0","38","0"
,"71.937650000","70.687630000","13647","40","10.0.0.2","46884","192.168.10.22","8081","0","38","0"
,"71.937654000","70.687634000","13648","40","10.0.0.2","46884","192.168.10.22","8081","0","38","0"
,"71.937657000","70.687637000","13649","40","10.0.0.2","46884","192.168.10.22","8081","0","38","0"
,"71.937661000","70.687641000","13650","40","10.0.0.2","46884","192.168.10.22","8081","0","38","0"
,"71.937664000","70.687644000","13651","40","10.0.0.2","46884","192.168.10.22","8081","0","38","0"
,"71.937668000","70.687648000","13652","40","10.0.0.2","46884","192.168.10.22","8081","0","38","0"
,"71.937672000","70.687652000","13653","40","10.0.0.2","46884","192.168.10.22","8081","0","38","0"
,"71.937676000","70.687656000","13654","40","10.0.0.2","46884","192.168.10.22","8081","0","38","0"
,"71.937679000","70.687659000","13655","40","10.0.0.2","46884","192.168.10.22","8081","0","38","0"
,"71.999058000","70.749038000","13656","40","10.0.0.2","46884","192.168.10.22","8081","0","38","0"
,"71.999082000","70.749062000","13657","40","10.0.0.2","46884","192.168.10.22","8081","0","38","0"
,"71.999096000","70.749076000","13658","40","10.0.0.2","46884","192.168.10.22","8081","0","38","0"
,"71.999113000","71.999113000","13659","52","10.0.0.2","58408","192.168.10.22","8081","0","485","342"
